Energy_(eV)	Live_Counts
9550.0	11.604023990000002
9550.25	10.86499028
9550.5	12.346288819999998
9550.75	12.344033320000001
9551.0	12.34470405
9551.25	9.6285325
9551.5	14.32171942
9551.75	12.839506160000001
9552.0	12.840665119999999
9552.25	13.580369229999999
9552.5	13.332297149999999
9552.75	12.83950616
9553.0	14.07291599
9553.25	15.309861589999999
9553.5	11.85099853
9553.75	11.85282755
9554.0	13.331870499999999
9554.25	15.801372
9554.5	16.04816368
9554.75	13.827160489999999
9555.0	12.83950616
9555.25	17.5337314
9555.5	12.83773858
9555.75	18.02585
9556.0	17.283950609999998
9556.25	15.55506839
9556.5	20.24691358
9556.75	21.48318897
9557.0	14.566865049999999
9557.25	16.29629629
9557.5	19.50757541
9557.75	16.79018534
9558.0	18.76561561
9558.25	22.22021084
9558.5	16.05048037
9558.75	20.74342391
9559.0	20.74189939
9559.25	21.2345679
9559.5	23.20914565
9559.75	28.15034349
9560.0	25.677122869999998
9560.25	30.62149167
9560.5	28.39506174
9560.75	30.86060141
9561.0	31.85398621
9561.25	33.578845799999996
9561.5	34.072001740000005
9561.75	33.83002663
9562.0	33.82252935
9562.25	40.98527724
9562.5	41.23706807
9562.75	45.1851852
9563.0	44.691358
9563.25	52.102119370000004
9563.5	56.5397357
9563.75	56.2892278
9564.0	60.7369008
9564.25	61.7325418
9564.5	70.3751899
9564.75	69.1356217
9565.0	78.26587549999999
9565.25	81.4759958
9565.5	85.9207452
9565.75	92.10962269999999
9566.0	79.7586967
9566.25	89.1343478
9566.5	99.0125927
9566.75	96.5365053
9567.0	107.66688309999999
9567.25	119.5064203
9567.5	113.08733790000001
9567.75	130.6327771
9568.0	150.8545673
9568.25	149.14549850000003
9568.5	176.0713969
9568.75	193.0988599
9569.0	200.25837810000002
9569.25	223.7179734
9569.5	250.8788942
9569.75	279.29261610000003
9570.0	304.74831470000004
9570.25	324.2770799
9570.5	370.8608562
9570.75	401.5546107
9571.0	426.225954
9571.25	443.484292
9571.5	444.497986
9571.75	453.82716
9572.0	462.470187
9572.25	500.493827
9572.5	504.476094
9572.75	545.254278
9573.0	542.2254089999999
9573.25	572.87896
9573.5	591.8469929999999
9573.75	607.2347080000001
9574.0	603.209876
9574.25	586.419221
9574.5	561.4836929999999
9574.75	576.087209
9575.0	510.896397
9575.25	461.483872
9575.5	419.286409
9575.75	370.14797130000005
9576.0	348.10438509999994
9576.25	335.0617284
9576.5	289.38394429999994
9576.75	266.1568703
9577.0	252.5925926
9577.25	232.3313015
9577.5	212.1249874
9577.75	212.0578739
9578.0	187.6653586
9578.25	179.25925930000002
9578.5	172.3680592
9578.75	169.6296346
9579.0	166.9135802
9579.25	141.9839681
9579.5	138.7654321
9579.75	126.16474069999998
9580.0	118.759036
9580.25	113.5597775
9580.5	100.487732
9580.75	77.53227319999999
9581.0	89.63036399999999
9581.25	80.2518531
9581.5	73.5720795
9581.75	72.6058255
9582.0	69.1358026
9582.25	65.9169074
9582.5	60.9874753
9582.75	50.620272
9583.0	60.4983399
9583.25	49.8827023
9583.5	44.69135804
9583.75	41.72839511
9584.0	40.98509573
9584.25	41.723762789999995
9584.5	37.52885286
9584.75	37.78009506
9585.0	36.54510029
9585.25	30.3703103
9585.5	26.41981492
9585.75	30.61886947
9586.0	29.876848900000002
9586.25	29.62774015
9586.5	22.469135809999997
9586.75	25.67761047
9587.0	24.446519409999997
9587.25	22.467855829999998
9587.5	21.72674937
9587.75	20.49492547
9588.0	18.51888585
9588.25	20.49242528
9588.5	19.01393119
9588.75	15.06172838
9589.0	19.01143141
9589.25	17.530864180000002
9589.5	16.29629629
9589.75	15.55549554
9590.0	16.0493827
9590.25	17.03703703
9590.5	13.33382117
9590.75	14.32098764
9591.0	14.32098764
9591.25	13.578540270000001
9591.5	14.56790122
9591.75	12.34372904
9592.0	12.593385340000001
9592.25	11.604938259999999
9592.5	11.84929253
9592.75	8.88913302
9593.0	13.827892259999999
9593.25	9.87642145
9593.5	11.1111111
9593.75	11.35802495
9594.0	9.38308193
9594.25	12.09961916
9594.5	9.8767874
9594.75	5.677915492
9595.0	8.6419753
9595.25	11.60573136
9595.5	10.123152020000001
9595.75	10.86358801
9596.0	9.13458344
9596.25	10.12266442
9596.5	10.61728394
9596.75	8.14851418
9597.0	7.16012811
9597.25	5.924645951
9597.5	9.13696111
9597.75	6.91339757
9598.0	8.14869697
9598.25	6.172535140000001
9598.5	6.1728395
9598.75	7.40801722
9599.0	6.41975308
9599.25	6.91358024
9599.5	7.65358972
9599.75	7.40728571
9600.0	6.172839502
9600.25	7.6559065
9600.5	8.147538631
9600.75	7.901539746
9601.0	6.91425104
9601.25	6.17210827
9601.5	5.679744116
9601.75	4.938027796
9602.0	4.690504699
9602.25	10.12345699
9602.5	7.16006716
9602.75	5.18518518
9603.0	5.678585682
9603.25	6.9136413999999995
9603.5	6.914007325
9603.75	9.8765432
9604.0	6.913580241
9604.25	5.925682271
9604.5	4.691784891000001
9604.75	6.172656648
9605.0	3.456607325
9605.25	5.186160881999999
9605.5	6.173083546
9605.75	5.1850023279999995
9606.0	4.444871407
9606.25	3.950434429
9606.5	5.1851851810000005
9606.75	4.937601137
9607.0	5.432098761000001
9607.25	5.4318549560000005
9607.5	3.4567903289999995
9607.75	5.679378230999999
9608.0	5.18488042
9608.25	4.9369917789999995
9608.5	4.198140676
9608.75	4.1975308600000005
9609.0	5.679012606999999
9609.25	4.938454546
9609.5	3.703459897
9609.75	3.950129669
9610.0	3.7035817989999997
9610.25	5.432464651
9610.5	5.679317425000001
9610.75	2.222344184
9611.0	4.444078887
9611.25	5.186039131
9611.5	4.938088748
9611.75	3.950434428
9612.0	6.42005799
9612.25	3.9509221909999996
9612.5	6.1728395009999995
9612.75	3.456424502
9613.0	4.19801871
9613.25	6.419326420999999
9613.5	2.4691358
9613.75	2.962902012
9614.0	5.18506346
9614.25	7.654991781
9614.5	6.914007111
9614.75	5.432769618
9615.0	3.703764775
9615.25	7.65450435
9615.5	2.963267931
9615.75	4.445359164
9616.0	5.184880547
9616.25	2.962719157
9616.5	4.691784892
9616.75	4.444078734
9617.0	6.173205391
9617.25	3.704008668
9617.5	5.925255457
9617.75	3.703703702
9618.0	4.444079038
9618.25	3.2098765429999996
9618.5	1.975552566
9618.75	3.950617282
9619.0	4.197713869
9619.25	5.432038047000001
9619.5	2.9628410590000005
9619.75	4.691175256
9620.0	3.2094499130000003
9620.25	3.4563634629999997
9620.5	4.692273018
9620.75	4.69129722
9621.0	4.691358022
9621.25	6.172473791
9621.5	4.196677537999999
9621.75	2.469135801
9622.0	2.469257765
9622.25	3.2101814500000003
9622.5	4.692150782000001
9622.75	3.950495378
9623.0	4.444322539
9623.25	3.9506172819999996
9623.5	4.444627385
9623.75	4.197348009
9624.0	3.704008612
9624.25	3.950434547
9624.5	3.209815773
9624.75	3.703825665
9625.0	3.951166115
9625.25	2.962962961
9625.5	3.950007921
9625.75	4.937662088
9626.0	4.197226102
9626.25	3.9506172829999997
9626.5	3.209876544
9626.75	4.937662087
9627.0	4.444627415
9627.25	5.679500312
9627.5	3.950739428
9627.75	4.937966841
9628.0	3.703581799
9628.25	5.678280926
9628.5	3.950617282
9628.75	3.7029113329999994
9629.0	4.444200637
9629.25	3.209876541
9629.5	4.939064362
9629.75	4.938149698
9630.0	4.669103697
9630.25	4.044898319
9630.5	3.994905245
9630.75	4.469417597
9631.0	3.8701174189999996
9631.25	4.793974454000001
9631.5	3.595462604
9631.75	4.169724802000001
9632.0	3.994951379
9632.25	3.795211048
9632.5	3.9699838420000004
9632.75	4.244610591000001
9633.0	4.194736596
9633.25	4.169780905
9633.5	3.944991981
9633.75	3.7702173180000003
9634.0	4.144694287
9634.25	4.519297824
9634.5	4.0449182630000005
9634.75	4.4194064520000005
9635.0	4.16971982
9635.25	4.644171699999999
9635.5	4.044867757
9635.75	3.894990195
9636.0	3.920049382
9636.25	3.7951942130000003
9636.5	3.7203202650000002
9636.75	4.1697135770000004
9637.0	3.7702765460000003
9637.25	4.244638652999999
9637.5	4.044921376
9637.75	4.4443958199999996
9638.0	4.194724143
9638.25	4.169734155
9638.5	4.244669818999999
9638.75	3.795112541
9639.0	3.969940823
9639.25	4.244647379
9639.5	4.569174304000001
9639.75	4.219675463
9640.0	4.319450255
9640.25	4.344500718
9640.5	4.219701033
9640.75	4.194729744
9641.0	4.519325874
9641.25	4.294570617
9641.5	3.770271554
9641.75	4.16976034
9642.0	4.74398014
9642.25	4.319570581000001
9642.5	4.1947309950000005
9642.75	3.695271671
9643.0	4.169707342
9643.25	4.669137989999999
9643.5	4.094806590999999
9643.75	4.469355254000001
9644.0	3.745209257
9644.25	4.419506201000001
9644.5	4.344484499
9644.75	4.119795327
9645.0	4.469333444
9645.25	4.31949265
9645.5	4.41936531
9645.75	4.044894573
9646.0	4.494302224
9646.25	4.81891705
9646.5	4.66910743
9646.75	4.71901197
9647.0	4.569201103999999
9647.25	5.218346619999999
9647.5	4.893781652
9647.75	4.494327163
9648.0	4.619160506
9648.25	4.943856380000001
9648.5	4.94380027
9648.75	4.868829696
9649.0	4.91879533
9649.25	5.26828668
9649.5	5.118501999999999
9649.75	5.093541311999999
9650.0	4.46938456
9650.25	4.7938877909999995
9650.5	5.19341335
9650.75	5.19342021
9651.0	4.8189158
9651.25	4.693986450000001
9651.5	5.46802827
9651.75	5.492923490000001
9652.0	5.96746388
9652.25	6.1421731
9652.5	6.39192645
9652.75	5.81765304
9653.0	6.06737459
9653.25	6.69155315
9653.5	6.092232409999999
9653.75	6.0173565799999995
9654.0	6.81635221
9654.25	5.9425412500000006
9654.5	6.26708748
9654.75	6.267118040000001
9655.0	6.44187026
9655.25	7.9899638600000005
9655.5	7.1659028099999995
9655.75	6.96616745
9656.0	8.13972173
9656.25	9.512814989999999
9656.5	9.013615
9656.75	10.41185161
9657.0	11.83527334
9657.25	12.40941458
9657.5	13.05850957
9657.75	13.40824219
9658.0	14.132334579999998
9658.25	14.007322929999999
9658.5	12.75865282
9658.75	12.50929534
9659.0	12.70894403
9659.25	11.01102461
9659.5	10.78645015
9659.75	8.9139169
9660.0	8.0896869
9660.25	8.414271799999998
9660.5	7.06612676
9660.75	6.99118175
9661.0	5.94245208
9661.25	5.9674352100000005
9661.5	5.543001330000001
9661.75	5.11854377
9662.0	5.49306376
9662.25	4.294552539
9662.5	4.943696790000001
9662.75	4.519293462
9663.0	4.31948704
9663.25	4.594161173
9663.5	4.49432592
9663.75	4.3944127360000005
9664.0	4.169683651
9664.25	4.89378852
9664.5	4.469324718
9664.75	4.74401256
9665.0	4.4444157749999995
9665.25	4.394400886
9665.5	3.6952885089999996
9665.75	4.5442965300000004
9666.0	4.219664249
9666.25	4.444307918000001
9666.5	4.743943357
9666.75	4.1447740920000005
9667.0	3.77020672
9667.25	4.0449338489999995
9667.5	4.59416927
9667.75	4.169770921
9668.0	3.9699882000000004
9668.25	3.7453015259999995
9668.5	3.99498754
9668.75	3.7203215079999996
9669.0	3.7702160659999997
9669.25	3.7951742559999997
9669.5	3.570464509
9669.75	4.06986273
9670.0	3.820149907
9670.25	3.7203227580000005
9670.5	3.5205793030000003
9670.75	3.870116168
9671.0	3.170995058
9671.25	3.395736599
9671.5	4.49421245
9671.75	3.895074975
9672.0	3.2958003529999997
9672.25	4.044894571
9672.5	3.9449919810000003
9672.75	3.345777828
9673.0	3.645376486
9673.25	4.0448409540000005
9673.5	3.8451193230000005
9673.75	3.9200219460000003
9674.0	3.8450975059999997
9674.25	3.895033827
9674.5	3.370765316
9674.75	3.795190472
9675.0	3.046176674
9675.25	3.5455499550000003
9675.5	4.06983718
9675.75	3.670320341
9676.0	3.7202809869999998
9676.25	3.57047324
9676.5	4.19470357
9676.75	3.695357083
9677.0	3.570452047
9677.25	3.345797156
9677.5	3.445606851
9677.75	3.770206717
9678.0	3.570496307
9678.25	3.520532544
9678.5	3.620409571
9678.75	3.969991948
9679.0	3.170978226
9679.25	3.595536165
9679.5	3.645352178
9679.75	3.12106122
9680.0	3.02119978
9680.25	3.170994435
9680.5	3.520577432
9680.75	3.620381517
9681.0	2.9712322780000004
9681.25	2.421908946
9681.5	3.270873955
9681.75	2.921298441
9682.0	3.096086198
9682.25	3.320809042
9682.5	2.9962147810000004
9682.75	2.871372083
9683.0	2.7715212410000003
9683.25	3.121076184
9683.5	3.3956985779999997
9683.75	3.470662296
9684.0	2.6466299159999997
9684.25	3.071123019
9684.5	2.596706053
9684.75	3.220961315
9685.0	2.996235978
9685.25	3.145969539
9685.5	3.0212035200000003
9685.75	3.046146126
9686.0	2.921295947
9686.25	2.9961798699999997
9686.5	2.871394526
9686.75	3.071129255
9687.0	2.8463503049999996
9687.25	3.021184818
9687.5	2.7964532479999997
9687.75	3.420660506
9688.0	2.721546258
9688.25	2.671623019
9688.5	2.7465667899999997
9688.75	2.77146638
9689.0	2.996219768
9689.25	3.195955744
9689.5	2.771515632
9689.75	2.721579923
9690.0	2.6715762630000004
9690.25	2.646643631
9690.5	2.7215456340000004
9690.75	2.6965431819999996
9691.0	2.5218327269999996
9691.25	3.2958583299999997
9691.5	3.1959844200000003
9691.75	2.871338419
9692.0	2.9212934529999997
9692.25	2.696611756
9692.5	2.946259125
9692.75	2.8713758240000002
9693.0	2.9213489389999996
9693.25	2.6466617130000003
9693.5	2.796473201
9693.75	2.3970212020000004
9694.0	2.7215312970000003
9694.25	2.546769099
9694.5	2.3969894060000003
9694.75	2.496832768
9695.0	2.921351432
9695.25	2.796468833
9695.5	2.796471328
9695.75	2.8963072089999997
9696.0	2.746491358
9696.25	2.471862109
9696.5	2.4968789
9696.75	2.546786554
9697.0	2.771483836
9697.25	2.072421333
9697.5	2.222181076
9697.75	2.771502539
9698.0	2.846410777
9698.25	2.8713540050000006
9698.5	3.270829692
9698.75	2.5717042230000002
9699.0	2.571721056
9699.25	2.7465187879999995
9699.5	2.696579962
9699.75	2.771463889
9700.0	2.471910111
