Energy_(eV)	Live_Counts
9550.0	33.57732275
9550.25	32.09626644
9550.5	29.87806774
9550.75	34.817741930000004
9551.0	29.8765432
9551.25	35.06471649
9551.5	29.627679199999996
9551.75	28.64197582
9552.0	32.83993368
9552.25	33.825758619999995
9552.5	32.59558068
9552.75	31.852462100000004
9553.0	39.25925927
9553.25	38.51851854
9553.5	39.26151559
9553.75	36.544430320000004
9554.0	34.319646739999996
9554.25	40.73927862
9554.5	42.95900114
9554.75	40.24276993
9555.0	40.738851260000004
9555.25	47.40661643
9555.5	39.0142368
9555.75	40.987716160000005
9556.0	42.71751295
9556.25	49.13738799
9556.5	46.16540346
9556.75	41.483432900000004
9557.0	48.14814817
9557.25	49.629691619999996
9557.5	52.092000899999995
9557.75	51.358089
9558.0	56.790123460000004
9558.25	62.22185879999999
9558.5	60.989910699999996
9558.75	58.02749749
9559.0	67.16049392
9559.25	64.94089375
9559.5	69.62688692
9559.75	71.11062471
9560.0	78.26867930000002
9560.25	78.51492250000001
9560.5	81.9789676
9560.75	81.4887994
9561.0	81.2418871
9561.25	94.3294051
9561.5	105.1767129
9561.75	105.93037760000001
9562.0	120.50340120000001
9562.25	113.34065279999999
9562.5	120.9876543
9562.75	138.28234070000002
9563.0	135.0617284
9563.25	142.2340554
9563.5	150.3824447
9563.75	165.9259258
9564.0	175.5712277
9564.25	187.91708979999999
9564.5	193.580247
9564.75	208.88919800000002
9565.0	216.52316600000003
9565.25	225.4222247
9565.5	237.52172620000002
9565.75	248.6218004
9566.0	276.7998922
9566.25	283.2092117
9566.5	286.6778872
9566.75	289.3582746
9567.0	319.7680942
9567.25	329.1104712
9567.5	367.68621429999996
9567.75	390.6330254
9568.0	418.3222805
9568.25	448.16717429999994
9568.5	488.4142708
9568.75	561.059917
9569.0	594.4188626
9569.25	678.716322
9569.5	738.334294
9569.75	831.4273000000001
9570.0	916.090928
9570.25	1015.3928579999999
9570.5	1061.9753529999998
9570.75	1168.537536
9571.0	1227.907908
9571.25	1303.9207979999999
9571.5	1347.819398
9571.75	1379.375734
9572.0	1444.985897
9572.25	1457.7736009999999
9572.5	1519.205751
9572.75	1590.9937819999998
9573.0	1641.0171429999996
9573.25	1749.498983
9573.5	1754.7611900000002
9573.75	1845.731518
9574.0	1858.577853
9574.25	1738.2122450000002
9574.5	1705.8509549999999
9574.75	1616.634621
9575.0	1540.307897
9575.25	1386.540341
9575.5	1268.2677579999997
9575.75	1166.0737450000001
9576.0	1044.3986089999999
9576.25	929.6292829999999
9576.5	863.0344680000001
9576.75	804.821126
9577.0	762.749848
9577.25	666.9662688999999
9577.5	653.582943
9577.75	603.7025693
9578.0	590.9136536999999
9578.25	550.9096286
9578.5	507.69933460000004
9578.75	489.42180510000003
9579.0	441.4999682
9579.25	428.88840919999996
9579.5	385.92592579999996
9579.75	366.45037279999997
9580.0	342.2499078
9580.25	304.4189791
9580.5	289.1023403
9580.75	282.44530380000003
9581.0	254.54834100000002
9581.25	244.484814
9581.5	223.4483179
9581.75	212.58461300000002
9582.0	202.23984589999998
9582.25	185.93446340000003
9582.5	176.77628760000002
9582.75	160.25904889999998
9583.0	152.5850412
9583.25	151.3649766
9583.5	145.6737737
9583.75	131.6055506
9584.0	115.7985142
9584.25	111.1251979
9584.5	115.06172849999999
9584.75	104.1931423
9585.0	100.246184
9585.25	96.31221670000001
9585.5	94.8223154
9585.75	84.7027024
9586.0	77.2876706
9586.25	83.2058554
9586.5	73.32992130000001
9586.75	76.5460774
9587.0	69.87538634
9587.25	62.47145308
9587.5	66.66154669
9587.75	52.347814469999996
9588.0	56.78701503
9588.25	54.07230654
9588.5	47.411371200000005
9588.75	51.11348939
9589.0	49.37844947
9589.25	48.88888995000001
9589.5	48.146566369999995
9589.75	34.57235288
9590.0	35.310228280000004
9590.25	41.23273938
9590.5	43.458619580000004
9590.75	41.23450786
9591.0	38.76439741
9591.25	39.9978667
9591.5	36.79000237
9591.75	32.34708159
9592.0	34.07230716
9592.25	35.55098569
9592.5	26.91242216
9592.75	30.61338307
9593.0	29.13946135
9593.25	30.12345679
9593.5	25.92690222
9593.75	28.146320380000002
9594.0	22.963877670000002
9594.25	25.432221250000005
9594.5	27.406736950000003
9594.75	28.393111660000002
9595.0	21.23456789
9595.25	23.700960889999998
9595.5	20.493095729999997
9595.75	20.73958299
9596.0	17.778265819999998
9596.25	16.2963576
9596.5	19.75369623
9596.75	19.752476899999998
9597.0	18.02505747
9597.25	16.79189264
9597.5	17.036245629999996
9597.75	20.002683169999997
9598.0	17.283646240000003
9598.25	16.294102340000002
9598.5	14.566743760000001
9598.75	18.270325259999996
9599.0	16.04938301
9599.25	14.320012421000001
9599.5	16.789880031
9599.75	15.801920560000001
9600.0	16.049444049999998
9600.25	16.78859966
9600.5	14.074500930000001
9600.75	14.815363629999998
9601.0	13.08635903
9601.25	16.05017577
9601.5	15.55403203
9601.75	18.27160492
9602.0	14.812498869999999
9602.25	14.567963079999998
9602.5	11.850571859999999
9602.75	12.099131311
9603.0	11.852522641
9603.25	11.605610001
9603.5	15.30919079
9603.75	13.57951567
9604.0	12.84023809
9604.25	16.29532106
9604.5	10.37037036
9604.75	13.335040812999999
9605.0	13.82716079
9605.25	13.33272381
9605.5	11.358024681
9605.75	10.12284727
9606.0	11.85240067
9606.25	9.136168351
9606.5	10.617650010999998
9606.75	12.3470206
9607.0	11.849536270999998
9607.25	9.135924810999999
9607.5	12.09900953
9607.75	9.875507031
9608.0	14.56515843
9608.25	14.073403970000001
9608.5	9.629081059999999
9608.75	11.851303281
9609.0	11.850693766
9609.25	10.368846581
9609.5	9.382533187
9609.75	11.605548081
9610.0	9.382228431
9610.25	11.605426111
9610.5	9.384118616
9610.75	8.88840127
9611.0	10.123396135
9611.25	10.86468555
9611.5	12.5926538
9611.75	8.148879916000002
9612.0	8.148148142
9612.25	10.369943701
9612.5	12.09760753
9612.75	9.382655391
9613.0	11.109709431
9613.25	11.851668987
9613.5	10.86413678
9613.75	8.395488592000001
9614.0	9.382167482
9614.25	7.161225690000001
9614.5	9.875568399999999
9614.75	7.901966521
9615.0	8.148697273
9615.25	8.642341191
9615.5	10.616308721000001
9615.75	9.878006760999998
9616.0	8.889133050000002
9616.25	9.135802462000001
9616.5	5.925925922
9616.75	8.147477678000001
9617.0	10.862795880999998
9617.25	10.123579021000001
9617.5	7.653529068999999
9617.75	13.085566420000001
9618.0	9.135376105999999
9618.25	8.394817918
9618.5	8.642402501
9618.75	8.641975451
9619.0	10.865295191
9619.25	8.147538626
9619.5	11.111720922
9619.75	9.87544623
9620.0	5.679012342
9620.25	8.641426739
9620.5	8.64118363
9620.75	10.123883651
9621.0	9.382533187
9621.25	7.901295932999999
9621.5	8.889803610999998
9621.75	10.371102321
9622.0	10.617284247
9622.25	8.394757283
9622.5	7.160006297000001
9622.75	8.88821841
9623.0	10.369639406000001
9623.25	8.641487692
9623.5	11.850510909999999
9623.75	6.172961677000001
9624.0	9.135802641999998
9624.25	8.88852317
9624.5	10.369456091
9624.75	4.9377230370000005
9625.0	7.407407401
9625.25	11.35802468
9625.5	7.655418647000001
9625.75	8.148148143
9626.0	8.641853398
9626.25	7.406675980000001
9626.5	7.901051978
9626.75	7.16079894
9627.0	8.395305648
9627.25	9.382716308
9627.5	10.617283941
9627.75	8.888401421
9628.0	8.394330306999999
9628.25	8.147843381
9628.5	8.88888888
9628.75	7.900442190000001
9629.0	8.147843381000001
9629.25	7.160493971999999
9629.5	9.630178451
9629.75	9.38289916
9630.0	8.68892162
9630.25	8.66397964
9630.5	8.76381988
9630.75	8.68899519
9631.0	8.73893526
9631.25	9.363133790000001
9631.5	8.83891203
9631.75	8.688908529999999
9632.0	8.38944018
9632.25	8.81383726
9632.5	9.51286549
9632.75	7.765223562
9633.0	8.314456501
9633.25	8.26449835
9633.5	9.08860989
9633.75	8.43930481
9634.0	8.66410059
9634.25	9.23842326
9634.5	8.61408571
9634.75	8.43925804
9635.0	8.16472792
9635.25	8.0648509
9635.5	8.31450574
9635.75	8.68899894
9636.0	8.2146337
9636.25	8.53922548
9636.5	8.664097462
9636.75	8.56411259
9637.0	8.9636955
9637.25	8.53909891
9637.5	8.4143753
9637.75	8.86366138
9638.0	8.63910187
9638.25	8.938602030000002
9638.5	8.21458945
9638.75	9.28831969
9639.0	9.03866859
9639.25	9.56284483
9639.5	8.78888593
9639.75	8.81398066
9640.0	8.78897508
9640.25	9.63787399
9640.5	7.989913350000001
9640.75	10.08738078
9641.0	9.08847524
9641.25	8.514216789999999
9641.5	9.38823349
9641.75	8.36443583
9642.0	8.68906689
9642.25	8.9136744
9642.5	10.01235723
9642.75	8.53917934
9643.0	9.73771178
9643.25	9.61289586
9643.5	9.11350077
9643.75	9.08856501
9644.0	8.98862691
9644.25	8.51418375
9644.5	8.91373735
9644.75	8.78883667
9645.0	9.16347449
9645.25	10.5366968
9645.5	9.98748569
9645.75	9.2633085
9646.0	10.56166746
9646.25	10.18713812
9646.5	11.23579921
9646.75	10.511693710000001
9647.0	11.06093601
9647.25	11.43546723
9647.5	11.43551148
9647.75	11.01110567
9648.0	12.23460562
9648.25	10.98601094
9648.5	10.33694524
9648.75	11.011134329999999
9649.0	10.361889090000002
9649.25	9.98735726
9649.5	10.46188272
9649.75	11.685259219999999
9650.0	10.93615878
9650.25	12.80877805
9650.5	11.88504569
9650.75	11.885052559999998
9651.0	12.15953966
9651.25	14.15707521
9651.5	12.68388298
9651.75	14.132293440000002
9652.0	15.305548480000002
9652.25	15.3557348
9652.5	15.780156209999998
9652.75	15.43059629
9653.0	14.78121202
9653.25	16.728931539999998
9653.5	16.27965044
9653.75	15.705108319999999
9654.0	15.979700780000002
9654.25	15.90484928
9654.5	15.330658790000001
9654.75	15.830013359999999
9655.0	16.87891261
9655.25	16.079690650000003
9655.5	18.751399699999997
9655.75	19.87475146
9656.0	20.52441752
9656.25	22.646310720000002
9656.5	24.643690409999998
9656.75	27.165586729999998
9657.0	30.311092459999998
9657.25	32.633522729999996
9657.5	33.83200216
9657.75	36.00470575
9658.0	34.95614878
9658.25	36.12939259
9658.5	35.25576675
9658.75	33.407540839999996
9659.0	32.23431448
9659.25	28.28940291
9659.5	24.1195603
9659.75	23.84487369
9660.0	19.67541075
9660.25	20.52443746
9660.5	16.20454582
9660.75	15.754964860000001
9661.0	15.330567760000001
9661.25	14.75631616
9661.5	12.15966996
9661.75	12.659078780000002
9662.0	12.109735489999998
9662.25	11.46052766
9662.5	10.761368529999999
9662.75	10.48672432
9663.0	10.83618386
9663.25	9.388134359999999
9663.5	9.962458289999999
9663.75	10.162256600000001
9664.0	10.01236407
9664.25	9.587945159999999
9664.5	8.71396024
9664.75	9.31320681
9665.0	8.93878408
9665.25	9.61291209
9665.5	8.98872976
9665.75	8.63920224
9666.0	8.48924238
9666.25	8.614131224
9666.5	8.58915744
9666.75	7.740253533
9667.0	8.36450568
9667.25	7.6903253
9667.5	7.215923920000001
9667.75	6.9412716
9668.0	8.214492192
9668.25	7.84006759
9668.5	7.94004498
9668.75	7.64037838
9669.0	6.916273502
9669.25	7.016171120000001
9669.5	7.090953418
9669.75	6.691521987000001
9670.0	6.716546274000001
9670.25	7.016161141
9670.5	6.841417641
9670.75	6.367038711000001
9671.0	6.092347741999999
9671.25	6.292082468
9671.5	5.9175338019999995
9671.75	5.892586202
9672.0	6.167140649
9672.25	5.967466390999999
9672.5	6.416903966
9672.75	6.26715171
9673.0	6.641558235
9673.25	6.017435761
9673.5	6.1422504049999995
9673.75	5.917503873999999
9674.0	6.067339059999999
9674.25	5.468056936999999
9674.5	6.14232148
9674.75	5.992449520000001
9675.0	5.443170449
9675.25	6.716465836999999
9675.5	6.21718233
9675.75	5.742741685
9676.0	6.716513225
9676.25	5.8176530259999994
9676.5	6.417004332
9676.75	5.767636908
9677.0	5.8177434340000005
9677.25	5.9924414100000005
9677.5	6.766515014
9677.75	6.017377156999999
9678.0	6.167189276
9678.25	5.9175487659999995
9678.5	5.992479438999999
9678.75	5.867544476
9679.0	5.542968924
9679.25	6.217070732
9679.5	6.017431402
9679.75	5.468051954
9680.0	6.89124176
9680.25	6.39194765
9680.5	5.892536335
9680.75	5.642893321999999
9681.0	5.542999472999999
9681.25	5.892502049
9681.5	5.617906459
9681.75	5.767712957
9682.0	5.118515714000001
9682.25	5.243377114
9682.5	5.0436355310000005
9682.75	5.617938869
9683.0	4.694054405
9683.25	4.843872752999999
9683.5	4.544244166
9683.75	5.0686267659999995
9684.0	4.7939862920000005
9684.25	4.594174261999999
9684.5	5.4431224369999995
9684.75	4.843908914
9685.0	5.243335345999999
9685.25	4.719060600000001
9685.5	4.719005117000001
9685.75	4.993672396
9686.0	5.343242921
9686.25	5.018649290000001
9686.5	5.218389000999999
9686.75	4.369432095
9687.0	4.868854634000001
9687.25	4.519263532
9687.5	4.843841579999999
9687.75	4.968727293000001
9688.0	4.444382725
9688.25	5.193357255
9688.5	4.818938873
9688.75	4.44435093
9689.0	4.968737893
9689.25	5.5929358019999995
9689.5	4.194687353
9689.75	4.219671728
9690.0	4.319593641
9690.25	4.893844618
9690.5	4.294581212
9690.75	3.970009398
9691.0	5.06866791
9691.25	3.9200294270000002
9691.5	5.043626806000001
9691.75	4.843882725
9692.0	4.893839629
9692.25	4.76900628
9692.5	4.544262868000001
9692.75	4.868900763000001
9693.0	5.193483176000001
9693.25	4.818915806000001
9693.5	4.194678002
9693.75	4.594159925
9694.0	4.569196121999999
9694.25	4.169697991
9694.5	4.344500711
9694.75	4.669065044
9695.0	4.794000635
9695.25	4.294555028
9695.5	4.219655518
9695.75	5.26835027
9696.0	4.344479517
9696.25	4.144747905
9696.5	4.494280404
9696.75	4.469301018
9697.0	4.619163001
9697.25	4.11979096
9697.5	4.2945569
9697.75	4.269556317
9698.0	4.494345862
9698.25	4.519313407
9698.5	3.745289675
9698.75	4.843852182
9699.0	4.744031261
9699.25	3.920033169
9699.5	4.519329616
9699.75	4.21970789
9700.0	4.644157355
