Energy_(eV)	Live_Counts
9550.0	0.0017131085338435194
9550.25	0.001753500484043497
9550.5	0.0017332896296593954
9550.75	0.0018536382944402624
9551.0	0.0016731376172107817
9551.25	0.0015729254774264048
9551.5	0.0014126009957008555
9551.75	0.0017736370699790347
9552.0	0.001332173668356151
9552.25	0.0020744863819261196
9552.5	0.0019741951716962317
9552.75	0.0018336602483433788
9553.0	0.002014161007637444
9553.25	0.002174906577369116
9553.5	0.0022149270610106186
9553.75	0.0022549672442148962
9554.0	0.0024958726968744628
9554.25	0.002114744637543394
9554.5	0.0023348349154720107
9554.75	0.002435918819207525
9555.0	0.002415598929429446
9555.25	0.0020341835798650784
9555.5	0.0025160142302481417
9555.75	0.002294997687734332
9556.0	0.0025762999827806145
9556.25	0.002555791860409827
9556.5	0.0022748363386074274
9556.75	0.003157906686623546
9557.0	0.002876777762355053
9557.25	0.002676170315447224
9557.5	0.0024956100991432354
9557.75	0.0030170450446611024
9558.0	0.00309764570947025
9558.25	0.0031974516604393725
9558.5	0.0036392914598084598
9558.75	0.003899862748323762
9559.0	0.004000000608284287
9559.25	0.0039602574688110005
9559.5	0.004300760838719127
9559.75	0.004200855858547636
9560.0	0.0049435400118628976
9560.25	0.004421748586729653
9560.5	0.004642423192122395
9560.75	0.005363930684339182
9561.0	0.0055048468691867546
9561.25	0.006207228109125648
9561.5	0.005806216228465556
9561.75	0.006769228428435124
9562.0	0.006467789570203882
9562.25	0.007109811183234247
9562.5	0.007351419800188326
9562.75	0.007470817440442716
9563.0	0.0087347335228702
9563.25	0.008774050551334804
9563.5	0.009738588498488559
9563.75	0.01003863579325574
9564.0	0.010761831768351923
9564.25	0.01234679867393582
9564.5	0.012587019757528184
9564.75	0.012526615892933727
9565.0	0.014173130952171554
9565.25	0.012586361095801324
9565.5	0.01439262117304909
9565.75	0.01483475371547745
9566.0	0.01603635780172806
9566.25	0.016800278286032127
9566.5	0.017643392816486452
9566.75	0.018505370403472256
9567.0	0.020472395886517936
9567.25	0.020488931997706128
9567.5	0.022399173419958066
9567.75	0.02472572905397617
9568.0	0.0260476967862631
9568.25	0.029661337471714764
9568.5	0.03220917170890176
9568.75	0.03453665458334235
9569.0	0.039192708378604675
9569.25	0.04301950988732243
9569.5	0.04930494433919066
9569.75	0.05442376222519908
9570.0	0.056159848007230145
9570.25	0.06305151038501518
9570.5	0.06968693349304746
9570.75	0.07353609838093816
9571.0	0.07761200795831022
9571.25	0.0789626785588878
9571.5	0.08543655322686185
9571.75	0.08680444203344959
9572.0	0.08889486237638493
9572.25	0.09614627720266268
9572.5	0.09615409405742342
9572.75	0.09983417145129994
9573.0	0.10176767561556434
9573.25	0.10925399933865529
9573.5	0.11568584938315477
9573.75	0.11461335180309234
9574.0	0.11513473223741338
9574.25	0.11352502412727114
9574.5	0.10769076269616622
9574.75	0.10604574349554104
9575.0	0.09527906523587365
9575.25	0.08809212830952637
9575.5	0.08354112686709168
9575.75	0.07337555039753674
9576.0	0.0648523019790146
9576.25	0.05999632749797239
9576.5	0.05522388931960299
9576.75	0.0504384325618739
9577.0	0.04796078828530142
9577.25	0.04348843535453802
9577.5	0.04336211408783161
9577.75	0.038987648735444844
9578.0	0.0351756789783827
9578.25	0.034516686498748436
9578.5	0.03268809165930446
9578.75	0.03094547429202734
9579.0	0.028654638755128976
9579.25	0.026912562526594193
9579.5	0.026027644987668245
9579.75	0.02414284448024395
9580.0	0.022297920795500352
9580.25	0.020874334763844312
9580.5	0.017542387929570087
9580.75	0.01866432314886226
9581.0	0.015076000736373715
9581.25	0.015214416112712707
9581.5	0.014332395104219795
9581.75	0.012787097657925562
9582.0	0.012989369445287181
9582.25	0.011083273511435832
9582.5	0.010942486265487692
9582.75	0.010721642880871267
9583.0	0.009477457277628649
9583.25	0.009156743910542007
9583.5	0.009096061790131185
9583.75	0.008634972466916196
9584.0	0.0076710584787330165
9584.25	0.007331020624646768
9584.5	0.006448306942313253
9584.75	0.006467883770596122
9585.0	0.006246763385507706
9585.25	0.0059461718067308125
9585.5	0.005624947778550818
9585.75	0.005384696298561533
9586.0	0.0045617432708005105
9586.25	0.004863627984291846
9586.5	0.004542354875802947
9586.75	0.004421485896371074
9587.0	0.003960123844105071
9587.25	0.0037796875802613822
9587.5	0.0033582120416096838
9587.75	0.0030168865673865374
9588.0	0.003077395187828789
9588.25	0.0033381845682575848
9588.5	0.0030167726617438776
9588.75	0.002957041570734657
9589.0	0.0030371223157778277
9589.25	0.0027565084044632016
9589.5	0.0030369933768783957
9589.75	0.0025557621449051955
9590.0	0.002194641899176963
9590.25	0.002696078952781457
9590.5	0.0026558900953640653
9590.75	0.002635917050331685
9591.0	0.001853816673595241
9591.25	0.002154859203761645
9591.5	0.0019941780076022536
9591.75	0.002114635705339537
9592.0	0.001352151747766381
9592.25	0.0012318476448671724
9592.5	0.0017131035815302542
9592.75	0.0013519041231653997
9593.0	0.001392196982411441
9593.25	0.0015527889475547905
9593.5	0.0019138051995795794
9593.75	0.0014725399660517184
9594.0	0.0014524282042465944
9594.25	0.0012919798244996274
9594.5	0.0016932890348979753
9594.75	0.0012719919095271212
9595.0	0.0011916240643804808
9595.25	0.0010713100950432118
9595.5	0.001492478394455002
9595.75	0.00111143457563824
9596.0	0.0013121907089469924
9596.25	0.0008306920455573125
9596.5	0.0007704310204652984
9596.75	0.0011316256126440753
9597.0	0.0008706282854344261
9597.25	0.0009109013801160419
9597.5	0.0010511636369819693
9597.75	0.0009909422563967364
9598.0	0.0011313432787866447
9598.25	0.0009107329242755689
9598.5	0.0008705935908033484
9598.75	0.0007902951159058804
9599.0	0.001091402039470069
9599.25	0.0007703765056121318
9599.5	0.0008105059551770982
9599.75	0.0007904486647552872
9600.0	0.0006299111393881977
9600.25	0.0009308843419627621
9600.5	0.0006098637372612523
9600.75	0.0005094980838908639
9601.0	0.0006900037727476165
9601.25	0.0005296296504801845
9601.5	0.000730192592789059
9601.75	0.0007301827076630239
9602.0	0.00044939060902954205
9602.25	0.0005697244192269239
9602.5	0.0005697046164740287
9602.75	0.00030895000063433823
9603.0	0.0005095773485288069
9603.25	0.00040924138059978695
9603.5	0.000750299402280918
9603.75	0.000228681218003412
9604.0	0.0004694776215374018
9604.25	0.0007301430850943004
9604.5	0.0003089945971293761
9604.75	0.0005296891087901414
9605.0	0.0003489803588391078
9605.25	0.00046947762137489776
9605.5	0.00034910419397142826
9605.75	0.00034907447635424283
9606.0	0.00046935873823083395
9606.25	0.00036910205037764916
9606.5	0.0005496522613838014
9606.75	0.0006500030918590089
9607.0	0.0002888629866639412
9607.25	0.0005496919106844541
9607.5	0.0005898015267019934
9607.75	0.0005095773225281464
9608.0	0.0005496374043627541
9608.25	0.0005095525676244904
9608.5	0.0005296593794726588
9608.75	0.0004893813762726403
9609.0	0.00030895494400987646
9609.25	0.0004292739041738885
9609.5	0.00030896485359278245
9609.75	0.0002486543273061749
9610.0	0.00038907021622362184
9610.25	0.0004493658343816345
9610.5	0.0003691862512409488
9610.75	0.0004092066917376058
9611.0	0.0003891098267670403
9611.25	0.00046944789173240694
9611.5	0.0004492915928275037
9611.75	0.00034896551871848946
9612.0	0.0004895448210546065
9612.25	0.0003891791208830298
9612.5	0.00038912960636309753
9612.75	0.0003690574689954953
9613.0	0.0002888481220052
9613.25	0.00044933611968952326
9613.5	0.00018854189225013768
9613.75	0.0003289775571885512
9614.0	0.00020862889988287377
9614.25	0.0003891791208830299
9614.5	0.00030892027172311603
9614.75	0.00038914940602841443
9615.0	0.00032899240730317313
9615.25	0.00014847190554524375
9615.5	0.00042922931019766453
9615.75	0.00020859917072789524
9616.0	0.0004493856538724548
9616.25	0.0002688304777152115
9616.5	0.0001284195775932058
9616.75	0.0003288785186421955
9617.0	0.00012834032676811363
9617.25	0.00016847965447143752
9617.5	0.000489445738225876
9617.75	0.00030893018642490217
9618.0	0.00030895496871050375
9618.25	0.0002487137414150092
9618.5	0.0002487385207755366
9618.75	0.00010825826657351893
9619.0	0.00042928875428851034
9619.25	0.0003489704635565648
9619.5	0.000228691137742826
9619.75	0.0005698532598113589
9620.0	0.0003088756924535157
9620.25	6.813380596649827e-05
9620.5	0.00030890045986998977
9620.75	0.00020870321334508053
9621.0	0.00042932837108833766
9621.25	0.0005096417429828682
9621.5	4.813594208508743e-05
9621.75	0.0003490546526383152
9622.0	0.0002887936448529908
9622.25	0.00030891531234092146
9622.5	0.0001685391080687748
9622.75	0.0001885319799046615
9623.0	0.0004292194055711345
9623.25	0.0005296395603880989
9623.5	0.0002688800167732667
9623.75	0.0002086239591886537
9624.0	6.817836264802497e-05
9624.25	0.00042922435788439944
9624.5	0.00016847966917806092
9624.75	0.00014849173267375806
9625.0	8.824060058922935e-05
9625.25	0.0004895448136606686
9625.5	0.00036905250156934636
9625.75	0.00022873573618791335
9626.0	0.00028882336929534957
9626.25	0.0001283551739576614
9626.5	0.0001684647900564524
9626.75	0.00026878588406399574
9627.0	0.0003089252362241908
9627.25	0.00032901719649520007
9627.5	0.0002888877629368902
9627.75	0.00016845983741817902
9628.0	0.0002888531298136246
9628.25	0.00016852423382228998
9628.5	0.00010829293837276685
9628.75	0.0001083077910062028
9629.0	0.0004694181847592417
9629.25	0.00018856665211016977
9629.5	0.0003691961808931144
9629.75	0.0002487583204408535
9630.0	0.0002759978077873882
9630.25	0.00025370266165973846
9630.5	0.0002455723014999503
9630.75	0.0002760113833821436
9631.0	0.00029426693204832535
9631.25	0.0002962948860486642
9631.5	0.00028411661959140347
9631.75	0.0002820971247433867
9632.0	0.00021717778804002268
9632.25	0.00023543870559879882
9632.5	0.0002273257693752454
9632.75	0.00021514426152941874
9633.0	0.00017660354014180466
9633.25	0.00024153082727832167
9633.5	0.00024761347707980393
9633.75	0.0002110962019905546
9634.0	0.00019891727657905947
9634.25	0.00030643552309112703
9634.5	0.00019485635118221396
9634.75	0.00025165829490509414
9635.0	0.0002638409683117704
9635.25	0.0002658660873463646
9635.5	0.00028412036774908873
9635.75	0.000247610285417501
9636.0	0.00022529280082256084
9636.25	0.00035715719672295806
9636.5	0.00022529507994293967
9636.75	0.00020703380836892325
9637.0	0.00025369298535150647
9637.25	0.00024355148711842353
9637.5	0.00021514142445112046
9637.75	0.0002577526959487518
9638.0	0.00022123440764627164
9638.25	0.0002638332184899619
9638.5	0.00024151365668602064
9638.75	0.00034296581614222035
9639.0	0.00027195344651744245
9639.25	0.00022935311804771165
9639.5	0.000328756099408332
9639.75	0.00027398226349594683
9640.0	0.000387582654259158
9640.25	0.00026384096831177044
9640.5	0.0003510711027277597
9640.75	0.0002820946416803287
9641.0	0.0002557241325579375
9641.25	0.000355131672971836
9641.5	0.0002841289276539694
9641.75	0.0001806604116294502
9642.0	0.00028615176764943686
9642.25	0.0002820925136887879
9642.5	0.0002638379791296095
9642.75	0.00023948600413083705
9643.0	0.0002476078046295008
9643.25	0.0002739717274596318
9643.5	0.0003206408334443643
9643.75	0.0002658623392699314
9644.0	0.00027803473022798266
9644.25	0.00029629539387406056
9644.5	0.00032470297429082636
9644.75	0.00035513136990163933
9645.0	0.00028007428474791915
9645.25	0.0003896209427094424
9645.5	0.00034701402713493073
9645.75	0.0003632376168865682
9646.0	0.0003023810816089419
9646.25	0.00030237849860584586
9646.5	0.0003490397028274114
9646.75	0.00038556984483091887
9647.0	0.00039773777683823393
9647.25	0.0004180205717992824
9647.5	0.00040787294309801514
9647.75	0.0004139586836467376
9648.0	0.00039772612691738187
9648.25	0.00041395640371383823
9648.5	0.00043018890925439413
9648.75	0.0003896205876379253
9649.0	0.00038353418976000983
9649.25	0.00038556943775808124
9649.5	0.00043831329251239773
9649.75	0.0004362811824690152
9650.0	0.0003815112490119837
9650.25	0.0003409338084764378
9650.5	0.0004585966424250391
9650.75	0.0005235136480067038
9651.0	0.0004991868996610677
9651.25	0.0005255459091789241
9651.5	0.000487001033698316
9651.75	0.0006269867223532324
9652.0	0.0006269921938671829
9652.25	0.0005620562435544124
9652.5	0.0006918946106408613
9652.75	0.0006858257900218242
9653.0	0.0007689992534802604
9653.25	0.0007061090383693866
9653.5	0.0007324779768893918
9653.75	0.0006918990161277398
9654.0	0.0007162513474980621
9654.25	0.0006229217953735158
9654.5	0.0006574139016206563
9654.75	0.0006695779855302482
9655.0	0.0007507404141055103
9655.25	0.0007284226238403073
9655.5	0.0008947739083053407
9655.75	0.000860287779772506
9656.0	0.0010550467990332255
9656.25	0.0010996614571573014
9656.5	0.0012721228464147925
9656.75	0.0015439590534426836
9657.0	0.001657581476596662
9657.25	0.0017711752315851062
9657.5	0.001955826183774235
9657.75	0.0020491311157110463
9658.0	0.0019760749885595957
9658.25	0.0020065463372612117
9658.5	0.0020065144238882644
9658.75	0.001834083681284052
9659.0	0.0017326720969145157
9659.25	0.001584556349544966
9659.5	0.0013431350120968915
9659.75	0.0012295046863672252
9660.0	0.0011118450423746333
9660.25	0.0009312993888779701
9660.5	0.0008886901949956005
9660.75	0.0008176792952206497
9661.0	0.0007223294885412936
9661.25	0.0006046621954794521
9661.5	0.0005437972514257831
9661.75	0.0005478506796134853
9662.0	0.0004930919410657509
9662.25	0.0004667161627470472
9662.5	0.00038961471230121995
9662.75	0.00043223033972197074
9663.0	0.00036526952542483335
9663.25	0.0003733903108414688
9663.5	0.00038352476695821563
9663.75	0.0002597814616572041
9664.0	0.0003003491251319592
9664.25	0.0002516711601943109
9664.5	0.0002597838415301416
9664.75	0.000322665647052452
9665.0	0.00031861444923389064
9665.25	0.00030036168751348377
9665.5	0.00023137388075292596
9665.75	0.00028006324177998047
9666.0	0.0002841202669965301
9666.25	0.00029021512483928835
9666.5	0.00031861196779587393
9666.75	0.000259777509881848
9667.0	0.00021109291030696156
9667.25	0.00023340527951574524
9667.5	0.0002029788591425939
9667.75	0.0002313702325352787
9668.0	0.0002293523575283981
9668.25	0.0002760163478832181
9668.5	0.0002131157991349192
9668.75	0.00019688770143755144
9669.0	0.0002151462370108366
9669.25	0.00016442821037787177
9669.5	0.00022123288774517338
9669.75	0.00020296842637765151
9670.0	0.00021311742051984456
9670.25	0.00019486389941765307
9670.5	0.0001177753647998259
9670.75	0.00017051430534809493
9671.0	0.00017660262938742584
9671.25	9.342262928174007e-05
9671.5	0.00010762343120173471
9671.75	9.951247232839648e-05
9672.0	0.00012993752279175864
9672.25	0.00015834393984148046
9672.5	0.00010762586258848035
9672.75	0.0001441427833374812
9673.0	9.748193361866843e-05
9673.25	0.00011776796858699753
9673.5	0.00015631598502862109
9673.75	0.00017660049977084378
9674.0	6.704827116785282e-05
9674.25	9.342855564474141e-05
9674.5	0.00015022457121707477
9674.75	0.0001258868803310506
9675.0	8.733435716247771e-05
9675.25	0.0001705178007306109
9675.5	0.00012588688130607545
9675.75	0.00018673668111265286
9676.0	0.00015631466752641287
9676.25	0.00012790389471607544
9676.5	0.00013805724583766505
9676.75	0.00016645231603673117
9677.0	0.00011980033075553269
9677.25	0.00015834166153362242
9677.5	6.907799890073595e-05
9677.75	0.00011979587261731733
9678.0	0.00011574092558479373
9678.25	0.00013399439549818522
9678.5	0.00017254063999480994
9678.75	0.0001279128101799856
9679.0	0.00011574016530923631
9679.25	6.0957516716801094e-05
9679.5	0.00011979582215978589
9679.75	0.00017457685042357254
9680.0	0.00014008297206892918
9680.25	8.327312828917536e-05
9680.5	6.096232822024025e-05
9680.75	0.00011574092501602924
9681.0	0.00012182909630148086
9681.25	3.864626098629433e-05
9681.5	4.270870587797775e-05
9681.75	5.690803949193441e-05
9682.0	7.718885669650731e-05
9682.25	8.125175781852672e-05
9682.5	4.473483715077803e-05
9682.75	3.053231317455136e-05
9683.0	2.4450169898432242e-05
9683.25	2.8507549048970124e-05
9683.5	1.0242326268361928e-05
9683.75	-1.928848671308258e-06
9684.0	5.6902112153908365e-05
9684.25	5.488119840110824e-05
9684.5	1.4302339854551771e-05
9684.75	5.487299210520756e-05
9685.0	5.691092662150371e-05
9685.25	1.836078291960791e-05
9685.5	-2.8301181171254633e-05
9685.75	-1.9285960586431305e-06
9686.0	1.4304821780080786e-05
9686.25	3.256036955249012e-05
9686.5	2.6469209816146035e-05
9686.75	5.4880337372992224e-05
9687.0	4.2705210332957565e-05
9687.25	6.908154474078336e-05
9687.5	4.879039316751686e-05
9687.75	7.516480238895197e-05
9688.0	1.63340436376171e-05
9688.25	1.4300617717067676e-05
9688.5	-3.0332074302483322e-05
9688.75	-3.950877364922579e-06
9689.0	-2.2211642332323627e-05
9689.25	3.459232619197678e-05
9689.5	-1.2071461357692943e-05
9689.75	8.215992271663404e-06
9690.0	4.67594999550361e-05
9690.25	8.218829106205478e-06
9690.5	2.2419276929707766e-05
9690.75	-1.9304696499733314e-06
9691.0	4.270293153758715e-05
9691.25	5.0820881175957333e-05
9691.5	6.188695194257292e-06
9691.75	-6.887750676598626e-05
9692.0	2.648136707488227e-05
9692.25	2.1351665790047276e-06
9692.5	4.0674672354498144e-05
9692.75	-1.4106507931899234e-05
9693.0	1.0123388933578792e-07
9693.25	-1.2070904049789915e-05
9693.5	1.430649362253758e-05
9693.75	-3.6411887513179804e-05
9694.0	2.1324813608129717e-06
9694.25	1.0244504717434097e-05
9694.5	-1.0046443969430018e-05
9694.75	-3.953258375388856e-06
9695.0	8.213966332714254e-06
9695.25	-4.453358555299159e-05
9695.5	-1.926214885672713e-06
9695.75	-1.4104785713163068e-05
9696.0	-1.613091747347569e-05
9696.25	-8.011245291361062e-06
9696.5	-3.957614298508496e-06
9696.75	4.473377339876369e-05
9697.0	2.1305057981431924e-06
9697.25	-4.453556103440937e-05
9697.5	-5.982175862695623e-06
9697.75	1.4297933067640412e-05
9698.0	6.192697345892928e-06
9698.25	-8.014132745938573e-06
9698.5	-3.954828490262354e-06
9698.75	-5.8732209673930554e-05
9699.0	-3.951029225029108e-06
9699.25	-6.0760620798378084e-05
9699.5	1.0242630476087261e-05
9699.75	-3.4389149570303936e-05
9700.0	2.242018833410308e-05
