"Zn k beta 1m ZnCl2 + 0.5m NaCl, at room temp, no fan"										
slit = 0.5										
In temp. stage with PEEK tube ID 1.4mm										
"Ge555, Pd target"										
35kV 2.5 mA										
det offset = +0.195										
***************************										
Energy_(eV)	theta_(deg)	source_(ustep)	detect_(ustep)	ROI_counts	total_counts	real_time	live_time	cnts_per_live	ICR_(cnts/sec)	OCR_(cnts/sec)
9550	8.37E+01	-1.30E+05	-1.13E+05	2.10E+01	7.00E+01	4.05E+00	4.05E+00	5.19E+00	5.93E+00	1.73E+01
9550.25	8.37E+01	-1.31E+05	-1.14E+05	9.00E+00	4.80E+01	4.05E+00	4.05E+00	2.22E+00	3.95E+00	1.19E+01
9550.5	8.37E+01	-1.32E+05	-1.15E+05	2.20E+01	5.80E+01	4.05E+00	4.05E+00	5.43E+00	6.42E+00	1.43E+01
9550.75	8.37E+01	-1.33E+05	-1.16E+05	2.10E+01	6.60E+01	4.05E+00	4.05E+00	5.19E+00	6.67E+00	1.63E+01
9551	8.37E+01	-1.35E+05	-1.18E+05	1.80E+01	5.80E+01	4.05E+00	4.05E+00	4.44E+00	5.93E+00	1.43E+01
9551.25	8.37E+01	-1.36E+05	-1.19E+05	2.20E+01	7.10E+01	4.05E+00	4.05E+00	5.43E+00	7.90E+00	1.75E+01
9551.5	8.37E+01	-1.37E+05	-1.20E+05	1.30E+01	6.30E+01	4.05E+00	4.05E+00	3.21E+00	4.69E+00	1.56E+01
9551.75	8.37E+01	-1.38E+05	-1.21E+05	2.00E+01	5.20E+01	4.05E+00	4.05E+00	4.94E+00	5.43E+00	1.28E+01
9552	8.36E+01	-1.39E+05	-1.22E+05	1.70E+01	7.10E+01	4.05E+00	4.05E+00	4.20E+00	7.41E+00	1.75E+01
9552.25	8.36E+01	-1.40E+05	-1.23E+05	1.40E+01	4.70E+01	4.05E+00	4.05E+00	3.46E+00	4.94E+00	1.16E+01
9552.5	8.36E+01	-1.41E+05	-1.24E+05	2.00E+01	6.20E+01	4.05E+00	4.05E+00	4.94E+00	6.92E+00	1.53E+01
9552.75	8.36E+01	-1.43E+05	-1.26E+05	1.90E+01	6.10E+01	4.05E+00	4.05E+00	4.69E+00	5.93E+00	1.51E+01
9553	8.36E+01	-1.44E+05	-1.27E+05	1.50E+01	5.10E+01	4.05E+00	4.05E+00	3.70E+00	5.43E+00	1.26E+01
9553.25	8.36E+01	-1.45E+05	-1.28E+05	2.40E+01	6.50E+01	4.05E+00	4.05E+00	5.92E+00	8.15E+00	1.60E+01
9553.5	8.36E+01	-1.46E+05	-1.29E+05	2.20E+01	6.80E+01	4.05E+00	4.05E+00	5.43E+00	7.16E+00	1.68E+01
9553.75	8.35E+01	-1.47E+05	-1.30E+05	1.90E+01	7.30E+01	4.05E+00	4.05E+00	4.69E+00	7.41E+00	1.80E+01
9554	8.35E+01	-1.48E+05	-1.31E+05	1.90E+01	6.50E+01	4.05E+00	4.05E+00	4.69E+00	6.42E+00	1.60E+01
9554.25	8.35E+01	-1.49E+05	-1.32E+05	3.50E+01	7.80E+01	4.05E+00	4.05E+00	8.64E+00	9.63E+00	1.93E+01
9554.5	8.35E+01	-1.50E+05	-1.33E+05	1.90E+01	5.40E+01	4.05E+00	4.05E+00	4.69E+00	5.43E+00	1.33E+01
9554.75	8.35E+01	-1.52E+05	-1.35E+05	2.90E+01	7.50E+01	4.05E+00	4.05E+00	7.16E+00	8.89E+00	1.85E+01
9555	8.35E+01	-1.53E+05	-1.36E+05	2.80E+01	6.80E+01	4.05E+00	4.05E+00	6.92E+00	8.89E+00	1.68E+01
9555.25	8.35E+01	-1.54E+05	-1.37E+05	2.70E+01	7.00E+01	4.05E+00	4.05E+00	6.67E+00	8.40E+00	1.73E+01
9555.5	8.35E+01	-1.55E+05	-1.38E+05	2.60E+01	8.80E+01	4.05E+00	4.05E+00	6.42E+00	8.40E+00	2.17E+01
9555.75	8.34E+01	-1.56E+05	-1.39E+05	2.90E+01	7.00E+01	4.05E+00	4.05E+00	7.16E+00	8.64E+00	1.73E+01
9556	8.34E+01	-1.57E+05	-1.40E+05	3.20E+01	7.10E+01	4.05E+00	4.05E+00	7.90E+00	9.14E+00	1.75E+01
9556.25	8.34E+01	-1.58E+05	-1.41E+05	3.10E+01	7.40E+01	4.05E+00	4.05E+00	7.65E+00	8.40E+00	1.83E+01
9556.5	8.34E+01	-1.59E+05	-1.42E+05	3.20E+01	7.40E+01	4.05E+00	4.05E+00	7.90E+00	8.40E+00	1.83E+01
9556.75	8.34E+01	-1.60E+05	-1.43E+05	1.70E+01	5.20E+01	4.05E+00	4.05E+00	4.20E+00	4.94E+00	1.28E+01
9557	8.34E+01	-1.62E+05	-1.45E+05	2.60E+01	7.00E+01	4.05E+00	4.05E+00	6.42E+00	7.16E+00	1.73E+01
9557.25	8.34E+01	-1.63E+05	-1.46E+05	3.30E+01	8.40E+01	4.05E+00	4.05E+00	8.15E+00	1.04E+01	2.07E+01
9557.5	8.34E+01	-1.64E+05	-1.47E+05	3.50E+01	7.70E+01	4.05E+00	4.05E+00	8.64E+00	9.63E+00	1.90E+01
9557.75	8.33E+01	-1.65E+05	-1.48E+05	4.30E+01	8.30E+01	4.05E+00	4.05E+00	1.06E+01	1.21E+01	2.05E+01
9558	8.33E+01	-1.66E+05	-1.49E+05	3.70E+01	8.20E+01	4.05E+00	4.05E+00	9.14E+00	1.19E+01	2.03E+01
9558.25	8.33E+01	-1.67E+05	-1.50E+05	3.60E+01	7.90E+01	4.05E+00	4.05E+00	8.89E+00	1.06E+01	1.95E+01
9558.5	8.33E+01	-1.68E+05	-1.51E+05	3.50E+01	6.80E+01	4.05E+00	4.05E+00	8.64E+00	1.01E+01	1.68E+01
9558.75	8.33E+01	-1.69E+05	-1.52E+05	3.90E+01	7.50E+01	4.05E+00	4.05E+00	9.63E+00	1.11E+01	1.85E+01
9559	8.33E+01	-1.70E+05	-1.53E+05	4.60E+01	8.30E+01	4.05E+00	4.05E+00	1.14E+01	1.28E+01	2.05E+01
9559.25	8.33E+01	-1.71E+05	-1.54E+05	3.50E+01	7.30E+01	4.05E+00	4.05E+00	8.64E+00	1.19E+01	1.80E+01
9559.5	8.33E+01	-1.72E+05	-1.55E+05	4.40E+01	9.00E+01	4.05E+00	4.05E+00	1.09E+01	1.19E+01	2.22E+01
9559.75	8.32E+01	-1.73E+05	-1.56E+05	3.10E+01	7.10E+01	4.05E+00	4.05E+00	7.66E+00	8.89E+00	1.75E+01
9560	8.32E+01	-1.74E+05	-1.58E+05	5.30E+01	8.20E+01	4.05E+00	4.05E+00	1.31E+01	1.36E+01	2.02E+01
9560.25	8.32E+01	-1.76E+05	-1.59E+05	3.80E+01	8.40E+01	4.05E+00	4.05E+00	9.39E+00	1.09E+01	2.08E+01
9560.5	8.32E+01	-1.77E+05	-1.60E+05	4.80E+01	8.80E+01	4.05E+00	4.05E+00	1.19E+01	1.26E+01	2.17E+01
9560.75	8.32E+01	-1.78E+05	-1.61E+05	6.20E+01	9.80E+01	4.05E+00	4.05E+00	1.53E+01	1.65E+01	2.42E+01
9561	8.32E+01	-1.79E+05	-1.62E+05	4.80E+01	8.20E+01	4.05E+00	4.05E+00	1.19E+01	1.33E+01	2.02E+01
9561.25	8.32E+01	-1.80E+05	-1.63E+05	6.00E+01	9.20E+01	4.05E+00	4.05E+00	1.48E+01	1.65E+01	2.27E+01
9561.5	8.32E+01	-1.81E+05	-1.64E+05	6.50E+01	1.08E+02	4.05E+00	4.05E+00	1.60E+01	1.80E+01	2.67E+01
9561.75	8.31E+01	-1.82E+05	-1.65E+05	6.50E+01	1.06E+02	4.05E+00	4.05E+00	1.60E+01	1.75E+01	2.62E+01
9562	8.31E+01	-1.83E+05	-1.66E+05	6.50E+01	1.13E+02	4.05E+00	4.05E+00	1.60E+01	1.70E+01	2.79E+01
9562.25	8.31E+01	-1.84E+05	-1.67E+05	6.80E+01	1.09E+02	4.05E+00	4.05E+00	1.68E+01	1.83E+01	2.69E+01
9562.5	8.31E+01	-1.85E+05	-1.68E+05	7.10E+01	1.22E+02	4.05E+00	4.05E+00	1.75E+01	1.90E+01	3.01E+01
9562.75	8.31E+01	-1.86E+05	-1.69E+05	8.30E+01	1.26E+02	4.05E+00	4.05E+00	2.05E+01	2.22E+01	3.11E+01
9563	8.31E+01	-1.87E+05	-1.70E+05	7.10E+01	1.08E+02	4.05E+00	4.05E+00	1.75E+01	1.90E+01	2.67E+01
9563.25	8.31E+01	-1.88E+05	-1.71E+05	9.50E+01	1.28E+02	4.05E+00	4.05E+00	2.34E+01	2.49E+01	3.16E+01
9563.5	8.31E+01	-1.89E+05	-1.72E+05	1.03E+02	1.43E+02	4.05E+00	4.05E+00	2.54E+01	2.64E+01	3.53E+01
9563.75	8.31E+01	-1.90E+05	-1.73E+05	9.00E+01	1.29E+02	4.05E+00	4.05E+00	2.22E+01	2.44E+01	3.19E+01
9564	8.30E+01	-1.91E+05	-1.74E+05	1.01E+02	1.42E+02	4.05E+00	4.05E+00	2.49E+01	2.72E+01	3.51E+01
9564.25	8.30E+01	-1.92E+05	-1.75E+05	1.07E+02	1.47E+02	4.05E+00	4.05E+00	2.64E+01	2.84E+01	3.63E+01
9564.5	8.30E+01	-1.93E+05	-1.76E+05	1.29E+02	1.68E+02	4.05E+00	4.05E+00	3.18E+01	3.28E+01	4.15E+01
9564.75	8.30E+01	-1.94E+05	-1.77E+05	1.29E+02	1.83E+02	4.05E+00	4.05E+00	3.19E+01	3.38E+01	4.52E+01
9565	8.30E+01	-1.95E+05	-1.79E+05	1.23E+02	1.64E+02	4.05E+00	4.05E+00	3.04E+01	3.19E+01	4.05E+01
9565.25	8.30E+01	-1.96E+05	-1.80E+05	1.25E+02	1.74E+02	4.05E+00	4.05E+00	3.09E+01	3.31E+01	4.30E+01
9565.5	8.30E+01	-1.98E+05	-1.81E+05	1.54E+02	1.98E+02	4.05E+00	4.05E+00	3.80E+01	4.10E+01	4.89E+01
9565.75	8.30E+01	-1.99E+05	-1.82E+05	1.31E+02	1.66E+02	4.05E+00	4.05E+00	3.23E+01	3.28E+01	4.10E+01
9566	8.29E+01	-2.00E+05	-1.83E+05	1.77E+02	2.26E+02	4.05E+00	4.05E+00	4.37E+01	4.49E+01	5.58E+01
9566.25	8.29E+01	-2.01E+05	-1.84E+05	1.98E+02	2.43E+02	4.05E+00	4.05E+00	4.89E+01	5.16E+01	6.00E+01
9566.5	8.29E+01	-2.02E+05	-1.85E+05	1.78E+02	2.23E+02	4.05E+00	4.05E+00	4.40E+01	4.52E+01	5.51E+01
9566.75	8.29E+01	-2.03E+05	-1.86E+05	1.70E+02	2.20E+02	4.05E+00	4.05E+00	4.20E+01	4.42E+01	5.43E+01
9567	8.29E+01	-2.04E+05	-1.87E+05	1.81E+02	2.31E+02	4.05E+00	4.05E+00	4.47E+01	4.67E+01	5.71E+01
9567.25	8.29E+01	-2.05E+05	-1.88E+05	2.00E+02	2.57E+02	4.05E+00	4.05E+00	4.94E+01	5.19E+01	6.35E+01
9567.5	8.29E+01	-2.06E+05	-1.89E+05	2.37E+02	2.83E+02	4.05E+00	4.05E+00	5.85E+01	6.10E+01	6.99E+01
9567.75	8.29E+01	-2.07E+05	-1.90E+05	2.36E+02	2.74E+02	4.05E+00	4.05E+00	5.83E+01	6.05E+01	6.77E+01
9568	8.29E+01	-2.08E+05	-1.91E+05	2.30E+02	2.66E+02	4.05E+00	4.05E+00	5.68E+01	5.85E+01	6.57E+01
9568.25	8.28E+01	-2.09E+05	-1.92E+05	2.61E+02	3.06E+02	4.05E+00	4.05E+00	6.45E+01	6.72E+01	7.56E+01
9568.5	8.28E+01	-2.10E+05	-1.93E+05	2.98E+02	3.37E+02	4.05E+00	4.05E+00	7.36E+01	7.55E+01	8.32E+01
9568.75	8.28E+01	-2.11E+05	-1.94E+05	3.26E+02	3.63E+02	4.05E+00	4.05E+00	8.05E+01	8.25E+01	8.96E+01
9569	8.28E+01	-2.12E+05	-1.95E+05	3.35E+02	3.79E+02	4.05E+00	4.05E+00	8.27E+01	8.54E+01	9.36E+01
9569.25	8.28E+01	-2.13E+05	-1.96E+05	3.78E+02	4.09E+02	4.05E+00	4.05E+00	9.34E+01	9.53E+01	1.01E+02
9569.5	8.28E+01	-2.14E+05	-1.97E+05	4.01E+02	4.47E+02	4.05E+00	4.05E+00	9.90E+01	1.02E+02	1.10E+02
9569.75	8.28E+01	-2.15E+05	-1.98E+05	4.89E+02	5.51E+02	4.05E+00	4.05E+00	1.21E+02	1.24E+02	1.36E+02
9570	8.28E+01	-2.16E+05	-1.99E+05	5.21E+02	5.57E+02	4.05E+00	4.05E+00	1.29E+02	1.31E+02	1.38E+02
9570.25	8.27E+01	-2.17E+05	-2.00E+05	5.27E+02	5.74E+02	4.05E+00	4.05E+00	1.30E+02	1.32E+02	1.42E+02
9570.5	8.27E+01	-2.18E+05	-2.01E+05	6.01E+02	6.51E+02	4.05E+00	4.05E+00	1.48E+02	1.51E+02	1.61E+02
9570.75	8.27E+01	-2.19E+05	-2.02E+05	6.70E+02	7.11E+02	4.05E+00	4.05E+00	1.65E+02	1.67E+02	1.76E+02
9571	8.27E+01	-2.20E+05	-2.03E+05	7.05E+02	7.43E+02	4.05E+00	4.05E+00	1.74E+02	1.76E+02	1.83E+02
9571.25	8.27E+01	-2.21E+05	-2.04E+05	8.36E+02	8.78E+02	4.05E+00	4.05E+00	2.06E+02	2.08E+02	2.17E+02
9571.5	8.27E+01	-2.22E+05	-2.05E+05	7.74E+02	8.18E+02	4.05E+00	4.05E+00	1.91E+02	1.95E+02	2.02E+02
9571.75	8.27E+01	-2.23E+05	-2.06E+05	8.62E+02	9.06E+02	4.05E+00	4.05E+00	2.13E+02	2.16E+02	2.24E+02
9572	8.27E+01	-2.24E+05	-2.07E+05	8.82E+02	9.26E+02	4.05E+00	4.05E+00	2.18E+02	2.20E+02	2.29E+02
9572.25	8.27E+01	-2.25E+05	-2.08E+05	8.75E+02	9.20E+02	4.05E+00	4.05E+00	2.16E+02	2.19E+02	2.27E+02
9572.5	8.26E+01	-2.26E+05	-2.09E+05	9.86E+02	1.03E+03	4.05E+00	4.05E+00	2.44E+02	2.46E+02	2.54E+02
9572.75	8.26E+01	-2.27E+05	-2.10E+05	1.02E+03	1.07E+03	4.05E+00	4.05E+00	2.51E+02	2.54E+02	2.63E+02
9573	8.26E+01	-2.28E+05	-2.11E+05	9.78E+02	1.03E+03	4.05E+00	4.05E+00	2.42E+02	2.44E+02	2.54E+02
9573.25	8.26E+01	-2.28E+05	-2.12E+05	1.06E+03	1.11E+03	4.05E+00	4.05E+00	2.62E+02	2.65E+02	2.74E+02
9573.5	8.26E+01	-2.29E+05	-2.13E+05	1.10E+03	1.14E+03	4.05E+00	4.05E+00	2.72E+02	2.76E+02	2.81E+02
9573.75	8.26E+01	-2.30E+05	-2.14E+05	1.09E+03	1.14E+03	4.05E+00	4.05E+00	2.69E+02	2.73E+02	2.81E+02
9574	8.26E+01	-2.31E+05	-2.15E+05	1.19E+03	1.24E+03	4.05E+00	4.05E+00	2.94E+02	3.00E+02	3.06E+02
9574.25	8.26E+01	-2.32E+05	-2.15E+05	1.22E+03	1.27E+03	4.05E+00	4.05E+00	3.01E+02	3.06E+02	3.13E+02
9574.5	8.26E+01	-2.33E+05	-2.16E+05	1.19E+03	1.25E+03	4.05E+00	4.05E+00	2.94E+02	2.99E+02	3.08E+02
9574.75	8.25E+01	-2.34E+05	-2.17E+05	1.08E+03	1.13E+03	4.05E+00	4.05E+00	2.67E+02	2.72E+02	2.79E+02
9575	8.25E+01	-2.35E+05	-2.18E+05	1.10E+03	1.15E+03	4.05E+00	4.05E+00	2.72E+02	2.77E+02	2.84E+02
9575.25	8.25E+01	-2.36E+05	-2.19E+05	9.70E+02	1.01E+03	4.05E+00	4.05E+00	2.40E+02	2.42E+02	2.50E+02
9575.5	8.25E+01	-2.37E+05	-2.20E+05	9.92E+02	1.04E+03	4.05E+00	4.05E+00	2.45E+02	2.49E+02	2.56E+02
9575.75	8.25E+01	-2.38E+05	-2.21E+05	8.60E+02	8.98E+02	4.05E+00	4.05E+00	2.12E+02	2.16E+02	2.22E+02
9576	8.25E+01	-2.39E+05	-2.22E+05	7.65E+02	8.09E+02	4.05E+00	4.05E+00	1.89E+02	1.91E+02	2.00E+02
9576.25	8.25E+01	-2.40E+05	-2.23E+05	7.29E+02	7.71E+02	4.05E+00	4.05E+00	1.80E+02	1.82E+02	1.90E+02
9576.5	8.25E+01	-2.41E+05	-2.24E+05	6.46E+02	6.96E+02	4.05E+00	4.05E+00	1.60E+02	1.62E+02	1.72E+02
9576.75	8.25E+01	-2.42E+05	-2.25E+05	5.83E+02	6.24E+02	4.05E+00	4.05E+00	1.44E+02	1.47E+02	1.54E+02
9577	8.24E+01	-2.43E+05	-2.26E+05	4.81E+02	5.24E+02	4.05E+00	4.05E+00	1.19E+02	1.21E+02	1.29E+02
9577.25	8.24E+01	-2.44E+05	-2.27E+05	5.15E+02	5.55E+02	4.05E+00	4.05E+00	1.27E+02	1.29E+02	1.37E+02
9577.5	8.24E+01	-2.45E+05	-2.28E+05	4.39E+02	4.73E+02	4.05E+00	4.05E+00	1.08E+02	1.10E+02	1.17E+02
9577.75	8.24E+01	-2.46E+05	-2.29E+05	4.21E+02	4.64E+02	4.05E+00	4.05E+00	1.04E+02	1.06E+02	1.15E+02
9578	8.24E+01	-2.47E+05	-2.30E+05	4.12E+02	4.50E+02	4.05E+00	4.05E+00	1.02E+02	1.04E+02	1.11E+02
9578.25	8.24E+01	-2.48E+05	-2.31E+05	3.88E+02	4.40E+02	4.05E+00	4.05E+00	9.58E+01	9.88E+01	1.09E+02
9578.5	8.24E+01	-2.49E+05	-2.32E+05	3.80E+02	4.26E+02	4.05E+00	4.05E+00	9.38E+01	9.51E+01	1.05E+02
9578.75	8.24E+01	-2.50E+05	-2.33E+05	3.43E+02	3.89E+02	4.05E+00	4.05E+00	8.47E+01	8.69E+01	9.60E+01
9579	8.24E+01	-2.50E+05	-2.34E+05	3.25E+02	3.87E+02	4.05E+00	4.05E+00	8.02E+01	8.40E+01	9.56E+01
9579.25	8.23E+01	-2.51E+05	-2.35E+05	3.30E+02	3.65E+02	4.05E+00	4.05E+00	8.15E+01	8.27E+01	9.01E+01
9579.5	8.23E+01	-2.52E+05	-2.35E+05	2.56E+02	2.90E+02	4.05E+00	4.05E+00	6.32E+01	6.45E+01	7.16E+01
9579.75	8.23E+01	-2.53E+05	-2.36E+05	2.74E+02	3.26E+02	4.05E+00	4.05E+00	6.77E+01	6.96E+01	8.05E+01
9580	8.23E+01	-2.54E+05	-2.37E+05	2.76E+02	3.18E+02	4.05E+00	4.05E+00	6.81E+01	7.09E+01	7.85E+01
9580.25	8.23E+01	-2.55E+05	-2.38E+05	2.42E+02	2.89E+02	4.05E+00	4.05E+00	5.98E+01	6.17E+01	7.14E+01
9580.5	8.23E+01	-2.56E+05	-2.39E+05	1.96E+02	2.28E+02	4.05E+00	4.05E+00	4.84E+01	4.94E+01	5.63E+01
9580.75	8.23E+01	-2.57E+05	-2.40E+05	1.93E+02	2.36E+02	4.05E+00	4.05E+00	4.77E+01	4.94E+01	5.83E+01
9581	8.23E+01	-2.58E+05	-2.41E+05	1.81E+02	2.29E+02	4.05E+00	4.05E+00	4.47E+01	4.67E+01	5.65E+01
9581.25	8.23E+01	-2.59E+05	-2.42E+05	1.74E+02	2.21E+02	4.05E+00	4.05E+00	4.30E+01	4.52E+01	5.46E+01
9581.5	8.22E+01	-2.60E+05	-2.43E+05	1.37E+02	1.86E+02	4.05E+00	4.05E+00	3.38E+01	3.46E+01	4.59E+01
9581.75	8.22E+01	-2.61E+05	-2.44E+05	1.40E+02	1.76E+02	4.05E+00	4.05E+00	3.46E+01	3.48E+01	4.35E+01
9582	8.22E+01	-2.62E+05	-2.45E+05	1.27E+02	1.61E+02	4.05E+00	4.05E+00	3.14E+01	3.21E+01	3.98E+01
9582.25	8.22E+01	-2.63E+05	-2.46E+05	1.41E+02	1.90E+02	4.05E+00	4.05E+00	3.48E+01	3.78E+01	4.69E+01
9582.5	8.22E+01	-2.63E+05	-2.47E+05	1.33E+02	1.72E+02	4.05E+00	4.05E+00	3.28E+01	3.36E+01	4.25E+01
9582.75	8.22E+01	-2.64E+05	-2.48E+05	1.18E+02	1.60E+02	4.05E+00	4.05E+00	2.91E+01	3.14E+01	3.95E+01
9583	8.22E+01	-2.65E+05	-2.48E+05	9.50E+01	1.35E+02	4.05E+00	4.05E+00	2.35E+01	2.49E+01	3.33E+01
9583.25	8.22E+01	-2.66E+05	-2.49E+05	9.40E+01	1.39E+02	4.05E+00	4.05E+00	2.32E+01	2.44E+01	3.43E+01
9583.5	8.22E+01	-2.67E+05	-2.50E+05	9.40E+01	1.42E+02	4.05E+00	4.05E+00	2.32E+01	2.54E+01	3.51E+01
9583.75	8.22E+01	-2.68E+05	-2.51E+05	1.00E+02	1.52E+02	4.05E+00	4.05E+00	2.47E+01	2.67E+01	3.75E+01
9584	8.21E+01	-2.69E+05	-2.52E+05	7.00E+01	1.13E+02	4.05E+00	4.05E+00	1.73E+01	1.95E+01	2.79E+01
9584.25	8.21E+01	-2.70E+05	-2.53E+05	8.90E+01	1.22E+02	4.05E+00	4.05E+00	2.20E+01	2.27E+01	3.01E+01
9584.5	8.21E+01	-2.71E+05	-2.54E+05	7.60E+01	1.23E+02	4.05E+00	4.05E+00	1.88E+01	2.10E+01	3.04E+01
9584.75	8.21E+01	-2.72E+05	-2.55E+05	7.60E+01	1.17E+02	4.05E+00	4.05E+00	1.88E+01	2.05E+01	2.89E+01
9585	8.21E+01	-2.73E+05	-2.56E+05	5.60E+01	1.02E+02	4.05E+00	4.05E+00	1.38E+01	1.53E+01	2.52E+01
9585.25	8.21E+01	-2.73E+05	-2.57E+05	7.80E+01	1.35E+02	4.05E+00	4.05E+00	1.93E+01	2.05E+01	3.33E+01
9585.5	8.21E+01	-2.74E+05	-2.58E+05	5.80E+01	9.70E+01	4.05E+00	4.05E+00	1.43E+01	1.51E+01	2.40E+01
9585.75	8.21E+01	-2.75E+05	-2.58E+05	5.40E+01	8.00E+01	4.05E+00	4.05E+00	1.33E+01	1.41E+01	1.98E+01
9586	8.21E+01	-2.76E+05	-2.59E+05	5.30E+01	1.05E+02	4.05E+00	4.05E+00	1.31E+01	1.58E+01	2.59E+01
9586.25	8.20E+01	-2.77E+05	-2.60E+05	5.30E+01	8.90E+01	4.05E+00	4.05E+00	1.31E+01	1.46E+01	2.20E+01
9586.5	8.20E+01	-2.78E+05	-2.61E+05	4.90E+01	1.00E+02	4.05E+00	4.05E+00	1.21E+01	1.38E+01	2.47E+01
9586.75	8.20E+01	-2.79E+05	-2.62E+05	5.20E+01	9.10E+01	4.05E+00	4.05E+00	1.28E+01	1.38E+01	2.25E+01
9587	8.20E+01	-2.80E+05	-2.63E+05	4.70E+01	1.01E+02	4.05E+00	4.05E+00	1.16E+01	1.33E+01	2.49E+01
9587.25	8.20E+01	-2.81E+05	-2.64E+05	5.80E+01	1.04E+02	4.05E+00	4.05E+00	1.43E+01	1.65E+01	2.57E+01
9587.5	8.20E+01	-2.82E+05	-2.65E+05	3.00E+01	7.20E+01	4.05E+00	4.05E+00	7.41E+00	9.39E+00	1.78E+01
9587.75	8.20E+01	-2.82E+05	-2.66E+05	4.80E+01	9.20E+01	4.05E+00	4.05E+00	1.19E+01	1.36E+01	2.27E+01
9588	8.20E+01	-2.83E+05	-2.67E+05	3.80E+01	7.50E+01	4.05E+00	4.05E+00	9.39E+00	1.14E+01	1.85E+01
9588.25	8.20E+01	-2.84E+05	-2.67E+05	4.10E+01	8.50E+01	4.05E+00	4.05E+00	1.01E+01	1.21E+01	2.10E+01
9588.5	8.20E+01	-2.85E+05	-2.68E+05	3.90E+01	6.90E+01	4.05E+00	4.05E+00	9.63E+00	1.11E+01	1.70E+01
9588.75	8.19E+01	-2.86E+05	-2.69E+05	3.40E+01	6.80E+01	4.05E+00	4.05E+00	8.40E+00	9.88E+00	1.68E+01
9589	8.19E+01	-2.87E+05	-2.70E+05	2.50E+01	6.20E+01	4.05E+00	4.05E+00	6.17E+00	8.40E+00	1.53E+01
9589.25	8.19E+01	-2.88E+05	-2.71E+05	3.60E+01	7.50E+01	4.05E+00	4.05E+00	8.89E+00	9.39E+00	1.85E+01
9589.5	8.19E+01	-2.89E+05	-2.72E+05	3.10E+01	5.60E+01	4.05E+00	4.05E+00	7.65E+00	9.14E+00	1.38E+01
9589.75	8.19E+01	-2.90E+05	-2.73E+05	2.90E+01	7.30E+01	4.05E+00	4.05E+00	7.16E+00	8.40E+00	1.80E+01
9590	8.19E+01	-2.90E+05	-2.74E+05	3.70E+01	7.70E+01	4.05E+00	4.05E+00	9.14E+00	1.06E+01	1.90E+01
9590.25	8.19E+01	-2.91E+05	-2.75E+05	2.90E+01	7.00E+01	4.05E+00	4.05E+00	7.16E+00	8.15E+00	1.73E+01
9590.5	8.19E+01	-2.92E+05	-2.75E+05	1.90E+01	5.80E+01	4.05E+00	4.05E+00	4.69E+00	6.67E+00	1.43E+01
9590.75	8.19E+01	-2.93E+05	-2.76E+05	2.60E+01	5.90E+01	4.05E+00	4.05E+00	6.42E+00	7.16E+00	1.46E+01
9591	8.19E+01	-2.94E+05	-2.77E+05	2.00E+01	5.80E+01	4.05E+00	4.05E+00	4.94E+00	6.67E+00	1.43E+01
9591.25	8.18E+01	-2.95E+05	-2.78E+05	2.90E+01	6.10E+01	4.05E+00	4.05E+00	7.16E+00	8.40E+00	1.51E+01
9591.5	8.18E+01	-2.96E+05	-2.79E+05	2.40E+01	6.30E+01	4.05E+00	4.05E+00	5.93E+00	8.15E+00	1.56E+01
9591.75	8.18E+01	-2.97E+05	-2.80E+05	2.40E+01	5.10E+01	4.05E+00	4.05E+00	5.93E+00	6.92E+00	1.26E+01
9592	8.18E+01	-2.97E+05	-2.81E+05	1.60E+01	5.90E+01	4.05E+00	4.05E+00	3.95E+00	4.45E+00	1.46E+01
9592.25	8.18E+01	-2.98E+05	-2.82E+05	1.70E+01	6.20E+01	4.05E+00	4.05E+00	4.20E+00	5.93E+00	1.53E+01
9592.5	8.18E+01	-2.99E+05	-2.82E+05	2.20E+01	6.10E+01	4.05E+00	4.05E+00	5.43E+00	7.41E+00	1.51E+01
9592.75	8.18E+01	-3.00E+05	-2.83E+05	2.50E+01	6.40E+01	4.05E+00	4.05E+00	6.17E+00	8.15E+00	1.58E+01
9593	8.18E+01	-3.01E+05	-2.84E+05	1.30E+01	5.20E+01	4.05E+00	4.05E+00	3.21E+00	4.20E+00	1.28E+01
9593.25	8.18E+01	-3.02E+05	-2.85E+05	1.60E+01	6.20E+01	4.05E+00	4.05E+00	3.95E+00	6.42E+00	1.53E+01
9593.5	8.18E+01	-3.03E+05	-2.86E+05	1.90E+01	6.70E+01	4.05E+00	4.05E+00	4.69E+00	6.92E+00	1.65E+01
9593.75	8.17E+01	-3.03E+05	-2.87E+05	1.50E+01	5.40E+01	4.05E+00	4.05E+00	3.70E+00	5.43E+00	1.33E+01
9594	8.17E+01	-3.04E+05	-2.88E+05	2.10E+01	5.70E+01	4.05E+00	4.05E+00	5.19E+00	7.41E+00	1.41E+01
9594.25	8.17E+01	-3.05E+05	-2.88E+05	1.20E+01	5.00E+01	4.05E+00	4.05E+00	2.96E+00	4.20E+00	1.23E+01
9594.5	8.17E+01	-3.06E+05	-2.89E+05	1.20E+01	4.90E+01	4.05E+00	4.05E+00	2.96E+00	4.20E+00	1.21E+01
9594.75	8.17E+01	-3.07E+05	-2.90E+05	1.50E+01	4.90E+01	4.05E+00	4.05E+00	3.70E+00	4.94E+00	1.21E+01
9595	8.17E+01	-3.08E+05	-2.91E+05	1.50E+01	5.20E+01	4.05E+00	4.05E+00	3.70E+00	5.43E+00	1.28E+01
9595.25	8.17E+01	-3.09E+05	-2.92E+05	9.00E+00	4.70E+01	4.05E+00	4.05E+00	2.22E+00	3.46E+00	1.16E+01
9595.5	8.17E+01	-3.09E+05	-2.93E+05	9.00E+00	4.20E+01	4.05E+00	4.05E+00	2.22E+00	3.70E+00	1.04E+01
9595.75	8.17E+01	-3.10E+05	-2.94E+05	1.40E+01	6.10E+01	4.05E+00	4.05E+00	3.46E+00	4.69E+00	1.51E+01
9596	8.17E+01	-3.11E+05	-2.94E+05	1.10E+01	4.30E+01	4.05E+00	4.05E+00	2.72E+00	3.46E+00	1.06E+01
9596.25	8.16E+01	-3.12E+05	-2.95E+05	1.80E+01	5.80E+01	4.05E+00	4.05E+00	4.45E+00	6.42E+00	1.43E+01
9596.5	8.16E+01	-3.13E+05	-2.96E+05	8.00E+00	4.40E+01	4.05E+00	4.05E+00	1.98E+00	3.21E+00	1.09E+01
9596.75	8.16E+01	-3.14E+05	-2.97E+05	8.00E+00	5.00E+01	4.05E+00	4.05E+00	1.98E+00	3.21E+00	1.23E+01
9597	8.16E+01	-3.15E+05	-2.98E+05	1.20E+01	5.00E+01	4.05E+00	4.05E+00	2.96E+00	3.95E+00	1.23E+01
9597.25	8.16E+01	-3.15E+05	-2.99E+05	1.20E+01	4.70E+01	4.05E+00	4.05E+00	2.96E+00	3.95E+00	1.16E+01
9597.5	8.16E+01	-3.16E+05	-3.00E+05	1.10E+01	5.40E+01	4.05E+00	4.05E+00	2.72E+00	3.95E+00	1.33E+01
9597.75	8.16E+01	-3.17E+05	-3.00E+05	1.00E+01	5.40E+01	4.05E+00	4.05E+00	2.47E+00	3.70E+00	1.33E+01
9598	8.16E+01	-3.18E+05	-3.01E+05	9.00E+00	4.00E+01	4.05E+00	4.05E+00	2.22E+00	3.46E+00	9.88E+00
9598.25	8.16E+01	-3.19E+05	-3.02E+05	8.00E+00	4.00E+01	4.05E+00	4.05E+00	1.98E+00	3.70E+00	9.88E+00
9598.5	8.16E+01	-3.20E+05	-3.03E+05	2.10E+01	4.90E+01	4.05E+00	4.05E+00	5.19E+00	5.68E+00	1.21E+01
9598.75	8.15E+01	-3.21E+05	-3.04E+05	1.50E+01	5.90E+01	4.05E+00	4.05E+00	3.70E+00	4.69E+00	1.46E+01
9599	8.15E+01	-3.21E+05	-3.05E+05	9.00E+00	5.10E+01	4.05E+00	4.05E+00	2.22E+00	4.20E+00	1.26E+01
9599.25	8.15E+01	-3.22E+05	-3.05E+05	1.30E+01	5.00E+01	4.05E+00	4.05E+00	3.21E+00	5.93E+00	1.23E+01
9599.5	8.15E+01	-3.23E+05	-3.06E+05	8.00E+00	5.00E+01	4.05E+00	4.05E+00	1.97E+00	2.96E+00	1.23E+01
9599.75	8.15E+01	-3.24E+05	-3.07E+05	8.00E+00	4.60E+01	4.05E+00	4.05E+00	1.98E+00	3.21E+00	1.14E+01
9600	8.15E+01	-3.25E+05	-3.08E+05	1.10E+01	6.10E+01	4.05E+00	4.05E+00	2.72E+00	5.68E+00	1.51E+01
9600.25	8.15E+01	-3.26E+05	-3.09E+05	8.00E+00	4.40E+01	4.05E+00	4.05E+00	1.98E+00	2.96E+00	1.09E+01
9600.5	8.15E+01	-3.26E+05	-3.10E+05	6.00E+00	4.10E+01	4.05E+00	4.05E+00	1.48E+00	2.47E+00	1.01E+01
9600.75	8.15E+01	-3.27E+05	-3.10E+05	6.00E+00	3.90E+01	4.05E+00	4.05E+00	1.48E+00	1.98E+00	9.63E+00
9601	8.15E+01	-3.28E+05	-3.11E+05	4.00E+00	4.70E+01	4.05E+00	4.05E+00	9.88E-01	2.72E+00	1.16E+01
9601.25	8.14E+01	-3.29E+05	-3.12E+05	1.00E+01	4.80E+01	4.05E+00	4.05E+00	2.47E+00	3.95E+00	1.19E+01
9601.5	8.14E+01	-3.30E+05	-3.13E+05	7.00E+00	3.50E+01	4.05E+00	4.05E+00	1.73E+00	2.22E+00	8.64E+00
9601.75	8.14E+01	-3.31E+05	-3.14E+05	6.00E+00	4.00E+01	4.05E+00	4.05E+00	1.48E+00	2.47E+00	9.88E+00
9602	8.14E+01	-3.31E+05	-3.15E+05	1.50E+01	5.00E+01	4.05E+00	4.05E+00	3.70E+00	4.44E+00	1.23E+01
9602.25	8.14E+01	-3.32E+05	-3.15E+05	9.00E+00	5.80E+01	4.05E+00	4.05E+00	2.22E+00	3.70E+00	1.43E+01
9602.5	8.14E+01	-3.33E+05	-3.16E+05	6.00E+00	5.60E+01	4.05E+00	4.05E+00	1.48E+00	3.70E+00	1.38E+01
9602.75	8.14E+01	-3.34E+05	-3.17E+05	3.00E+00	4.70E+01	4.05E+00	4.05E+00	7.41E-01	3.46E+00	1.16E+01
9603	8.14E+01	-3.35E+05	-3.18E+05	5.00E+00	4.30E+01	4.05E+00	4.05E+00	1.23E+00	1.97E+00	1.06E+01
9603.25	8.14E+01	-3.35E+05	-3.19E+05	8.00E+00	3.90E+01	4.05E+00	4.05E+00	1.98E+00	2.47E+00	9.63E+00
9603.5	8.14E+01	-3.36E+05	-3.20E+05	7.00E+00	5.10E+01	4.05E+00	4.05E+00	1.73E+00	3.70E+00	1.26E+01
9603.75	8.13E+01	-3.37E+05	-3.20E+05	7.00E+00	5.00E+01	4.05E+00	4.05E+00	1.73E+00	2.47E+00	1.23E+01
9604	8.13E+01	-3.38E+05	-3.21E+05	8.00E+00	5.00E+01	4.05E+00	4.05E+00	1.98E+00	2.47E+00	1.23E+01
9604.25	8.13E+01	-3.39E+05	-3.22E+05	1.00E+01	4.80E+01	4.05E+00	4.05E+00	2.47E+00	3.21E+00	1.19E+01
9604.5	8.13E+01	-3.40E+05	-3.23E+05	1.00E+01	4.50E+01	4.05E+00	4.05E+00	2.47E+00	2.96E+00	1.11E+01
9604.75	8.13E+01	-3.40E+05	-3.24E+05	1.20E+01	4.70E+01	4.05E+00	4.05E+00	2.96E+00	3.95E+00	1.16E+01
9605	8.13E+01	-3.41E+05	-3.24E+05	2.00E+00	5.00E+01	4.05E+00	4.05E+00	4.94E-01	2.22E+00	1.23E+01
9605.25	8.13E+01	-3.42E+05	-3.25E+05	7.00E+00	3.90E+01	4.05E+00	4.05E+00	1.73E+00	2.96E+00	9.63E+00
9605.5	8.13E+01	-3.43E+05	-3.26E+05	2.00E+00	3.50E+01	4.05E+00	4.05E+00	4.94E-01	9.88E-01	8.65E+00
9605.75	8.13E+01	-3.44E+05	-3.27E+05	1.30E+01	5.20E+01	4.05E+00	4.05E+00	3.21E+00	4.94E+00	1.28E+01
9606	8.13E+01	-3.44E+05	-3.28E+05	8.00E+00	4.50E+01	4.05E+00	4.05E+00	1.98E+00	3.21E+00	1.11E+01
9606.25	8.13E+01	-3.45E+05	-3.29E+05	5.00E+00	4.00E+01	4.05E+00	4.05E+00	1.23E+00	2.22E+00	9.87E+00
9606.5	8.12E+01	-3.46E+05	-3.29E+05	6.00E+00	4.50E+01	4.05E+00	4.05E+00	1.48E+00	3.46E+00	1.11E+01
9606.75	8.12E+01	-3.47E+05	-3.30E+05	4.00E+00	4.00E+01	4.05E+00	4.05E+00	9.88E-01	1.48E+00	9.88E+00
9607	8.12E+01	-3.48E+05	-3.31E+05	8.00E+00	4.00E+01	4.05E+00	4.05E+00	1.98E+00	3.71E+00	9.88E+00
9607.25	8.12E+01	-3.48E+05	-3.32E+05	3.00E+00	4.00E+01	4.05E+00	4.05E+00	7.41E-01	2.22E+00	9.88E+00
9607.5	8.12E+01	-3.49E+05	-3.33E+05	6.00E+00	3.50E+01	4.05E+00	4.05E+00	1.48E+00	2.47E+00	8.64E+00
9607.75	8.12E+01	-3.50E+05	-3.33E+05	4.00E+00	4.10E+01	4.05E+00	4.05E+00	9.88E-01	1.48E+00	1.01E+01
9608	8.12E+01	-3.51E+05	-3.34E+05	7.00E+00	5.30E+01	4.05E+00	4.05E+00	1.73E+00	2.96E+00	1.31E+01
9608.25	8.12E+01	-3.52E+05	-3.35E+05	9.00E+00	5.00E+01	4.05E+00	4.05E+00	2.22E+00	3.95E+00	1.23E+01
9608.5	8.12E+01	-3.52E+05	-3.36E+05	5.00E+00	5.40E+01	4.05E+00	4.05E+00	1.23E+00	2.96E+00	1.33E+01
9608.75	8.12E+01	-3.53E+05	-3.37E+05	8.00E+00	4.30E+01	4.05E+00	4.05E+00	1.98E+00	2.96E+00	1.06E+01
9609	8.12E+01	-3.54E+05	-3.37E+05	3.00E+00	5.10E+01	4.05E+00	4.05E+00	7.41E-01	1.73E+00	1.26E+01
9609.25	8.11E+01	-3.55E+05	-3.38E+05	8.00E+00	4.30E+01	4.05E+00	4.05E+00	1.97E+00	4.44E+00	1.06E+01
9609.5	8.11E+01	-3.56E+05	-3.39E+05	6.00E+00	4.50E+01	4.05E+00	4.05E+00	1.48E+00	2.22E+00	1.11E+01
9609.75	8.11E+01	-3.56E+05	-3.40E+05	8.00E+00	4.90E+01	4.05E+00	4.05E+00	1.98E+00	3.95E+00	1.21E+01
9610	8.11E+01	-3.57E+05	-3.41E+05	4.00E+00	4.00E+01	4.05E+00	4.05E+00	9.88E-01	1.98E+00	9.88E+00
9610.25	8.11E+01	-3.58E+05	-3.41E+05	5.00E+00	4.00E+01	4.05E+00	4.05E+00	1.23E+00	2.72E+00	9.88E+00
9610.5	8.11E+01	-3.59E+05	-3.42E+05	1.00E+00	3.90E+01	4.05E+00	4.05E+00	2.47E-01	1.48E+00	9.63E+00
9610.75	8.11E+01	-3.60E+05	-3.43E+05	4.00E+00	3.70E+01	4.05E+00	4.05E+00	9.88E-01	2.96E+00	9.14E+00
9611	8.11E+01	-3.60E+05	-3.44E+05	6.00E+00	6.50E+01	4.05E+00	4.05E+00	1.48E+00	3.46E+00	1.60E+01
9611.25	8.11E+01	-3.61E+05	-3.45E+05	4.00E+00	4.40E+01	4.05E+00	4.05E+00	9.88E-01	3.21E+00	1.09E+01
9611.5	8.11E+01	-3.62E+05	-3.45E+05	3.00E+00	4.00E+01	4.05E+00	4.05E+00	7.41E-01	2.72E+00	9.87E+00
9611.75	8.10E+01	-3.63E+05	-3.46E+05	5.00E+00	4.90E+01	4.05E+00	4.05E+00	1.23E+00	2.96E+00	1.21E+01
9612	8.10E+01	-3.64E+05	-3.47E+05	3.00E+00	5.10E+01	4.05E+00	4.05E+00	7.41E-01	2.47E+00	1.26E+01
9612.25	8.10E+01	-3.64E+05	-3.48E+05	1.10E+01	4.80E+01	4.05E+00	4.05E+00	2.72E+00	4.69E+00	1.19E+01
9612.5	8.10E+01	-3.65E+05	-3.49E+05	4.00E+00	4.50E+01	4.05E+00	4.05E+00	9.87E-01	2.72E+00	1.11E+01
9612.75	8.10E+01	-3.66E+05	-3.49E+05	2.00E+00	3.40E+01	4.05E+00	4.05E+00	4.94E-01	9.88E-01	8.40E+00
9613	8.10E+01	-3.67E+05	-3.50E+05	4.00E+00	4.30E+01	4.05E+00	4.05E+00	9.88E-01	1.98E+00	1.06E+01
9613.25	8.10E+01	-3.68E+05	-3.51E+05	4.00E+00	5.20E+01	4.05E+00	4.05E+00	9.88E-01	2.96E+00	1.28E+01
9613.5	8.10E+01	-3.68E+05	-3.52E+05	5.00E+00	4.70E+01	4.05E+00	4.05E+00	1.23E+00	3.21E+00	1.16E+01
9613.75	8.10E+01	-3.69E+05	-3.52E+05	4.00E+00	3.80E+01	4.05E+00	4.05E+00	9.88E-01	1.48E+00	9.39E+00
9614	8.10E+01	-3.70E+05	-3.53E+05	2.00E+00	3.80E+01	4.05E+00	4.05E+00	4.94E-01	1.48E+00	9.39E+00
9614.25	8.10E+01	-3.71E+05	-3.54E+05	4.00E+00	3.70E+01	4.05E+00	4.05E+00	9.87E-01	1.23E+00	9.14E+00
9614.5	8.09E+01	-3.71E+05	-3.55E+05	5.00E+00	4.50E+01	4.05E+00	4.05E+00	1.23E+00	2.47E+00	1.11E+01
9614.75	8.09E+01	-3.72E+05	-3.56E+05	2.00E+00	3.60E+01	4.05E+00	4.05E+00	4.94E-01	2.96E+00	8.89E+00
9615	8.09E+01	-3.73E+05	-3.56E+05	7.00E+00	5.30E+01	4.05E+00	4.05E+00	1.73E+00	2.72E+00	1.31E+01
9615.25	8.09E+01	-3.74E+05	-3.57E+05	6.00E+00	4.40E+01	4.05E+00	4.05E+00	1.48E+00	2.72E+00	1.09E+01
9615.5	8.09E+01	-3.75E+05	-3.58E+05	2.00E+00	4.00E+01	4.05E+00	4.05E+00	4.94E-01	1.73E+00	9.88E+00
9615.75	8.09E+01	-3.75E+05	-3.59E+05	3.00E+00	3.80E+01	4.05E+00	4.05E+00	7.41E-01	9.88E-01	9.38E+00
9616	8.09E+01	-3.76E+05	-3.59E+05	3.00E+00	3.90E+01	4.05E+00	4.05E+00	7.41E-01	1.98E+00	9.63E+00
9616.25	8.09E+01	-3.77E+05	-3.60E+05	6.00E+00	4.40E+01	4.05E+00	4.05E+00	1.48E+00	2.47E+00	1.09E+01
9616.5	8.09E+01	-3.78E+05	-3.61E+05	2.00E+00	5.10E+01	4.05E+00	4.05E+00	4.94E-01	2.47E+00	1.26E+01
9616.75	8.09E+01	-3.78E+05	-3.62E+05	3.00E+00	3.90E+01	4.05E+00	4.05E+00	7.41E-01	1.73E+00	9.63E+00
9617	8.09E+01	-3.79E+05	-3.63E+05	4.00E+00	6.10E+01	4.05E+00	4.05E+00	9.87E-01	2.22E+00	1.51E+01
9617.25	8.08E+01	-3.80E+05	-3.63E+05	0.00E+00	4.00E+01	4.05E+00	4.05E+00	0.00E+00	1.73E+00	9.88E+00
9617.5	8.08E+01	-3.81E+05	-3.64E+05	6.00E+00	4.00E+01	4.05E+00	4.05E+00	1.48E+00	2.72E+00	9.88E+00
9617.75	8.08E+01	-3.81E+05	-3.65E+05	2.00E+00	5.30E+01	4.05E+00	4.05E+00	4.94E-01	3.70E+00	1.31E+01
9618	8.08E+01	-3.82E+05	-3.66E+05	3.00E+00	4.00E+01	4.05E+00	4.05E+00	7.41E-01	1.98E+00	9.88E+00
9618.25	8.08E+01	-3.83E+05	-3.66E+05	3.00E+00	3.50E+01	4.05E+00	4.05E+00	7.41E-01	2.47E+00	8.64E+00
9618.5	8.08E+01	-3.84E+05	-3.67E+05	2.00E+00	4.30E+01	4.05E+00	4.05E+00	4.94E-01	1.73E+00	1.06E+01
9618.75	8.08E+01	-3.85E+05	-3.68E+05	3.00E+00	4.90E+01	4.05E+00	4.05E+00	7.41E-01	1.98E+00	1.21E+01
9619	8.08E+01	-3.85E+05	-3.69E+05	6.00E+00	5.10E+01	4.05E+00	4.05E+00	1.48E+00	3.21E+00	1.26E+01
9619.25	8.08E+01	-3.86E+05	-3.69E+05	1.10E+01	4.30E+01	4.05E+00	4.05E+00	2.72E+00	3.70E+00	1.06E+01
9619.5	8.08E+01	-3.87E+05	-3.70E+05	2.00E+00	3.40E+01	4.05E+00	4.05E+00	4.94E-01	2.22E+00	8.40E+00
9619.75	8.08E+01	-3.88E+05	-3.71E+05	2.00E+00	4.10E+01	4.05E+00	4.05E+00	4.94E-01	1.48E+00	1.01E+01
9620	8.07E+01	-3.88E+05	-3.72E+05	6.00E+00	5.10E+01	4.05E+00	4.05E+00	1.48E+00	4.69E+00	1.26E+01
9620.25	8.07E+01	-3.89E+05	-3.73E+05	4.00E+00	4.80E+01	4.05E+00	4.05E+00	9.88E-01	1.98E+00	1.19E+01
9620.5	8.07E+01	-3.90E+05	-3.73E+05	2.00E+00	4.20E+01	4.05E+00	4.05E+00	4.94E-01	1.23E+00	1.04E+01
9620.75	8.07E+01	-3.91E+05	-3.74E+05	2.00E+00	4.20E+01	4.05E+00	4.05E+00	4.94E-01	1.48E+00	1.04E+01
9621	8.07E+01	-3.91E+05	-3.75E+05	4.00E+00	4.20E+01	4.05E+00	4.05E+00	9.88E-01	1.98E+00	1.04E+01
9621.25	8.07E+01	-3.92E+05	-3.76E+05	5.00E+00	4.80E+01	4.05E+00	4.05E+00	1.23E+00	3.70E+00	1.19E+01
9621.5	8.07E+01	-3.93E+05	-3.76E+05	6.00E+00	4.80E+01	4.05E+00	4.05E+00	1.48E+00	3.21E+00	1.19E+01
9621.75	8.07E+01	-3.94E+05	-3.77E+05	1.00E+00	4.10E+01	4.05E+00	4.05E+00	2.47E-01	2.22E+00	1.01E+01
9622	8.07E+01	-3.94E+05	-3.78E+05	3.00E+00	4.40E+01	4.05E+00	4.05E+00	7.41E-01	2.47E+00	1.09E+01
9622.25	8.07E+01	-3.95E+05	-3.79E+05	3.00E+00	3.80E+01	4.05E+00	4.05E+00	7.41E-01	1.97E+00	9.38E+00
9622.5	8.07E+01	-3.96E+05	-3.79E+05	5.00E+00	5.20E+01	4.05E+00	4.05E+00	1.23E+00	3.46E+00	1.28E+01
9622.75	8.06E+01	-3.97E+05	-3.80E+05	2.00E+00	3.30E+01	4.05E+00	4.05E+00	4.94E-01	1.48E+00	8.15E+00
9623	8.06E+01	-3.97E+05	-3.81E+05	1.00E+00	3.90E+01	4.05E+00	4.05E+00	2.47E-01	1.23E+00	9.63E+00
9623.25	8.06E+01	-3.98E+05	-3.82E+05	1.00E+00	4.10E+01	4.05E+00	4.05E+00	2.47E-01	4.94E-01	1.01E+01
9623.5	8.06E+01	-3.99E+05	-3.82E+05	1.00E+00	3.20E+01	4.05E+00	4.05E+00	2.47E-01	1.98E+00	7.90E+00
9623.75	8.06E+01	-4.00E+05	-3.83E+05	4.00E+00	4.60E+01	4.05E+00	4.05E+00	9.88E-01	1.98E+00	1.14E+01
9624	8.06E+01	-4.00E+05	-3.84E+05	5.00E+00	4.60E+01	4.05E+00	4.05E+00	1.23E+00	2.47E+00	1.14E+01
9624.25	8.06E+01	-4.01E+05	-3.85E+05	4.00E+00	4.10E+01	4.05E+00	4.05E+00	9.88E-01	1.73E+00	1.01E+01
9624.5	8.06E+01	-4.02E+05	-3.85E+05	4.00E+00	4.00E+01	4.05E+00	4.05E+00	9.88E-01	2.47E+00	9.88E+00
9624.75	8.06E+01	-4.03E+05	-3.86E+05	3.00E+00	3.80E+01	4.05E+00	4.05E+00	7.41E-01	1.98E+00	9.39E+00
9625	8.06E+01	-4.03E+05	-3.87E+05	4.00E+00	3.30E+01	4.05E+00	4.05E+00	9.88E-01	1.73E+00	8.15E+00
9625.25	8.06E+01	-4.04E+05	-3.88E+05	3.00E+00	4.10E+01	4.05E+00	4.05E+00	7.41E-01	2.22E+00	1.01E+01
9625.5	8.06E+01	-4.05E+05	-3.88E+05	3.00E+00	4.20E+01	4.05E+00	4.05E+00	7.41E-01	2.22E+00	1.04E+01
9625.75	8.05E+01	-4.06E+05	-3.89E+05	7.00E+00	5.10E+01	4.05E+00	4.05E+00	1.73E+00	3.21E+00	1.26E+01
9626	8.05E+01	-4.06E+05	-3.90E+05	3.00E+00	3.70E+01	4.05E+00	4.05E+00	7.41E-01	2.47E+00	9.14E+00
9626.25	8.05E+01	-4.07E+05	-3.91E+05	3.00E+00	4.40E+01	4.05E+00	4.05E+00	7.41E-01	1.23E+00	1.09E+01
9626.5	8.05E+01	-4.08E+05	-3.91E+05	2.00E+00	5.60E+01	4.05E+00	4.05E+00	4.94E-01	3.21E+00	1.38E+01
9626.75	8.05E+01	-4.09E+05	-3.92E+05	5.00E+00	4.50E+01	4.05E+00	4.05E+00	1.23E+00	2.22E+00	1.11E+01
9627	8.05E+01	-4.09E+05	-3.93E+05	3.00E+00	3.80E+01	4.05E+00	4.05E+00	7.41E-01	2.47E+00	9.38E+00
9627.25	8.05E+01	-4.10E+05	-3.93E+05	3.00E+00	4.40E+01	4.05E+00	4.05E+00	7.41E-01	2.22E+00	1.09E+01
9627.5	8.05E+01	-4.11E+05	-3.94E+05	2.00E+00	3.60E+01	4.05E+00	4.05E+00	4.94E-01	2.47E+00	8.89E+00
9627.75	8.05E+01	-4.11E+05	-3.95E+05	0.00E+00	3.50E+01	4.05E+00	4.05E+00	0.00E+00	7.41E-01	8.64E+00
9628	8.05E+01	-4.12E+05	-3.96E+05	5.00E+00	5.40E+01	4.05E+00	4.05E+00	1.23E+00	1.98E+00	1.33E+01
9628.25	8.05E+01	-4.13E+05	-3.96E+05	3.00E+00	5.00E+01	4.05E+00	4.05E+00	7.41E-01	1.98E+00	1.23E+01
9628.5	8.04E+01	-4.14E+05	-3.97E+05	2.00E+00	4.00E+01	4.05E+00	4.05E+00	4.94E-01	9.88E-01	9.88E+00
9628.75	8.04E+01	-4.14E+05	-3.98E+05	5.00E+00	4.10E+01	4.05E+00	4.05E+00	1.23E+00	3.21E+00	1.01E+01
9629	8.04E+01	-4.15E+05	-3.99E+05	6.00E+00	4.80E+01	4.05E+00	4.05E+00	1.48E+00	3.70E+00	1.19E+01
9629.25	8.04E+01	-4.16E+05	-3.99E+05	3.00E+00	3.80E+01	4.05E+00	4.05E+00	7.41E-01	1.23E+00	9.38E+00
9629.5	8.04E+01	-4.17E+05	-4.00E+05	1.00E+00	3.80E+01	4.05E+00	4.05E+00	2.47E-01	1.48E+00	9.39E+00
9629.75	8.04E+01	-4.17E+05	-4.01E+05	4.00E+00	4.10E+01	4.05E+00	4.05E+00	9.88E-01	2.22E+00	1.01E+01
9630	8.04E+01	-4.18E+05	-4.02E+05	3.90E+01	4.38E+02	4.01E+01	4.01E+01	9.74E-01	2.30E+00	1.09E+01
9630.25	8.04E+01	-4.19E+05	-4.02E+05	3.20E+01	3.79E+02	4.01E+01	4.01E+01	7.99E-01	2.17E+00	9.46E+00
9630.5	8.04E+01	-4.20E+05	-4.03E+05	3.90E+01	4.32E+02	4.01E+01	4.01E+01	9.74E-01	2.02E+00	1.08E+01
9630.75	8.04E+01	-4.20E+05	-4.04E+05	4.90E+01	4.37E+02	4.01E+01	4.01E+01	1.22E+00	2.42E+00	1.09E+01
9631	8.04E+01	-4.21E+05	-4.04E+05	4.20E+01	4.27E+02	4.01E+01	4.01E+01	1.05E+00	2.17E+00	1.07E+01
9631.25	8.04E+01	-4.22E+05	-4.05E+05	3.60E+01	4.38E+02	4.01E+01	4.01E+01	8.99E-01	2.60E+00	1.09E+01
9631.5	8.03E+01	-4.22E+05	-4.06E+05	3.20E+01	4.45E+02	4.01E+01	4.01E+01	7.99E-01	2.25E+00	1.11E+01
9631.75	8.03E+01	-4.23E+05	-4.07E+05	3.60E+01	4.00E+02	4.01E+01	4.01E+01	8.99E-01	2.10E+00	9.99E+00
9632	8.03E+01	-4.24E+05	-4.07E+05	4.60E+01	4.11E+02	4.00E+01	4.00E+01	1.15E+00	2.65E+00	1.03E+01
9632.25	8.03E+01	-4.25E+05	-4.08E+05	2.00E+01	3.91E+02	4.00E+01	4.01E+01	4.99E-01	1.87E+00	9.76E+00
9632.5	8.03E+01	-4.25E+05	-4.09E+05	3.70E+01	4.38E+02	4.01E+01	4.01E+01	9.24E-01	2.20E+00	1.09E+01
9632.75	8.03E+01	-4.26E+05	-4.10E+05	2.70E+01	3.99E+02	4.01E+01	4.01E+01	6.74E-01	1.77E+00	9.96E+00
9633	8.03E+01	-4.27E+05	-4.10E+05	2.10E+01	3.89E+02	4.01E+01	4.01E+01	5.24E-01	1.95E+00	9.71E+00
9633.25	8.03E+01	-4.27E+05	-4.11E+05	3.60E+01	4.45E+02	4.01E+01	4.01E+01	8.99E-01	2.52E+00	1.11E+01
9633.5	8.03E+01	-4.28E+05	-4.12E+05	4.30E+01	4.75E+02	4.01E+01	4.01E+01	1.07E+00	2.70E+00	1.19E+01
9633.75	8.03E+01	-4.29E+05	-4.12E+05	4.20E+01	4.44E+02	4.01E+01	4.01E+01	1.05E+00	2.32E+00	1.11E+01
9634	8.03E+01	-4.30E+05	-4.13E+05	4.30E+01	4.36E+02	4.01E+01	4.01E+01	1.07E+00	2.42E+00	1.09E+01
9634.25	8.03E+01	-4.30E+05	-4.14E+05	4.20E+01	4.21E+02	4.01E+01	4.01E+01	1.05E+00	2.55E+00	1.05E+01
9634.5	8.02E+01	-4.31E+05	-4.15E+05	4.40E+01	4.19E+02	4.01E+01	4.01E+01	1.10E+00	2.57E+00	1.05E+01
9634.75	8.02E+01	-4.32E+05	-4.15E+05	3.90E+01	3.88E+02	4.01E+01	4.01E+01	9.74E-01	2.17E+00	9.69E+00
9635	8.02E+01	-4.32E+05	-4.16E+05	3.50E+01	4.28E+02	4.01E+01	4.01E+01	8.74E-01	2.27E+00	1.07E+01
9635.25	8.02E+01	-4.33E+05	-4.17E+05	4.10E+01	4.45E+02	4.00E+01	4.01E+01	1.02E+00	2.35E+00	1.11E+01
9635.5	8.02E+01	-4.34E+05	-4.17E+05	4.80E+01	4.48E+02	4.01E+01	4.01E+01	1.20E+00	2.12E+00	1.12E+01
9635.75	8.02E+01	-4.35E+05	-4.18E+05	3.50E+01	4.11E+02	4.00E+01	4.01E+01	8.74E-01	2.20E+00	1.03E+01
9636	8.02E+01	-4.35E+05	-4.19E+05	4.40E+01	4.12E+02	4.01E+01	4.01E+01	1.10E+00	2.62E+00	1.03E+01
9636.25	8.02E+01	-4.36E+05	-4.20E+05	4.00E+01	4.46E+02	4.01E+01	4.01E+01	9.99E-01	2.22E+00	1.11E+01
9636.5	8.02E+01	-4.37E+05	-4.20E+05	3.60E+01	3.99E+02	4.01E+01	4.01E+01	8.99E-01	2.27E+00	9.96E+00
9636.75	8.02E+01	-4.37E+05	-4.21E+05	3.70E+01	4.36E+02	4.01E+01	4.01E+01	9.24E-01	2.37E+00	1.09E+01
9637	8.02E+01	-4.38E+05	-4.22E+05	3.90E+01	4.10E+02	4.01E+01	4.01E+01	9.74E-01	2.10E+00	1.02E+01
9637.25	8.01E+01	-4.39E+05	-4.22E+05	3.80E+01	3.87E+02	4.01E+01	4.01E+01	9.49E-01	2.32E+00	9.66E+00
9637.5	8.01E+01	-4.40E+05	-4.23E+05	4.00E+01	4.18E+02	4.01E+01	4.01E+01	9.99E-01	1.82E+00	1.04E+01
9637.75	8.01E+01	-4.40E+05	-4.24E+05	4.20E+01	4.37E+02	4.01E+01	4.01E+01	1.05E+00	2.60E+00	1.09E+01
9638	8.01E+01	-4.41E+05	-4.25E+05	3.40E+01	4.06E+02	4.01E+01	4.01E+01	8.49E-01	2.15E+00	1.01E+01
9638.25	8.01E+01	-4.42E+05	-4.25E+05	5.00E+01	4.29E+02	4.01E+01	4.01E+01	1.25E+00	3.10E+00	1.07E+01
9638.5	8.01E+01	-4.42E+05	-4.26E+05	4.50E+01	4.21E+02	4.01E+01	4.01E+01	1.12E+00	2.07E+00	1.05E+01
9638.75	8.01E+01	-4.43E+05	-4.27E+05	3.50E+01	4.05E+02	4.01E+01	4.01E+01	8.74E-01	2.07E+00	1.01E+01
9639	8.01E+01	-4.44E+05	-4.27E+05	3.90E+01	4.39E+02	4.01E+01	4.01E+01	9.74E-01	2.35E+00	1.10E+01
9639.25	8.01E+01	-4.44E+05	-4.28E+05	3.80E+01	3.97E+02	4.00E+01	4.01E+01	9.49E-01	1.95E+00	9.91E+00
9639.5	8.01E+01	-4.45E+05	-4.29E+05	3.60E+01	4.11E+02	4.01E+01	4.01E+01	8.99E-01	2.25E+00	1.03E+01
9639.75	8.01E+01	-4.46E+05	-4.29E+05	3.70E+01	4.28E+02	4.00E+01	4.01E+01	9.24E-01	2.37E+00	1.07E+01
9640	8.01E+01	-4.47E+05	-4.30E+05	4.00E+01	4.08E+02	4.01E+01	4.01E+01	9.99E-01	2.22E+00	1.02E+01
9640.25	8.00E+01	-4.47E+05	-4.31E+05	4.40E+01	4.11E+02	4.01E+01	4.01E+01	1.10E+00	2.25E+00	1.03E+01
9640.5	8.00E+01	-4.48E+05	-4.32E+05	2.90E+01	4.29E+02	4.01E+01	4.01E+01	7.24E-01	2.02E+00	1.07E+01
9640.75	8.00E+01	-4.49E+05	-4.32E+05	4.00E+01	4.23E+02	4.01E+01	4.01E+01	9.99E-01	2.52E+00	1.06E+01
9641	8.00E+01	-4.49E+05	-4.33E+05	4.40E+01	4.29E+02	4.01E+01	4.01E+01	1.10E+00	2.45E+00	1.07E+01
9641.25	8.00E+01	-4.50E+05	-4.34E+05	4.30E+01	3.86E+02	4.01E+01	4.01E+01	1.07E+00	1.80E+00	9.64E+00
9641.5	8.00E+01	-4.51E+05	-4.34E+05	4.70E+01	4.13E+02	4.01E+01	4.01E+01	1.17E+00	2.62E+00	1.03E+01
9641.75	8.00E+01	-4.51E+05	-4.35E+05	3.90E+01	3.94E+02	4.01E+01	4.01E+01	9.74E-01	2.35E+00	9.84E+00
9642	8.00E+01	-4.52E+05	-4.36E+05	4.00E+01	3.97E+02	4.01E+01	4.01E+01	9.99E-01	1.92E+00	9.91E+00
9642.25	8.00E+01	-4.53E+05	-4.36E+05	4.60E+01	4.38E+02	4.01E+01	4.01E+01	1.15E+00	2.30E+00	1.09E+01
9642.5	8.00E+01	-4.54E+05	-4.37E+05	3.20E+01	4.43E+02	4.01E+01	4.01E+01	7.99E-01	2.27E+00	1.11E+01
9642.75	8.00E+01	-4.54E+05	-4.38E+05	3.70E+01	4.21E+02	4.01E+01	4.01E+01	9.24E-01	2.25E+00	1.05E+01
9643	8.00E+01	-4.55E+05	-4.39E+05	3.00E+01	3.83E+02	4.01E+01	4.01E+01	7.49E-01	1.77E+00	9.56E+00
9643.25	8.00E+01	-4.56E+05	-4.39E+05	4.30E+01	4.61E+02	4.01E+01	4.01E+01	1.07E+00	2.10E+00	1.15E+01
9643.5	7.99E+01	-4.56E+05	-4.40E+05	4.40E+01	4.11E+02	4.00E+01	4.01E+01	1.10E+00	2.17E+00	1.03E+01
9643.75	7.99E+01	-4.57E+05	-4.41E+05	3.50E+01	4.45E+02	4.00E+01	4.01E+01	8.74E-01	2.67E+00	1.11E+01
9644	7.99E+01	-4.58E+05	-4.41E+05	5.10E+01	4.27E+02	4.01E+01	4.01E+01	1.27E+00	2.32E+00	1.07E+01
9644.25	7.99E+01	-4.58E+05	-4.42E+05	3.70E+01	3.85E+02	4.01E+01	4.01E+01	9.24E-01	2.12E+00	9.61E+00
9644.5	7.99E+01	-4.59E+05	-4.43E+05	3.10E+01	4.03E+02	4.00E+01	4.00E+01	7.74E-01	2.07E+00	1.01E+01
9644.75	7.99E+01	-4.60E+05	-4.43E+05	3.20E+01	3.92E+02	4.01E+01	4.01E+01	7.99E-01	2.00E+00	9.79E+00
9645	7.99E+01	-4.60E+05	-4.44E+05	3.50E+01	3.88E+02	4.01E+01	4.01E+01	8.74E-01	2.05E+00	9.69E+00
9645.25	7.99E+01	-4.61E+05	-4.45E+05	4.40E+01	4.11E+02	4.00E+01	4.01E+01	1.10E+00	2.07E+00	1.03E+01
9645.5	7.99E+01	-4.62E+05	-4.45E+05	3.80E+01	4.43E+02	4.01E+01	4.01E+01	9.49E-01	2.32E+00	1.11E+01
9645.75	7.99E+01	-4.62E+05	-4.46E+05	4.90E+01	4.62E+02	4.01E+01	4.01E+01	1.22E+00	2.60E+00	1.15E+01
9646	7.99E+01	-4.63E+05	-4.47E+05	4.00E+01	4.26E+02	4.01E+01	4.01E+01	9.99E-01	2.05E+00	1.06E+01
9646.25	7.99E+01	-4.64E+05	-4.47E+05	3.90E+01	4.11E+02	4.01E+01	4.01E+01	9.74E-01	2.15E+00	1.03E+01
9646.5	7.98E+01	-4.65E+05	-4.48E+05	5.00E+01	4.52E+02	4.01E+01	4.01E+01	1.25E+00	2.45E+00	1.13E+01
9646.75	7.98E+01	-4.65E+05	-4.49E+05	4.50E+01	4.41E+02	4.01E+01	4.01E+01	1.12E+00	2.30E+00	1.10E+01
9647	7.98E+01	-4.66E+05	-4.50E+05	2.90E+01	3.91E+02	4.01E+01	4.01E+01	7.24E-01	1.82E+00	9.76E+00
9647.25	7.98E+01	-4.67E+05	-4.50E+05	5.20E+01	4.46E+02	4.01E+01	4.01E+01	1.30E+00	2.70E+00	1.11E+01
9647.5	7.98E+01	-4.67E+05	-4.51E+05	4.60E+01	4.46E+02	4.01E+01	4.01E+01	1.15E+00	2.27E+00	1.11E+01
9647.75	7.98E+01	-4.68E+05	-4.52E+05	4.80E+01	4.51E+02	4.01E+01	4.01E+01	1.20E+00	2.67E+00	1.13E+01
9648	7.98E+01	-4.69E+05	-4.52E+05	4.80E+01	4.21E+02	4.01E+01	4.01E+01	1.20E+00	2.42E+00	1.05E+01
9648.25	7.98E+01	-4.69E+05	-4.53E+05	3.90E+01	4.37E+02	4.01E+01	4.01E+01	9.74E-01	2.00E+00	1.09E+01
9648.5	7.98E+01	-4.70E+05	-4.54E+05	4.60E+01	4.07E+02	4.01E+01	4.01E+01	1.15E+00	2.45E+00	1.02E+01
9648.75	7.98E+01	-4.71E+05	-4.54E+05	4.70E+01	3.95E+02	4.00E+01	4.00E+01	1.17E+00	2.57E+00	9.86E+00
9649	7.98E+01	-4.71E+05	-4.55E+05	4.50E+01	3.89E+02	4.01E+01	4.01E+01	1.12E+00	2.12E+00	9.71E+00
9649.25	7.98E+01	-4.72E+05	-4.56E+05	5.40E+01	4.13E+02	4.01E+01	4.01E+01	1.35E+00	2.30E+00	1.03E+01
9649.5	7.97E+01	-4.73E+05	-4.56E+05	5.30E+01	4.12E+02	4.00E+01	4.01E+01	1.32E+00	2.20E+00	1.03E+01
9649.75	7.97E+01	-4.73E+05	-4.57E+05	3.20E+01	4.46E+02	4.01E+01	4.01E+01	7.99E-01	1.82E+00	1.11E+01
9650	7.97E+01	-4.74E+05	-4.58E+05	5.00E+01	4.46E+02	4.01E+01	4.01E+01	1.25E+00	2.37E+00	1.11E+01
9650.25	7.97E+01	-4.75E+05	-4.58E+05	6.10E+01	4.71E+02	4.01E+01	4.01E+01	1.52E+00	2.62E+00	1.18E+01
9650.5	7.97E+01	-4.75E+05	-4.59E+05	5.10E+01	4.33E+02	4.01E+01	4.01E+01	1.27E+00	2.60E+00	1.08E+01
9650.75	7.97E+01	-4.76E+05	-4.60E+05	6.30E+01	4.38E+02	4.01E+01	4.01E+01	1.57E+00	2.97E+00	1.09E+01
9651	7.97E+01	-4.77E+05	-4.60E+05	6.50E+01	4.40E+02	4.00E+01	4.01E+01	1.62E+00	2.92E+00	1.10E+01
9651.25	7.97E+01	-4.77E+05	-4.61E+05	6.40E+01	4.61E+02	4.01E+01	4.01E+01	1.60E+00	2.90E+00	1.15E+01
9651.5	7.97E+01	-4.78E+05	-4.62E+05	6.50E+01	4.71E+02	4.01E+01	4.01E+01	1.62E+00	2.90E+00	1.18E+01
9651.75	7.97E+01	-4.79E+05	-4.62E+05	6.00E+01	4.64E+02	4.01E+01	4.01E+01	1.50E+00	2.90E+00	1.16E+01
9652	7.97E+01	-4.79E+05	-4.63E+05	7.20E+01	4.95E+02	4.01E+01	4.01E+01	1.80E+00	3.07E+00	1.24E+01
9652.25	7.97E+01	-4.80E+05	-4.64E+05	8.10E+01	4.84E+02	4.01E+01	4.01E+01	2.02E+00	3.22E+00	1.21E+01
9652.5	7.97E+01	-4.81E+05	-4.64E+05	8.90E+01	4.53E+02	4.01E+01	4.01E+01	2.22E+00	3.35E+00	1.13E+01
9652.75	7.96E+01	-4.81E+05	-4.65E+05	1.11E+02	4.93E+02	4.01E+01	4.01E+01	2.77E+00	3.90E+00	1.23E+01
9653	7.96E+01	-4.82E+05	-4.66E+05	1.07E+02	4.87E+02	4.01E+01	4.01E+01	2.67E+00	3.72E+00	1.22E+01
9653.25	7.96E+01	-4.83E+05	-4.66E+05	1.07E+02	4.62E+02	4.01E+01	4.01E+01	2.67E+00	3.97E+00	1.15E+01
9653.5	7.96E+01	-4.83E+05	-4.67E+05	1.02E+02	4.78E+02	4.01E+01	4.01E+01	2.55E+00	3.87E+00	1.19E+01
9653.75	7.96E+01	-4.84E+05	-4.68E+05	1.11E+02	4.60E+02	4.01E+01	4.01E+01	2.77E+00	3.92E+00	1.15E+01
9654	7.96E+01	-4.85E+05	-4.68E+05	1.17E+02	5.10E+02	4.00E+01	4.01E+01	2.92E+00	4.34E+00	1.27E+01
9654.25	7.96E+01	-4.85E+05	-4.69E+05	1.09E+02	5.12E+02	4.01E+01	4.01E+01	2.72E+00	4.07E+00	1.28E+01
9654.5	7.96E+01	-4.86E+05	-4.70E+05	1.15E+02	5.08E+02	4.01E+01	4.01E+01	2.87E+00	4.32E+00	1.27E+01
9654.75	7.96E+01	-4.87E+05	-4.70E+05	1.20E+02	4.87E+02	4.01E+01	4.01E+01	3.00E+00	4.24E+00	1.22E+01
9655	7.96E+01	-4.87E+05	-4.71E+05	1.15E+02	4.88E+02	4.01E+01	4.01E+01	2.87E+00	3.90E+00	1.22E+01
9655.25	7.96E+01	-4.88E+05	-4.72E+05	1.20E+02	5.29E+02	4.01E+01	4.01E+01	3.00E+00	4.39E+00	1.32E+01
9655.5	7.96E+01	-4.89E+05	-4.72E+05	1.41E+02	4.94E+02	4.01E+01	4.01E+01	3.52E+00	4.52E+00	1.23E+01
9655.75	7.95E+01	-4.89E+05	-4.73E+05	1.12E+02	5.16E+02	4.01E+01	4.01E+01	2.80E+00	4.22E+00	1.29E+01
9656	7.95E+01	-4.90E+05	-4.74E+05	1.11E+02	4.58E+02	4.01E+01	4.01E+01	2.77E+00	3.80E+00	1.14E+01
9656.25	7.95E+01	-4.91E+05	-4.74E+05	1.25E+02	5.28E+02	4.01E+01	4.01E+01	3.12E+00	4.14E+00	1.32E+01
9656.5	7.95E+01	-4.91E+05	-4.75E+05	1.09E+02	5.02E+02	4.01E+01	4.01E+01	2.72E+00	3.75E+00	1.25E+01
9656.75	7.95E+01	-4.92E+05	-4.76E+05	1.48E+02	4.80E+02	4.01E+01	4.01E+01	3.70E+00	4.62E+00	1.20E+01
9657	7.95E+01	-4.93E+05	-4.76E+05	1.43E+02	4.90E+02	4.01E+01	4.01E+01	3.57E+00	4.54E+00	1.22E+01
9657.25	7.95E+01	-4.93E+05	-4.77E+05	1.50E+02	5.46E+02	4.01E+01	4.01E+01	3.75E+00	4.79E+00	1.36E+01
9657.5	7.95E+01	-4.94E+05	-4.78E+05	1.69E+02	5.82E+02	4.01E+01	4.01E+01	4.22E+00	5.42E+00	1.45E+01
9657.75	7.95E+01	-4.95E+05	-4.78E+05	1.42E+02	5.32E+02	4.01E+01	4.01E+01	3.55E+00	4.79E+00	1.33E+01
9658	7.95E+01	-4.95E+05	-4.79E+05	1.27E+02	5.21E+02	4.01E+01	4.01E+01	3.17E+00	4.22E+00	1.30E+01
9658.25	7.95E+01	-4.96E+05	-4.80E+05	1.47E+02	5.82E+02	4.01E+01	4.01E+01	3.67E+00	5.22E+00	1.45E+01
9658.5	7.95E+01	-4.97E+05	-4.80E+05	1.48E+02	5.62E+02	4.01E+01	4.01E+01	3.70E+00	5.27E+00	1.40E+01
9658.75	7.95E+01	-4.97E+05	-4.81E+05	1.38E+02	5.27E+02	4.00E+01	4.01E+01	3.45E+00	4.47E+00	1.32E+01
9659	7.94E+01	-4.98E+05	-4.82E+05	1.36E+02	5.35E+02	4.01E+01	4.01E+01	3.40E+00	4.99E+00	1.34E+01
9659.25	7.94E+01	-4.99E+05	-4.82E+05	1.25E+02	5.05E+02	4.00E+01	4.01E+01	3.12E+00	4.07E+00	1.26E+01
9659.5	7.94E+01	-4.99E+05	-4.83E+05	1.29E+02	5.27E+02	4.01E+01	4.01E+01	3.22E+00	4.22E+00	1.32E+01
9659.75	7.94E+01	-5.00E+05	-4.84E+05	9.20E+01	4.96E+02	4.01E+01	4.01E+01	2.30E+00	3.50E+00	1.24E+01
9660	7.94E+01	-5.00E+05	-4.84E+05	9.10E+01	4.99E+02	4.01E+01	4.01E+01	2.27E+00	3.85E+00	1.25E+01
9660.25	7.94E+01	-5.01E+05	-4.85E+05	9.50E+01	4.63E+02	4.01E+01	4.01E+01	2.37E+00	3.60E+00	1.16E+01
9660.5	7.94E+01	-5.02E+05	-4.85E+05	9.20E+01	4.65E+02	4.01E+01	4.01E+01	2.30E+00	3.45E+00	1.16E+01
9660.75	7.94E+01	-5.02E+05	-4.86E+05	8.20E+01	4.56E+02	4.01E+01	4.01E+01	2.05E+00	3.27E+00	1.14E+01
9661	7.94E+01	-5.03E+05	-4.87E+05	9.10E+01	4.99E+02	4.01E+01	4.01E+01	2.27E+00	3.40E+00	1.25E+01
9661.25	7.94E+01	-5.04E+05	-4.87E+05	6.70E+01	4.50E+02	4.01E+01	4.01E+01	1.67E+00	2.97E+00	1.12E+01
9661.5	7.94E+01	-5.04E+05	-4.88E+05	8.20E+01	4.84E+02	4.01E+01	4.01E+01	2.05E+00	3.47E+00	1.21E+01
9661.75	7.94E+01	-5.05E+05	-4.89E+05	5.70E+01	3.88E+02	4.00E+01	4.01E+01	1.42E+00	2.52E+00	9.69E+00
9662	7.94E+01	-5.06E+05	-4.89E+05	7.10E+01	4.41E+02	4.01E+01	4.01E+01	1.77E+00	3.00E+00	1.10E+01
9662.25	7.93E+01	-5.06E+05	-4.90E+05	5.20E+01	4.40E+02	4.01E+01	4.01E+01	1.30E+00	2.67E+00	1.10E+01
9662.5	7.93E+01	-5.07E+05	-4.91E+05	5.70E+01	4.00E+02	4.01E+01	4.01E+01	1.42E+00	2.47E+00	9.99E+00
9662.75	7.93E+01	-5.08E+05	-4.91E+05	5.80E+01	3.86E+02	4.00E+01	4.01E+01	1.45E+00	2.47E+00	9.64E+00
9663	7.93E+01	-5.08E+05	-4.92E+05	4.50E+01	4.15E+02	4.01E+01	4.01E+01	1.12E+00	2.30E+00	1.04E+01
9663.25	7.93E+01	-5.09E+05	-4.93E+05	5.70E+01	4.34E+02	4.01E+01	4.01E+01	1.42E+00	2.50E+00	1.08E+01
9663.5	7.93E+01	-5.10E+05	-4.93E+05	5.50E+01	3.88E+02	4.01E+01	4.01E+01	1.37E+00	2.27E+00	9.69E+00
9663.75	7.93E+01	-5.10E+05	-4.94E+05	4.70E+01	4.01E+02	4.01E+01	4.01E+01	1.17E+00	2.20E+00	1.00E+01
9664	7.93E+01	-5.11E+05	-4.95E+05	4.60E+01	4.42E+02	4.01E+01	4.01E+01	1.15E+00	2.10E+00	1.10E+01
9664.25	7.93E+01	-5.11E+05	-4.95E+05	6.20E+01	4.48E+02	4.01E+01	4.01E+01	1.55E+00	2.75E+00	1.12E+01
9664.5	7.93E+01	-5.12E+05	-4.96E+05	4.80E+01	4.08E+02	4.01E+01	4.01E+01	1.20E+00	2.25E+00	1.02E+01
9664.75	7.93E+01	-5.13E+05	-4.96E+05	4.00E+01	4.49E+02	4.01E+01	4.01E+01	9.99E-01	1.95E+00	1.12E+01
9665	7.93E+01	-5.13E+05	-4.97E+05	4.60E+01	4.38E+02	4.01E+01	4.01E+01	1.15E+00	2.47E+00	1.09E+01
9665.25	7.93E+01	-5.14E+05	-4.98E+05	3.50E+01	4.49E+02	4.01E+01	4.01E+01	8.74E-01	2.07E+00	1.12E+01
9665.5	7.92E+01	-5.15E+05	-4.98E+05	4.80E+01	4.18E+02	4.01E+01	4.01E+01	1.20E+00	2.27E+00	1.04E+01
9665.75	7.92E+01	-5.15E+05	-4.99E+05	4.90E+01	3.91E+02	4.01E+01	4.01E+01	1.22E+00	2.22E+00	9.76E+00
9666	7.92E+01	-5.16E+05	-5.00E+05	4.30E+01	4.11E+02	4.00E+01	4.01E+01	1.07E+00	2.07E+00	1.03E+01
9666.25	7.92E+01	-5.17E+05	-5.00E+05	3.70E+01	4.08E+02	4.01E+01	4.01E+01	9.24E-01	2.22E+00	1.02E+01
9666.5	7.92E+01	-5.17E+05	-5.01E+05	3.20E+01	4.18E+02	4.01E+01	4.01E+01	7.99E-01	1.85E+00	1.04E+01
9666.75	7.92E+01	-5.18E+05	-5.02E+05	4.20E+01	4.25E+02	4.01E+01	4.01E+01	1.05E+00	2.30E+00	1.06E+01
9667	7.92E+01	-5.18E+05	-5.02E+05	4.10E+01	3.93E+02	4.01E+01	4.01E+01	1.02E+00	2.15E+00	9.81E+00
9667.25	7.92E+01	-5.19E+05	-5.03E+05	3.40E+01	4.34E+02	4.01E+01	4.01E+01	8.49E-01	2.15E+00	1.08E+01
9667.5	7.92E+01	-5.20E+05	-5.03E+05	3.50E+01	3.94E+02	4.01E+01	4.01E+01	8.74E-01	1.75E+00	9.84E+00
9667.75	7.92E+01	-5.20E+05	-5.04E+05	5.20E+01	3.88E+02	4.01E+01	4.01E+01	1.30E+00	2.22E+00	9.69E+00
9668	7.92E+01	-5.21E+05	-5.05E+05	2.90E+01	4.41E+02	4.01E+01	4.01E+01	7.24E-01	2.02E+00	1.10E+01
9668.25	7.92E+01	-5.22E+05	-5.05E+05	3.70E+01	4.28E+02	4.01E+01	4.01E+01	9.24E-01	2.35E+00	1.07E+01
9668.5	7.92E+01	-5.22E+05	-5.06E+05	3.70E+01	4.46E+02	4.01E+01	4.01E+01	9.24E-01	2.37E+00	1.11E+01
9668.75	7.91E+01	-5.23E+05	-5.07E+05	2.80E+01	4.29E+02	4.01E+01	4.01E+01	6.99E-01	1.92E+00	1.07E+01
9669	7.91E+01	-5.24E+05	-5.07E+05	2.40E+01	4.09E+02	4.01E+01	4.01E+01	5.99E-01	1.72E+00	1.02E+01
9669.25	7.91E+01	-5.24E+05	-5.08E+05	3.80E+01	4.14E+02	4.01E+01	4.01E+01	9.49E-01	1.92E+00	1.03E+01
9669.5	7.91E+01	-5.25E+05	-5.09E+05	2.00E+01	4.18E+02	4.01E+01	4.01E+01	4.99E-01	1.97E+00	1.04E+01
9669.75	7.91E+01	-5.25E+05	-5.09E+05	2.10E+01	4.18E+02	4.01E+01	4.01E+01	5.24E-01	1.72E+00	1.04E+01
9670	7.91E+01	-5.26E+05	-5.10E+05	1.90E+01	3.99E+02	4.00E+01	4.01E+01	4.74E-01	1.82E+00	9.96E+00
9670.25	7.91E+01	-5.27E+05	-5.10E+05	2.70E+01	4.23E+02	4.01E+01	4.01E+01	6.74E-01	1.90E+00	1.06E+01
9670.5	7.91E+01	-5.27E+05	-5.11E+05	2.30E+01	3.86E+02	4.01E+01	4.01E+01	5.74E-01	1.72E+00	9.64E+00
9670.75	7.91E+01	-5.28E+05	-5.12E+05	2.30E+01	4.07E+02	4.00E+01	4.00E+01	5.74E-01	2.10E+00	1.02E+01
9671	7.91E+01	-5.29E+05	-5.12E+05	2.00E+01	3.80E+02	4.00E+01	4.00E+01	4.99E-01	1.70E+00	9.49E+00
9671.25	7.91E+01	-5.29E+05	-5.13E+05	1.80E+01	3.77E+02	4.01E+01	4.01E+01	4.49E-01	1.65E+00	9.41E+00
9671.5	7.91E+01	-5.30E+05	-5.14E+05	1.50E+01	3.93E+02	4.01E+01	4.01E+01	3.75E-01	1.52E+00	9.81E+00
9671.75	7.91E+01	-5.30E+05	-5.14E+05	2.20E+01	4.02E+02	4.00E+01	4.01E+01	5.49E-01	1.40E+00	1.00E+01
9672	7.90E+01	-5.31E+05	-5.15E+05	3.10E+01	3.81E+02	4.01E+01	4.01E+01	7.74E-01	1.60E+00	9.51E+00
9672.25	7.90E+01	-5.32E+05	-5.15E+05	2.30E+01	3.85E+02	4.01E+01	4.01E+01	5.74E-01	1.90E+00	9.61E+00
9672.5	7.90E+01	-5.32E+05	-5.16E+05	1.60E+01	3.99E+02	4.00E+01	4.01E+01	4.00E-01	1.55E+00	9.96E+00
9672.75	7.90E+01	-5.33E+05	-5.17E+05	1.90E+01	3.90E+02	4.01E+01	4.01E+01	4.74E-01	1.52E+00	9.74E+00
9673	7.90E+01	-5.34E+05	-5.17E+05	1.70E+01	3.69E+02	4.01E+01	4.01E+01	4.24E-01	1.37E+00	9.21E+00
9673.25	7.90E+01	-5.34E+05	-5.18E+05	2.00E+01	3.94E+02	4.01E+01	4.01E+01	4.99E-01	1.95E+00	9.84E+00
9673.5	7.90E+01	-5.35E+05	-5.19E+05	1.50E+01	3.74E+02	4.01E+01	4.01E+01	3.75E-01	1.62E+00	9.34E+00
9673.75	7.90E+01	-5.35E+05	-5.19E+05	1.70E+01	4.05E+02	4.01E+01	4.01E+01	4.24E-01	1.87E+00	1.01E+01
9674	7.90E+01	-5.36E+05	-5.20E+05	1.50E+01	3.93E+02	4.01E+01	4.01E+01	3.75E-01	1.37E+00	9.81E+00
9674.25	7.90E+01	-5.37E+05	-5.20E+05	1.90E+01	4.40E+02	4.01E+01	4.01E+01	4.74E-01	1.70E+00	1.10E+01
9674.5	7.90E+01	-5.37E+05	-5.21E+05	1.80E+01	3.77E+02	4.01E+01	4.01E+01	4.49E-01	1.62E+00	9.41E+00
9674.75	7.90E+01	-5.38E+05	-5.22E+05	1.90E+01	3.91E+02	4.01E+01	4.01E+01	4.74E-01	1.50E+00	9.76E+00
9675	7.90E+01	-5.38E+05	-5.22E+05	2.00E+01	3.75E+02	4.01E+01	4.01E+01	4.99E-01	1.72E+00	9.36E+00
9675.25	7.90E+01	-5.39E+05	-5.23E+05	2.20E+01	4.13E+02	4.01E+01	4.01E+01	5.49E-01	1.45E+00	1.03E+01
9675.5	7.89E+01	-5.40E+05	-5.24E+05	2.20E+01	4.11E+02	4.01E+01	4.01E+01	5.49E-01	1.67E+00	1.03E+01
9675.75	7.89E+01	-5.40E+05	-5.24E+05	1.80E+01	4.38E+02	4.01E+01	4.01E+01	4.49E-01	1.72E+00	1.09E+01
9676	7.89E+01	-5.41E+05	-5.25E+05	1.80E+01	4.12E+02	4.01E+01	4.01E+01	4.49E-01	1.60E+00	1.03E+01
9676.25	7.89E+01	-5.42E+05	-5.25E+05	2.40E+01	3.75E+02	4.01E+01	4.01E+01	5.99E-01	1.77E+00	9.36E+00
9676.5	7.89E+01	-5.42E+05	-5.26E+05	1.20E+01	3.76E+02	4.01E+01	4.01E+01	3.00E-01	1.52E+00	9.39E+00
9676.75	7.89E+01	-5.43E+05	-5.27E+05	2.00E+01	4.19E+02	4.01E+01	4.01E+01	4.99E-01	1.75E+00	1.05E+01
9677	7.89E+01	-5.43E+05	-5.27E+05	2.00E+01	3.69E+02	4.01E+01	4.01E+01	4.99E-01	1.52E+00	9.21E+00
9677.25	7.89E+01	-5.44E+05	-5.28E+05	3.00E+01	3.72E+02	4.01E+01	4.01E+01	7.49E-01	1.70E+00	9.29E+00
9677.5	7.89E+01	-5.45E+05	-5.28E+05	2.80E+01	3.99E+02	4.01E+01	4.01E+01	6.99E-01	1.97E+00	9.96E+00
9677.75	7.89E+01	-5.45E+05	-5.29E+05	2.50E+01	4.37E+02	4.01E+01	4.01E+01	6.24E-01	1.87E+00	1.09E+01
9678	7.89E+01	-5.46E+05	-5.30E+05	3.40E+01	4.18E+02	4.00E+01	4.01E+01	8.49E-01	2.27E+00	1.04E+01
9678.25	7.89E+01	-5.46E+05	-5.30E+05	2.30E+01	4.14E+02	4.01E+01	4.01E+01	5.74E-01	1.92E+00	1.03E+01
9678.5	7.89E+01	-5.47E+05	-5.31E+05	2.20E+01	3.95E+02	4.01E+01	4.01E+01	5.49E-01	1.55E+00	9.86E+00
9678.75	7.88E+01	-5.48E+05	-5.32E+05	2.00E+01	4.08E+02	4.01E+01	4.01E+01	4.99E-01	1.80E+00	1.02E+01
9679	7.88E+01	-5.48E+05	-5.32E+05	1.90E+01	4.24E+02	4.01E+01	4.01E+01	4.74E-01	1.62E+00	1.06E+01
9679.25	7.88E+01	-5.49E+05	-5.33E+05	2.30E+01	4.29E+02	4.01E+01	4.01E+01	5.74E-01	1.80E+00	1.07E+01
9679.5	7.88E+01	-5.50E+05	-5.33E+05	2.10E+01	3.39E+02	4.01E+01	4.01E+01	5.24E-01	1.40E+00	8.46E+00
9679.75	7.88E+01	-5.50E+05	-5.34E+05	2.50E+01	3.98E+02	4.01E+01	4.01E+01	6.24E-01	1.77E+00	9.94E+00
9680	7.88E+01	-5.51E+05	-5.35E+05	2.90E+01	4.06E+02	4.01E+01	4.01E+01	7.24E-01	1.80E+00	1.01E+01
9680.25	7.88E+01	-5.51E+05	-5.35E+05	1.60E+01	4.00E+02	4.01E+01	4.01E+01	3.99E-01	1.42E+00	9.99E+00
9680.5	7.88E+01	-5.52E+05	-5.36E+05	2.20E+01	3.83E+02	4.01E+01	4.01E+01	5.49E-01	1.77E+00	9.56E+00
9680.75	7.88E+01	-5.53E+05	-5.36E+05	1.60E+01	4.06E+02	4.01E+01	4.01E+01	4.00E-01	1.55E+00	1.01E+01
9681	7.88E+01	-5.53E+05	-5.37E+05	1.10E+01	3.88E+02	4.01E+01	4.01E+01	2.75E-01	1.45E+00	9.69E+00
9681.25	7.88E+01	-5.54E+05	-5.38E+05	8.00E+00	3.74E+02	4.00E+01	4.01E+01	2.00E-01	1.32E+00	9.34E+00
9681.5	7.88E+01	-5.54E+05	-5.38E+05	1.90E+01	3.71E+02	4.01E+01	4.01E+01	4.74E-01	1.72E+00	9.26E+00
9681.75	7.88E+01	-5.55E+05	-5.39E+05	1.40E+01	3.75E+02	4.01E+01	4.01E+01	3.50E-01	1.57E+00	9.36E+00
9682	7.88E+01	-5.56E+05	-5.39E+05	1.70E+01	4.30E+02	4.01E+01	4.01E+01	4.24E-01	1.50E+00	1.07E+01
9682.25	7.87E+01	-5.56E+05	-5.40E+05	1.30E+01	4.18E+02	4.01E+01	4.01E+01	3.25E-01	1.52E+00	1.04E+01
9682.5	7.87E+01	-5.57E+05	-5.41E+05	1.70E+01	4.42E+02	4.01E+01	4.01E+01	4.24E-01	2.00E+00	1.10E+01
9682.75	7.87E+01	-5.57E+05	-5.41E+05	1.10E+01	4.01E+02	4.01E+01	4.01E+01	2.75E-01	1.25E+00	1.00E+01
9683	7.87E+01	-5.58E+05	-5.42E+05	2.30E+01	4.14E+02	4.01E+01	4.01E+01	5.74E-01	2.15E+00	1.03E+01
9683.25	7.87E+01	-5.59E+05	-5.42E+05	1.70E+01	4.03E+02	4.01E+01	4.01E+01	4.24E-01	1.80E+00	1.01E+01
9683.5	7.87E+01	-5.59E+05	-5.43E+05	1.90E+01	4.19E+02	4.01E+01	4.01E+01	4.74E-01	1.72E+00	1.05E+01
9683.75	7.87E+01	-5.60E+05	-5.44E+05	2.20E+01	3.39E+02	4.01E+01	4.01E+01	5.49E-01	1.45E+00	8.46E+00
9684	7.87E+01	-5.60E+05	-5.44E+05	1.80E+01	4.14E+02	4.00E+01	4.01E+01	4.49E-01	2.02E+00	1.03E+01
9684.25	7.87E+01	-5.61E+05	-5.45E+05	1.60E+01	4.10E+02	4.01E+01	4.01E+01	3.99E-01	1.75E+00	1.02E+01
9684.5	7.87E+01	-5.62E+05	-5.45E+05	1.40E+01	3.66E+02	4.01E+01	4.01E+01	3.50E-01	1.42E+00	9.14E+00
9684.75	7.87E+01	-5.62E+05	-5.46E+05	2.10E+01	3.99E+02	4.00E+01	4.00E+01	5.24E-01	1.60E+00	9.96E+00
9685	7.87E+01	-5.63E+05	-5.47E+05	1.30E+01	3.77E+02	4.01E+01	4.01E+01	3.25E-01	1.47E+00	9.41E+00
9685.25	7.87E+01	-5.63E+05	-5.47E+05	1.80E+01	3.98E+02	4.01E+01	4.01E+01	4.49E-01	1.47E+00	9.94E+00
9685.5	7.86E+01	-5.64E+05	-5.48E+05	1.40E+01	3.92E+02	4.01E+01	4.01E+01	3.50E-01	1.42E+00	9.79E+00
9685.75	7.86E+01	-5.65E+05	-5.48E+05	1.30E+01	3.99E+02	4.00E+01	4.00E+01	3.25E-01	1.57E+00	9.96E+00
9686	7.86E+01	-5.65E+05	-5.49E+05	1.30E+01	3.98E+02	4.01E+01	4.01E+01	3.25E-01	1.55E+00	9.94E+00
9686.25	7.86E+01	-5.66E+05	-5.50E+05	1.10E+01	3.69E+02	4.01E+01	4.01E+01	2.75E-01	1.27E+00	9.21E+00
9686.5	7.86E+01	-5.66E+05	-5.50E+05	1.10E+01	4.02E+02	4.01E+01	4.01E+01	2.75E-01	1.25E+00	1.00E+01
9686.75	7.86E+01	-5.67E+05	-5.51E+05	1.10E+01	3.94E+02	4.01E+01	4.01E+01	2.75E-01	1.20E+00	9.84E+00
9687	7.86E+01	-5.68E+05	-5.51E+05	1.20E+01	4.06E+02	4.00E+01	4.01E+01	3.00E-01	1.50E+00	1.01E+01
9687.25	7.86E+01	-5.68E+05	-5.52E+05	1.40E+01	4.11E+02	4.01E+01	4.01E+01	3.50E-01	1.55E+00	1.03E+01
9687.5	7.86E+01	-5.69E+05	-5.53E+05	1.10E+01	4.10E+02	4.01E+01	4.01E+01	2.75E-01	1.55E+00	1.02E+01
9687.75	7.86E+01	-5.69E+05	-5.53E+05	1.80E+01	3.89E+02	4.01E+01	4.01E+01	4.49E-01	1.67E+00	9.71E+00
9688	7.86E+01	-5.70E+05	-5.54E+05	1.00E+01	4.39E+02	4.01E+01	4.01E+01	2.50E-01	1.70E+00	1.10E+01
9688.25	7.86E+01	-5.71E+05	-5.54E+05	1.40E+01	4.14E+02	4.01E+01	4.01E+01	3.50E-01	1.57E+00	1.03E+01
9688.5	7.86E+01	-5.71E+05	-5.55E+05	1.60E+01	3.84E+02	4.01E+01	4.01E+01	3.99E-01	1.85E+00	9.59E+00
9688.75	7.86E+01	-5.72E+05	-5.56E+05	1.30E+01	3.81E+02	4.01E+01	4.01E+01	3.25E-01	1.32E+00	9.51E+00
9689	7.85E+01	-5.72E+05	-5.56E+05	1.70E+01	3.53E+02	4.01E+01	4.01E+01	4.24E-01	1.55E+00	8.81E+00
9689.25	7.85E+01	-5.73E+05	-5.57E+05	1.20E+01	4.26E+02	4.01E+01	4.01E+01	3.00E-01	1.82E+00	1.06E+01
9689.5	7.85E+01	-5.73E+05	-5.57E+05	1.50E+01	3.83E+02	4.01E+01	4.01E+01	3.75E-01	1.77E+00	9.56E+00
9689.75	7.85E+01	-5.74E+05	-5.58E+05	1.10E+01	3.82E+02	4.01E+01	4.01E+01	2.75E-01	1.57E+00	9.54E+00
9690	7.85E+01	-5.75E+05	-5.59E+05	1.40E+01	3.93E+02	4.01E+01	4.01E+01	3.50E-01	1.35E+00	9.81E+00
9690.25	7.85E+01	-5.75E+05	-5.59E+05	1.40E+01	4.10E+02	4.01E+01	4.01E+01	3.50E-01	1.75E+00	1.02E+01
9690.5	7.85E+01	-5.76E+05	-5.60E+05	1.70E+01	4.17E+02	4.01E+01	4.01E+01	4.24E-01	1.55E+00	1.04E+01
9690.75	7.85E+01	-5.76E+05	-5.60E+05	2.40E+01	4.47E+02	4.01E+01	4.01E+01	5.99E-01	1.90E+00	1.12E+01
9691	7.85E+01	-5.77E+05	-5.61E+05	2.40E+01	4.24E+02	4.01E+01	4.01E+01	5.99E-01	2.07E+00	1.06E+01
9691.25	7.85E+01	-5.78E+05	-5.62E+05	1.80E+01	4.10E+02	4.01E+01	4.01E+01	4.49E-01	1.67E+00	1.02E+01
9691.5	7.85E+01	-5.78E+05	-5.62E+05	1.10E+01	3.85E+02	4.01E+01	4.01E+01	2.75E-01	1.17E+00	9.61E+00
9691.75	7.85E+01	-5.79E+05	-5.63E+05	1.80E+01	3.89E+02	4.01E+01	4.01E+01	4.49E-01	1.72E+00	9.71E+00
9692	7.85E+01	-5.79E+05	-5.63E+05	1.20E+01	4.05E+02	4.01E+01	4.01E+01	3.00E-01	1.40E+00	1.01E+01
9692.25	7.85E+01	-5.80E+05	-5.64E+05	1.80E+01	3.94E+02	4.01E+01	4.01E+01	4.49E-01	1.57E+00	9.84E+00
9692.5	7.84E+01	-5.81E+05	-5.64E+05	1.30E+01	3.97E+02	4.00E+01	4.01E+01	3.25E-01	1.42E+00	9.91E+00
9692.75	7.84E+01	-5.81E+05	-5.65E+05	1.70E+01	3.89E+02	4.01E+01	4.01E+01	4.24E-01	1.47E+00	9.71E+00
9693	7.84E+01	-5.82E+05	-5.66E+05	1.80E+01	3.88E+02	4.01E+01	4.01E+01	4.49E-01	1.35E+00	9.69E+00
9693.25	7.84E+01	-5.82E+05	-5.66E+05	1.40E+01	3.70E+02	4.01E+01	4.01E+01	3.50E-01	1.35E+00	9.24E+00
9693.5	7.84E+01	-5.83E+05	-5.67E+05	1.20E+01	3.75E+02	4.01E+01	4.01E+01	3.00E-01	1.25E+00	9.36E+00
9693.75	7.84E+01	-5.83E+05	-5.67E+05	2.20E+01	4.06E+02	4.01E+01	4.01E+01	5.49E-01	1.90E+00	1.01E+01
9694	7.84E+01	-5.84E+05	-5.68E+05	1.50E+01	4.31E+02	4.01E+01	4.01E+01	3.75E-01	1.75E+00	1.08E+01
9694.25	7.84E+01	-5.85E+05	-5.69E+05	1.20E+01	3.90E+02	4.01E+01	4.01E+01	3.00E-01	1.40E+00	9.74E+00
9694.5	7.84E+01	-5.85E+05	-5.69E+05	2.30E+01	4.32E+02	4.01E+01	4.01E+01	5.74E-01	2.05E+00	1.08E+01
9694.75	7.84E+01	-5.86E+05	-5.70E+05	2.60E+01	3.86E+02	4.01E+01	4.01E+01	6.49E-01	1.55E+00	9.64E+00
9695	7.84E+01	-5.86E+05	-5.70E+05	1.60E+01	4.21E+02	4.01E+01	4.01E+01	3.99E-01	1.70E+00	1.05E+01
9695.25	7.84E+01	-5.87E+05	-5.71E+05	1.60E+01	3.90E+02	4.01E+01	4.01E+01	4.00E-01	1.45E+00	9.74E+00
9695.5	7.84E+01	-5.88E+05	-5.71E+05	1.70E+01	4.03E+02	4.01E+01	4.01E+01	4.24E-01	1.65E+00	1.01E+01
9695.75	7.84E+01	-5.88E+05	-5.72E+05	1.30E+01	4.03E+02	4.00E+01	4.01E+01	3.25E-01	1.45E+00	1.01E+01
9696	7.83E+01	-5.89E+05	-5.73E+05	1.90E+01	3.78E+02	4.01E+01	4.01E+01	4.74E-01	1.57E+00	9.44E+00
9696.25	7.83E+01	-5.89E+05	-5.73E+05	1.90E+01	4.10E+02	4.01E+01	4.01E+01	4.74E-01	1.85E+00	1.02E+01
9696.5	7.83E+01	-5.90E+05	-5.74E+05	2.40E+01	4.12E+02	4.01E+01	4.01E+01	5.99E-01	1.62E+00	1.03E+01
9696.75	7.83E+01	-5.90E+05	-5.74E+05	1.60E+01	3.73E+02	4.01E+01	4.01E+01	3.99E-01	1.37E+00	9.31E+00
9697	7.83E+01	-5.91E+05	-5.75E+05	1.20E+01	3.84E+02	4.01E+01	4.01E+01	3.00E-01	1.55E+00	9.59E+00
9697.25	7.83E+01	-5.92E+05	-5.76E+05	2.20E+01	4.03E+02	4.01E+01	4.01E+01	5.49E-01	1.77E+00	1.01E+01
9697.5	7.83E+01	-5.92E+05	-5.76E+05	1.10E+01	4.00E+02	4.01E+01	4.01E+01	2.75E-01	1.40E+00	9.99E+00
9697.75	7.83E+01	-5.93E+05	-5.77E+05	1.40E+01	4.00E+02	4.01E+01	4.01E+01	3.50E-01	1.45E+00	9.99E+00
9698	7.83E+01	-5.93E+05	-5.77E+05	1.40E+01	4.39E+02	4.01E+01	4.01E+01	3.50E-01	1.70E+00	1.10E+01
9698.25	7.83E+01	-5.94E+05	-5.78E+05	1.90E+01	4.31E+02	4.01E+01	4.01E+01	4.74E-01	1.65E+00	1.08E+01
9698.5	7.83E+01	-5.94E+05	-5.78E+05	1.40E+01	3.73E+02	4.01E+01	4.01E+01	3.50E-01	1.30E+00	9.31E+00
9698.75	7.83E+01	-5.95E+05	-5.79E+05	1.20E+01	3.98E+02	4.00E+01	4.01E+01	3.00E-01	1.52E+00	9.94E+00
9699	7.83E+01	-5.96E+05	-5.80E+05	1.10E+01	3.96E+02	4.01E+01	4.01E+01	2.75E-01	1.37E+00	9.89E+00
9699.25	7.83E+01	-5.96E+05	-5.80E+05	1.70E+01	3.73E+02	4.00E+01	4.01E+01	4.24E-01	1.55E+00	9.31E+00
9699.5	7.83E+01	-5.97E+05	-5.81E+05	1.00E+01	3.99E+02	4.01E+01	4.01E+01	2.50E-01	1.45E+00	9.96E+00
9699.75	7.82E+01	-5.97E+05	-5.81E+05	9.00E+00	4.10E+02	4.01E+01	4.01E+01	2.25E-01	1.32E+00	1.02E+01
9700	7.82E+01	-5.98E+05	-5.82E+05	1.20E+01	3.99E+02	4.01E+01	4.01E+01	3.00E-01	1.27E+00	9.96E+00
