Energy_(eV)	counts
9548.731453941595	0.0017485042108025372
9548.97877953422	0.0016008485609294114
9549.226110369698	0.0016746289518954232
9549.47344641529	0.001748478725938329
9549.720787638584	0.001615777567094471
9549.968134007499	0.0016008085542346044
9550.215485490284	0.001719240831141354
9550.462842055505	0.0019557006934257932
9550.71020367205	0.0016158688301603304
9550.95757030911	0.001748828873981512
9551.204941936194	0.001792937276507389
9551.452318523105	0.0019703158713838495
9551.699700039948	0.00176378345956096
9551.947086457125	0.002014843902572079
9552.194477745332	0.002073735394602207
9552.441873875541	0.0018818217907462097
9552.68927481902	0.002251157765015487
9552.936680547315	0.002058970517976115
9553.18409103223	0.0025021964207925652
9553.431506245865	0.0024724771255458886
9553.67892616057	0.002280793246314337
9553.926350748969	0.002945670312575643
9554.173779983945	0.0023397394697338672
9554.421213838636	0.0028569682406899
9554.668652286437	0.002768521579361549
9554.916095300992	0.0027827281449501404
9555.163542856195	0.0031522355769958072
9555.41099492618	0.0028715068707019895
9555.658451485326	0.002576250395698483
9555.905912508248	0.0032113897396009996
9556.153377969797	0.0034474629167800283
9556.400847845054	0.0029159144216216906
9556.648322109333	0.003683955551473614
9556.89580073817	0.0032265559368626854
9557.14328370732	0.004097666299466094
9557.390770992772	0.003772960352093252
9557.638262570717	0.004260353014644884
9557.88575841757	0.004216558470845372
9558.133258509955	0.004496955159392363
9558.380762824707	0.004068475846119907
9558.628271338865	0.004541293431360052
9558.875784029675	0.005073027897149096
9559.123300874584	0.005456895293475233
9559.370821851238	0.005532036554168129
9559.618346937476	0.005531529430085093
9559.865876111335	0.0066545246540317265
9560.113409351048	0.0062111930393259195
9560.360946635028	0.006773070234369556
9560.608487941885	0.007215697707549371
9560.856033250406	0.0076442132550841105
9561.103582539568	0.008042776352610791
9561.351135788524	0.00879663994557485
9561.598692976602	0.009180828327796035
9561.846254083315	0.008899741926798727
9562.093819088344	0.01105832946357977
9562.341387971543	0.011308496124331291
9562.588960712943	0.011263260361702295
9562.83653729273	0.013110349904619541
9563.084117691269	0.013805204209193551
9563.331701889085	0.01442691073591902
9563.579289866857	0.01492922508118564
9563.826881605435	0.01495760154723896
9564.074477085827	0.016393635729532143
9564.322076289192	0.017159812000092166
9564.569679196848	0.01848888109022528
9564.817285790263	0.018180887718492352
9565.06489605106	0.02066426191199699
9565.312509961013	0.020499246892634642
9565.560127502036	0.021564613057366816
9565.807748656198	0.02318926267230308
9566.055373405705	0.02621843826811156
9566.303001732915	0.029157679449514425
9566.550633620318	0.03203901686752281
9566.798269050552	0.034346979704737594
9567.04590800639	0.03765845663546006
9567.29355047074	0.041809110020562194
9567.54119642665	0.04691131741147133
9567.788845857294	0.05154277022428842
9568.036498745985	0.059135263193526924
9568.28415507617	0.0628837070217321
9568.531814831409	0.06655152342272554
9568.77947799541	0.07295020594312634
9569.027144551997	0.07743426058955066
9569.274814485123	0.07898825169352827
9569.52248777886	0.0846409726044423
9569.770164417407	0.0877766791993661
9570.017844385084	0.08911051864532422
9570.265527666326	0.09446029060420216
9570.513214245697	0.09788127639796483
9570.760904107869	0.10142365822064542
9571.008597237631	0.10549634705272265
9571.25629361989	0.10998336620636276
9571.503993239672	0.11231981361399884
9571.751696082105	0.11466930415921855
9571.999402132431	0.11529463655372114
9572.247111376008	0.11429514743148429
9572.494823798295	0.1099505515488439
9572.742539384868	0.10616580015204616
9572.990258121403	0.09918162120304767
9573.237979993684	0.09152287638362605
9573.485704987601	0.08161746033107349
9573.733433089143	0.07752820732465229
9573.981164284405	0.06825483900342266
9574.228898559584	0.062012020181889706
9574.476635900977	0.05751743815079063
9574.72437629498	0.05249321371428651
9574.972119728087	0.04774935276485391
9575.219866186888	0.04219353555617962
9575.467615658072	0.040420413457398816
9575.715368128424	0.039502417853997183
9575.963123584821	0.03712512373304045
9576.210882014233	0.03332600821893533
9576.458643403726	0.03297393767136974
9576.706407740458	0.03094912070564487
9576.954175011673	0.029248891577959856
9577.20194520471	0.02660810835264688
9577.44971830699	0.02433982125468589
9577.697494306038	0.02354113793784042
9577.945273189445	0.021491055745583753
9578.193054944903	0.019495165713473636
9578.440839560184	0.018577414612051903
9578.688627023146	0.01735256488880013
9578.936417321735	0.01585754904113171
9579.184210443971	0.01494285130614305
9579.432006377967	0.013658530327105761
9579.67980511191	0.013082355355470114
9579.92760663407	0.012743402729893733
9580.175410932798	0.011058289327626486
9580.423217996526	0.01124798880202787
9580.671027813754	0.010909214648893816
9580.918840373077	0.009240354518433377
9581.166655663152	0.00984459655561652
9581.414473672723	0.008722732086004803
9581.662294390599	0.00820634589718869
9581.910117805677	0.007748008743930747
9582.157943906912	0.007408370438050362
9582.405772683349	0.0073182161226643845
9582.653604124096	0.006299355176420672
9582.901438218334	0.006225954219518682
9583.14927495532	0.006003817797617701
9583.397114324373	0.0062695555925117025
9583.644956314894	0.004969334858210582
9583.892800916346	0.004881388025640885
9584.140648118262	0.005073221533525464
9584.388497910242	0.004674279050406689
9584.636350281957	0.004216058517017177
9584.884205223145	0.0038027820487761227
9585.132062723604	0.003344481209370171
9585.379922773205	0.003920539368446512
9585.627785361883	0.0036396538339223
9585.875650479638	0.0032408174127679192
9586.123518116532	0.003226256754957405
9586.371388262689	0.0029898116748157716
9586.619260908294	0.002989968447393212
9586.86713604361	0.002620563073291312
9587.11501365894	0.002694328819152438
9587.362893744663	0.00291596543682994
9587.610776291214	0.0024283648793756406
9587.858661289092	0.0025911101151320855
9588.106548728847	0.002428127794797573
9588.354438601094	0.001925853592066841
9588.602330896509	0.0021624447959222104
9588.850225605824	0.0020295284468513017
9589.09812271982	0.001999699679849538
9589.346022229352	0.00199955378951916
9589.59392412532	0.0017632835996845267
9589.841828398683	0.002073403484570776
9590.089735040456	0.0019113003552486735
9590.337644041701	0.0016159929069262384
9590.585555393554	0.0013350196058975953
9590.83346908719	0.0015419862765272511
9591.08138511384	0.0014529084436724798
9591.329303464787	0.001601082107655149
9591.577224131373	0.0013941336864072035
9591.82514710499	0.0014824709765148371
9592.07307237708	0.0012907105559199275
9592.32099993914	0.00124622997396193
9592.568929782712	0.0013940023071358847
9592.816861899391	0.0012166894054855973
9593.06479628083	0.001349620307504886
9593.312732918725	0.00124618620381088
9593.560671804815	0.0011575316092810558
9593.808612930901	0.0009803827725404985
9594.056556288828	0.0011281952566282068
9594.304501870485	0.001054181379376763
9594.552449667814	0.0008473752741033148
9594.800399672798	0.0009654793164673028
9595.048351877474	0.0009802551411665316
9595.296306273925	0.0007735109991744695
9595.544262854275	0.0010394092523077017
9595.792221610702	0.0009062924125707442
9596.040182535418	0.0008915895022181332
9596.28814562069	0.0006848271712846663
9596.53611085883	0.0007143933299469275
9596.784078242184	0.0008178054626923013
9597.032047763156	0.0009802477955749627
9597.280019414184	0.0006552318444900829
9597.52799318775	0.0007881518038220047
9597.775969076383	0.0007143750416679913
9598.023947072656	0.0007291873088792667
9598.271927169179	0.000625683920907321
9598.519909358607	0.0005518378881193176
9598.767893633636	0.0005814697292362116
9599.015879987	0.0007882539138282128
9599.26386841148	0.0005813639030488514
9599.5118588999	0.0007734015734976359
9599.759851445111	0.0006995409082313852
9600.007846040018	0.0007290231566003824
9600.255842677558	0.0006256073250280035
9600.503841350714	0.000610889909061944
9600.751842052496	0.0007881663759197888
9600.999844775966	0.00046321973251102673
9601.24784951422	0.0005814003702755971
9601.49585626039	0.0004779882191587643
9601.743865007646	0.000670011244143612
9601.991875749201	0.0005518196513044038
9602.239888478294	0.0005962162864655864
9602.48790318822	0.0004040509786586466
9602.73591987229	0.00064049616950777
9602.983938523863	0.0004632306674787904
9603.231959136332	0.0005961761630791006
9603.479981703129	0.00046313946000604394
9603.728006217714	0.00047796267116136614
9603.97603267359	0.0004337302080268907
9604.224061064293	0.0002711164143159033
9604.472091383392	0.0004040874367295838
9604.720123624491	0.0005222790523087087
9604.968157781228	0.0003449296262826736
9605.21619384728	0.0003597491695492461
9605.46423181635	0.0005222899740514157
9605.712271682181	0.0004188376739357696
9605.96031343855	0.0004040327305336164
9606.208357079258	0.00041885956744900033
9606.456402598147	0.0007291800099643692
9606.704449989093	0.00046326351050136357
9606.952499245996	0.00050752879661138
9607.200550362795	0.000537021979529248
9607.44860333346	0.00024157946268319114
9607.69665815199	0.0005074886675399151
9607.944714812418	0.0003153926667508323
9608.192773308807	0.00019720834691498487
9608.440833635252	0.00040413852123473784
9608.688895785881	0.00031539996841845654
9608.93695975484	0.00044839651219989577
9609.185025536322	0.0004779407659789676
9609.433093124544	0.0004631868763232385
9609.681162513749	0.00043363532745915
9609.929233698213	0.0003745650727535459
9610.17730667224	0.0004779262273926399
9610.425381430165	0.0003450427177537912
9610.67345796635	0.00043369006602957816
9610.921536275191	0.00035971998089115654
9611.169616351104	0.0004631613441839404
9611.417698188538	0.00027112005509627863
9611.665781781974	0.00033013927245213514
9611.913867125915	0.0004040874421153535
9612.161954214891	0.0002563661763317731
9612.410043043466	0.00030065701582495763
9612.658133606234	0.00021201695748778528
9612.906225897801	0.000433504033761729
9613.154319912808	0.0001676932850853065
9613.402415645933	0.0003597418800295247
9613.650513091865	0.00016766774947517884
9613.89861224533	0.00044841110189119433
9614.146713101072	0.00025629320746919687
9614.394815653872	7.899486014365263e-05
9614.642919898528	0.00025629321638563797
9614.891025829864	0.0001824033926814502
9615.139133442734	0.0003006314747692183
9615.387242732017	0.0002710835712933303
9615.63535369261	0.0004484111018911942
9615.883466319447	0.0004188084888083512
9616.131580607476	0.00018246905766225232
9616.37969655168	0.00019721200349361812
9616.627814147054	0.0002859067771227248
9616.875933388626	0.00018246540862369666
9617.124054271448	0.00040410567420275827
9617.372176790592	0.0003302706038499447
9617.62030094116	0.00028590313370930643
9617.868426718269	0.00019715364748115058
9618.11655411707	0.000123365960053759
9618.364683132728	0.00012336595999391705
9618.612813760437	0.0002267234213114594
9618.860945995411	0.0003006241781881544
9619.109079832891	0.00012332947469492165
9619.357215268134	0.00037456143622194467
9619.605352296425	0.0003006606685737101
9619.853490913069	0.0003302450735059032
9620.101631113397	0.00021195129412271402
9620.349772892758	0.00031538171550607534
9620.597916246525	0.0004336499244511587
9620.846061170092	0.00028591042622112226
9621.09420765888	0.0003744921081995856
9621.342355708315	0.00022678543318445764
9621.590505313869	7.900215151847255e-05
9621.838656471016	0.0003450427181128425
9622.08680917526	0.000256355235738872
9622.334963422121	0.000330226802042537
9622.58311920715	0.00013810890002061995
9622.831276525902	0.00027113100275052233
9623.07943537397	0.0002563552281987943
9623.327595746952	0.0002711018087665049
9623.575757640481	0.00025630416032968465
9623.8239210502	0.00013810891246773233
9624.072085971777	0.00027110546349003964
9624.320252400898	0.00016765315038870412
9624.568420333268	0.0002857936921743728
9624.81658976461	0.0001381198389379482
9625.064760690677	0.00025632604157532887
9625.31293310723	0.00031545467676873194
9625.561107010053	0.00010851357855196431
9625.80928239495	0.00038934814616032974
9626.057459257743	9.378522995197468e-05
9626.305637594274	0.00019720105727557972
9626.553817400403	0.00028587759576534523
9626.801998672014	0.0002267343721971649
9627.050181404999	0.00015286278614567745
9627.298365595278	0.00018242892506011588
9627.546551238782	0.00015289927359898092
9627.794738331468	0.0001676385608170893
9628.042926869302	0.0002843691528943913
9628.29111684828	0.00027540463662809245
9628.539308264406	0.0002604735485638011
9628.787501113706	0.0002709251943549128
9629.03569539222	0.00024104265044183764
9629.28389109601	0.00026644425962508354
9629.532088221156	0.0002918458329031976
9629.780286763751	0.0002515061215283006
9630.028486719906	0.00027390907657830806
9630.276688085753	0.00021265570326162332
9630.52489085744	0.00024104813375389853
9630.773095031123	0.00024254320848598332
9631.021300602995	0.00024702026306789123
9631.269507569245	0.0002873651225804428
9631.51771592609	0.0003023061336263551
9631.765925669757	0.0002276004812944496
9632.014136796497	0.0003082835972461112
9632.26234930257	0.00024253440454764005
9632.510563184258	0.00021713376540137447
9632.758778437854	0.0002769103811685419
9633.006995059675	0.0002754076580449424
9633.255213046044	0.00027540504594659624
9633.503432393305	0.0002574797804607544
9633.751653097823	0.0002724237752231282
9633.999875155961	0.00029782851952280827
9634.248098564123	0.00029932023772347865
9634.496323318708	0.0003037931871519721
9634.744549416137	0.0002455333956505413
9634.99277685285	0.00025001097205369963
9635.241005625297	0.000257481720534715
9635.489235729947	0.00026644448403215795
9635.73746716328	0.00028438049353030363
9635.985699921797	0.00024403791159995284
9636.233934002003	0.0002305869748980884
9636.482169400431	0.0002963281098865412
9636.730406113618	0.0002559895930155409
9636.978644138122	0.0002634534399317851
9637.226883470516	0.00021265913501428903
9637.475124107383	0.0002530035469095293
9637.72336604532	0.0003082788595639563
9637.971609280943	0.00025598966781789894
9638.219853810879	0.0002081750674420172
9638.468099631767	0.00019621931845371926
9638.716346740272	0.00025000951729743854
9638.964595133051	0.00025598522814833884
9639.212844806798	0.00022609712480432326
9639.461095758204	0.0002694437731476541
9639.709347983984	0.0002559897420218383
9639.95760148086	0.0003037990815777933
9640.205856245571	0.0002500091815844552
9640.454112274869	0.00027541358897431427
9640.702369565519	0.00028138620360600657
9640.950628114297	0.00024104223980681247
9641.198887917995	0.0002739177686123237
9641.447148973422	0.0002769085524004901
9641.695411277391	0.0003710410355210168
9641.943674826736	0.00032471192272826585
9642.191939618297	0.00026195795408594
9642.440205648933	0.0003486233839619432
9642.68847291551	0.0002739197086862843
9642.936741414915	0.0002888571752972587
9643.18501114404	0.0003157516588264225
9643.433282099792	0.00032769785692994953
9643.681554279088	0.00035161461536742085
9643.929827678865	0.0003112761715035221
9644.178102296066	0.0004083868303251466
9644.426378127646	0.00035609954095266143
9644.674655170573	0.0003471291296621225
9644.92293342183	0.00034862308415409195
9645.171212878407	0.0003680521553032602
9645.419493537318	0.00034114707557125225
9645.667775395568	0.00034414356767697285
9645.916058450197	0.0004293136242098776
9646.164342698237	0.00040988854511295837
9646.412628136744	0.00042482545280071276
9646.660914762784	0.00037402100109294
9646.909202573428	0.0004771201655592193
9647.157491565767	0.00048460098722499095
9647.405781736898	0.0005533357036098046
9647.654073083935	0.0005249330495501125
9647.902365603995	0.0006026372077869033
9648.150659294213	0.0005578020506829592
9648.398954151731	0.0006638750241878779
9648.647250173708	0.0007460684728771114
9648.895547357306	0.0007445659364601979
9649.143845699706	0.0007864158325836813
9649.392145198093	0.0008685978652362253
9649.640445849673	0.0008611226399836801
9649.88874765165	0.0009701951647115576
9650.137050601248	0.0010239758502512113
9650.385354695696	0.001044894326113717
9650.63365993224	0.0010479028302813167
9650.881966308129	0.001150983826152433
9651.13027382063	0.0011778968881936823
9651.37858246702	0.0012600511649824258
9651.626892244578	0.0011121478816034783
9651.875203150603	0.0012316694783229285
9652.123515182397	0.0012690167643868704
9652.37182833728	0.001197294472935845
9652.620142612575	0.0011330657237404065
9652.868458005622	0.0011913265582859192
9653.116774513763	0.0011868377537495951
9653.365092134358	0.0011495138969810595
9653.613410864771	0.0013317769631680004
9653.861730702381	0.0010374188770525166
9654.110051644571	0.0012720167249283328
9654.358373688745	0.0013512081233974268
9654.606696832301	0.0012481175031557035
9654.855021072655	0.001280988032051913
9655.103346407239	0.0012899416941968367
9655.351672833482	0.001198815177349503
9655.600000348837	0.0011196188173895982
9655.84832895075	0.0011121364296616568
9656.096658636687	0.0010209925275494545
9656.344989404128	0.0008685973434149749
9656.593321250548	0.0008865280557093268
9656.841654173446	0.0007998704980334939
9657.089988170317	0.0007281507055796492
9657.338323238675	0.0006340109097805912
9657.586659376042	0.0006160837784247279
9657.834996579946	0.0005712553355804503
9658.083334847926	0.0005368959620909606
9658.331674177527	0.0004711499027136671
9658.58001456631	0.0004636757228988791
9658.828356011838	0.0004547075490964768
9659.076698511684	0.00041585989049823784
9659.325042063436	0.0004367780300493419
9659.573386664684	0.0003904573854819509
9659.821732313027	0.0003964395873822809
9660.070079006076	0.00037402928321003296
9660.318426741453	0.0004352863130455092
9660.566775516783	0.0003650616324257189
9660.8151253297	0.0003456420001373096
9661.063476177853	0.00035011241406507164
9661.311828058891	0.0003157518084311387
9661.560180970477	0.0003710353289987192
9661.808534910282	0.0003262087879295949
9662.056889875981	0.0003127634865381832
9662.305245865267	0.00029633012476286
9662.553602875834	0.0003441431954604388
9662.801960905379	0.0003306933047947506
9663.050319951619	0.0003052947912322939
9663.298680012273	0.00025897422086884213
9663.54704108507	0.00022311626411746155
9663.795403167745	0.00023805943904599004
9664.04376625804	0.00022311439944427787
9664.292130353715	0.00023656212622734992
9664.540495452524	0.00014542169482488108
9664.788861552239	0.00014093900636872578
9665.037228650632	0.0001782918145222707
9665.285596745489	0.00011702918941056393
9665.533965834604	0.0001603615121448414
9665.782335915774	0.00012300545918468434
9666.030706986809	0.00011105415010531412
9666.279079045518	0.00012001762254958652
9666.527452089736	0.00014242665765494718
9666.775826117286	0.00011404250880102978
9667.024201126007	7.220787241844823e-05
9667.272577113745	6.174951129051619e-05
9667.520954078356	8.565485285351163e-05
9667.769332017697	6.323988568178317e-05
9668.017710929635	6.0252459262817404e-05
9668.266090812052	6.174943678736749e-05
9668.51447166283	6.772350575642763e-05
9668.762853479859	7.220593216496191e-05
9669.011236261034	5.8758317286217647e-05
9669.25962000426	5.427488343952401e-05
9669.508004707455	6.323928869912333e-05
9669.756390368537	5.726428697457817e-05
9670.004776985428	6.323962411289718e-05
9670.253164556068	6.323787062593868e-05
9670.501553078397	3.186226655788816e-05
9670.74994255036	2.2897861417972673e-05
9670.998332969919	5.875980950349965e-05
9671.24672433503	3.933443203493433e-05
9671.495116643662	4.231887383981037e-05
9671.743509893795	5.875641461343608e-05
9671.991904083414	6.025790619101125e-05
9672.240299210504	7.818238888513562e-05
9672.488695273067	5.128465929268018e-05
9672.7370922691	8.116895717144885e-05
9672.985490196623	7.070835795696145e-05
9673.233889053645	5.72608171624727e-05
9673.482288838191	9.611112406339919e-05
9673.730689548298	7.370078308839106e-05
9673.979091182	8.565209222760324e-05
9674.227493737339	0.00010059392430419838
9674.475897212365	4.231887389965226e-05
9674.72430160514	0.00013197053539151514
9674.972706913726	6.323839346450111e-05
9675.221113136191	9.312466750188807e-05
9675.469520270615	6.0248691258591454e-05
9675.717928315078	9.162895892454139e-05
9675.966337267673	7.967574759128288e-05
9676.214747126493	8.565313670789033e-05
9676.46315788964	9.461873605249305e-05
9676.711569555227	0.00010358314083335725
9676.959982121365	9.01338094499404e-05
9677.208395586178	8.565369658858044e-05
9677.456809947793	7.220175376507822e-05
9677.70522520434	5.1287867715425376e-05
9677.953641353964	1.542838194400256e-05
9678.202058394809	3.336170645638435e-05
9678.450476325024	3.335805017696056e-05
9678.69889514277	9.76031402766644e-05
9678.947314846215	5.8756936733895866e-05
9679.195735433525	2.738136946860561e-05
9679.444156902877	3.47468517336065e-06
9679.692579252454	3.7839170715847384e-05
9679.941002480442	1.3932822013901998e-05
9680.18942658504	6.473298305841195e-05
9680.437851564446	4.083129765515663e-05
9680.686277416866	-1.2960505190488678e-05
9680.934704140509	1.6919912540358797e-05
9681.183131733596	3.634458118177844e-05
9681.431560194353	4.232178377122567e-05
9681.679989521002	3.78401780941649e-05
9681.928419711787	4.3814396368731854e-05
9682.176850764941	4.680633678088077e-05
9682.425282678712	2.439517453582227e-05
9682.673715451358	-1.2958266685039974e-05
9682.922149081127	7.955134346122715e-06
9683.170583566292	3.185887172766653e-05
9683.419018905119	-9.978749328846644e-06
9683.66745509588	3.783984208197215e-05
9683.915892136856	-8.478339931947124e-06
9684.164330026333	4.966812812218508e-06
9684.412768762604	2.290181594935884e-05
9684.661208343961	5.4273242275786496e-05
9684.909648768711	-1.7445393733601454e-05
9685.158090035156	5.278044285191064e-05
9685.40653214162	1.9911330532838522e-05
9685.654975086407	1.094520930714352e-05
9685.903418867849	2.2899129886440998e-05
9686.151863484274	2.439140659143821e-05
9686.400308934013	1.5424688502767206e-05
9686.64875521541	3.7841371879958846e-05
9686.897202326807	1.98169964121771e-06
9687.145650266551	9.449276502248143e-06
9687.394099033005	-5.492070196805705e-06
9687.642548624524	-6.9866226887469165e-06
9687.890999039473	3.186271423504119e-05
9688.139450276225	4.969051138141538e-06
9688.387902333156	4.9793874804964975e-05
9688.636355208642	-3.995204696267138e-06
9688.884808901073	4.851697938206032e-07
9689.133263408845	6.460768321499936e-06
9689.381718730345	3.335685633132467e-05
9689.63017486398	-1.595151278731073e-05
9689.878631808151	4.970095857796242e-06
9690.127089561272	6.464461762735292e-06
9690.375548121763	4.965730990594236e-06
9690.624007488035	-2.7903083016673638e-05
9690.872467658523	-1.011882114194451e-06
9691.120928631653	-2.6409090166055073e-05
9691.369390405864	6.462297999802857e-06
9691.617852979592	4.861024296218481e-07
9691.866316351285	4.082827581941354e-05
9692.114780519389	-8.478563860286422e-06
9692.363245482364	6.463305198594697e-06
9692.611711238666	-2.640890345936918e-05
9692.86017778676	-5.490316769689107e-06
9693.108645125116	1.980393831412195e-06
9693.357113252208	-1.0089349611257436e-06
9693.605582166514	-4.000129144949902e-06
9693.854051866514	-1.7443603144673314e-05
9694.1025223507	1.2436180381860837e-05
9694.35099361756	-8.479682963406072e-06
9694.599465665591	-2.5037113215643617e-06
9694.8479384933	-4.284375811023516e-05
9695.096412099187	-1.2963526966389845e-05
9695.344886481767	-2.192703681184133e-05
9695.59336163955	4.843491221889804e-07
9695.841837571059	4.970357067630836e-06
9696.09031427482	-1.744177503488234e-05
9696.338791749351	-9.972929765225499e-06
9696.587269993197	4.858786808081719e-07
9696.83574900489	-1.0080397265035791e-06
9697.084228782971	-5.479853670250137e-05
9697.332709325989	1.2440507907725707e-05
9697.581190632493	-4.28433851755984e-05
