Energy_(eV)	counts
9548.512105182755	0.0016846089093399542
9548.758965573	0.0018487111690222186
9549.00583211844	0.0013706703934011557
9549.25270478063	0.0014604475438552717
9549.499583521529	0.0015203592914513633
9549.746468303461	0.001833365722925488
9549.993359089161	0.001998098032830584
9550.240255841725	0.0018187276393789667
9550.487158524618	0.0020576522670535916
9550.734067101677	0.0018784735335085588
9550.9809815371	0.001997795842028544
9551.227901795439	0.0019081475242966061
9551.4748278416	0.0023114913166962492
9551.721759640828	0.0022221009847828194
9551.968697158722	0.0018488032802174432
9552.215640361206	0.001953284958003513
9552.462589214547	0.002177169902857468
9552.709543685332	0.002296422214461345
9552.956503740468	0.0021471495664556494
9553.203469347196	0.0022068807300235803
9553.450440473056	0.0022214451492766863
9553.697417085905	0.0026098119179947554
9553.944399153908	0.0025949674784353227
9554.191386645534	0.0027292961859241094
9554.438379529545	0.00272900151424294
9554.685377774997	0.002565116565556106
9554.932381351244	0.0026551188042392812
9555.179390227917	0.002535122031967494
9555.426404374935	0.003042398418940988
9555.673423762502	0.0033863170516316137
9555.920448361085	0.0035507472475035697
9556.167478141435	0.0031763993788376963
9556.414513074564	0.0030576554460034614
9556.661553131753	0.0034906696706201606
9556.908598284546	0.003848864920792578
9557.155648504742	0.004132529005545783
9557.402703764397	0.0038041147511277715
9557.649764035817	0.004281565833392848
9557.896829291563	0.0045947047873322
9558.143899504435	0.004221392428974065
9558.390974647478	0.004908606630706888
9558.638054693978	0.004654546580325752
9558.88513961746	0.005580073759867254
9559.132229391673	0.004998719464964829
9559.379323990608	0.005789328088914799
9559.626423388476	0.006117002025163118
9559.873527559721	0.005998283980373704
9560.120636479005	0.006385468158638292
9560.367750121213	0.0070274525361994425
9560.614868461438	0.007580404350915087
9560.861991474998	0.007878500154739185
9561.109119137423	0.007997377044659434
9561.356251424442	0.008862299420876144
9561.603388312005	0.009431285502433634
9561.850529776253	0.009909418709624073
9562.09767579354	0.010476112858686095
9562.344826340413	0.011431409808797139
9562.59198139362	0.011266570640814209
9562.839140930102	0.012639808866399321
9563.086304926997	0.01277543153183671
9563.333473361627	0.013445184387274642
9563.580646211503	0.014386219513331425
9563.827823454332	0.01529804844321865
9564.075005067993	0.015521908001141314
9564.32219103055	0.01726769525437917
9564.569381320252	0.01749053705011757
9564.81657591552	0.01896815367574317
9565.063774794959	0.019833828066808473
9565.310977937334	0.020609028840008498
9565.558185321592	0.02125189097020523
9565.80539692685	0.02384861570581251
9566.052612732388	0.0260416166151577
9566.299832717654	0.027121421738129904
9566.547056862262	0.030701023406873237
9566.79428514599	0.03381894702227496
9567.041517548767	0.036680966459280526
9567.288754050694	0.04113253778047997
9567.535994632019	0.04783847422198263
9567.783239273149	0.05090814936333695
9568.030487954647	0.056449142224510994
9568.27774065722	0.06076265235544682
9568.524997361737	0.06748223220217602
9568.772258049206	0.07275959225752296
9569.01952270079	0.07600642034077869
9569.266791297785	0.0793090483525626
9569.514063821647	0.08302057351985778
9569.761340253961	0.08612439413820171
9570.00862057646	0.0888815458671218
9570.255904771017	0.09527972104637372
9570.503192819635	0.0956684800872468
9570.750484704464	0.09972959650025241
9570.99778040778	0.10468160246066638
9571.245079912002	0.10632832589788942
9571.492383199668	0.1112985447056393
9571.739690253458	0.11569858366334272
9571.987001056179	0.11719249932993378
9572.234315590762	0.11518943853455224
9572.481633840267	0.109848313807497
9572.728955787883	0.10334667845074472
9572.976281416919	0.0986645085859882
9573.223610710807	0.09415616539362466
9573.470943653103	0.08455230917360398
9573.71828022748	0.07390120987951727
9573.96562041773	0.0694906518899328
9574.21296420777	0.06224308879345163
9574.460311581624	0.057538263821742944
9574.707662523439	0.052023132287394885
9574.955017017473	0.04864698185354143
9575.202375048095	0.0429554682095883
9575.449736599794	0.0430708519876051
9575.69710165716	0.03987195260268075
9575.944470204899	0.03633030752137667
9576.191842227825	0.03625549894821166
9576.439217710858	0.033032935174998675
9576.686596639027	0.03095326630716077
9576.933978997464	0.028253148225309912
9577.181364771408	0.027909999915339392
9577.428753946204	0.026536694701332797
9577.676146507287	0.022519398460190656
9577.923542440209	0.02225498634726418
9578.170941730612	0.021180415055897277
9578.418344364245	0.01834049435683989
9578.66575032695	0.018370344710575543
9578.913159604674	0.017473854182785086
9579.160572183448	0.016236801731588115
9579.40798804941	0.014208419028778544
9579.655407188788	0.01350501973047161
9579.902829587905	0.012656588142172007
9580.150255233179	0.012400898952965407
9580.397684111114	0.011506033229882185
9580.645116208314	0.01032629125924472
9580.892551511468	0.010371690470670224
9581.139990007357	0.010311409795314088
9581.387431682844	0.009028656715018894
9581.634876524893	0.0076099496117424765
9581.882324520542	0.007878986482700065
9582.129775656924	0.006788561228645457
9582.37722992125	0.007087518971920638
9582.624687300826	0.006326952871793629
9582.872147783031	0.006475997098470137
9583.119611355334	0.005982172025822694
9583.367078005283	0.006146941158807305
9583.614547720515	0.0050876712693451575
9583.862020488737	0.00546064813551948
9584.109496297739	0.004968087410390878
9584.356975135397	0.004341735556531296
9584.60445698966	0.00420670281475659
9584.851941848558	0.00422183823867206
9585.099429700194	0.004191552641540593
9585.346920532753	0.0033716532613841305
9585.59441433449	0.0033861731855035293
9585.841911093741	0.0030725846329884877
9586.089410798915	0.0031322347201350096
9586.336913438488	0.0026995559296720904
9586.584419001023	0.0026548275913899815
9586.831927475141	0.0028040707377722275
9587.079438849547	0.0029825493685662033
9587.326953113008	0.002460775007333995
9587.574470254369	0.002774072452783654
9587.82199026254	0.002296355895803176
9588.069513126502	0.0026694876634838775
9588.317038835305	0.002132401013670584
9588.56456737807	0.0018787721300753148
9588.812098743978	0.002445978609994149
9589.059632922286	0.002326033507423607
9589.307169902317	0.0020425500399449364
9589.554709673448	0.0018189561253874628
9589.802252225138	0.002027919384242877
9590.049797546895	0.0016993095704208353
9590.297345628307	0.00134114743121914
9590.544896459014	0.0017591697510772018
9590.79245002872	0.0016247340634057165
9591.040006327195	0.0012515174479558197
9591.287565344277	0.0015202671264574598
9591.535127069852	0.001385857329853194
9591.78269149388	0.0013112338670590608
9592.03025860637	0.0016247413848617812
9592.2778283974	0.0010426573846367682
9592.525400857101	0.001341139972546222
9592.772975975671	0.0012814640819820131
9593.020553743361	0.0008935248827921295
9593.268134150476	0.0011174762037298098
9593.515717187389	0.001311381284504382
9593.763302844522	0.001057708101626774
9594.010891112357	0.0011471169052256738
9594.258481981427	0.0011025064507280205
9594.506075442334	0.0007142907523250706
9594.753671485716	0.0011024253857917223
9595.001270102282	0.0009531159147065116
9595.248871282789	0.0009531158838780556
9595.496475018046	0.0010577339020220633
9595.74408129892	0.0007740366633800893
9595.991690116329	0.0008337051768761171
9596.239301461239	0.0009234014340661217
9596.486915324676	0.0007590928117216711
9596.734531697713	0.0006844877897845527
9596.982150571479	0.0006547475226519023
9597.229771937144	0.0006845062372908419
9597.477395785936	0.0005650512854097223
9597.72502210914	0.0008784998610179749
9597.972650898077	0.0008188128897395057
9598.22028214412	0.0007441968517674369
9598.4679158387	0.0006247197892340774
9598.715551973288	0.0006544638561250519
9598.963190539405	0.0006248119209816066
9599.210831528622	0.0007740661039511072
9599.458474932557	0.0002666018072620314
9599.706120742867	0.0007292898419273985
9599.953768951273	0.0007890873652581073
9600.201419549529	0.0006993432079012049
9600.44907252943	0.0004905162900082089
9600.696727882836	0.0006248192877736358
9600.944385601631	0.0006247640020758435
9601.19204567776	0.0005054085348917011
9601.439708103204	0.000654714346397391
9601.68737286999	0.0005949352856849596
9601.935039970189	0.00047566090816032817
9602.18270939592	0.000505316471389911
9602.430381139335	0.0007143644214543221
9602.678055192637	0.0004158560119927951
9602.92573154807	0.0005651102167235585
9603.173410197918	0.000535259375777406
9603.42109113451	0.00041582286898465755
9603.668774350215	0.0006246903142077268
9603.916459837443	0.0004307814324658714
9604.164147588646	0.000580035637196635
9604.411837596315	0.00044571424391015823
9604.659529852983	0.0005651102167235585
9604.907224351218	0.0004756314361563749
9605.154921083637	0.00046065072877654725
9605.40262004289	0.0005949278983406266
9605.650321221668	0.0005800319655879711
9605.898024612701	0.0006546259261541747
9606.145730208755	0.00049056421133189
9606.39343800264	0.0003859720117175577
9606.641147987195	0.00040093429214339984
9606.888860155306	0.0006247787556077265
9607.13657449989	0.00029649319669504073
9607.384291013903	0.0002665170687827352
9607.632009690344	0.00026655759502474503
9607.879730522238	0.0003859683274148237
9608.127453502651	0.00031141126065223996
9608.375178624694	0.0003561138019845932
9608.622905881495	0.0003711239996841037
9608.870635266232	0.0003560511678709495
9609.118366772118	0.0005204187377897356
9609.366100392392	0.00041578969907718114
9609.613836120336	0.00032618561866843055
9609.861573949262	0.0003859867489284932
9610.109313872521	0.00038599781513524463
9610.357055883494	0.00037111661294425005
9610.6047999756	0.0003859756960807395
9610.852546142281	0.0002665760280839737
9611.100294377027	0.00044568474651806477
9611.348044673352	0.000266612874677742
9611.595797024802	0.0003561027490763914
9611.843551424965	0.0004307925041129385
9612.091307867451	0.00029644530740877476
9612.339066345905	0.00026665710021357806
9612.58682685401	0.00025169113167678077
9612.834589385473	0.00028150513098589735
9613.082353934036	0.0003113264872340268
9613.33012049347	0.00038604940564967137
9613.577889057582	0.0002666349829725115
9613.825659620203	0.00035618750575052165
9614.073432175202	0.0004158044310895928
9614.321206716475	0.00035618013351817665
9614.568983237945	0.00029647476557014674
9614.816761733571	0.0005203487245526803
9615.064542197335	0.00034122890962741333
9615.312324623257	0.00043074458883405275
9615.56010900538	0.00020688540212226755
9615.807895337779	0.00013233200219295933
9616.055683614555	0.00019197470489664976
9616.303473829845	0.000490527361655276
9616.551265977805	0.00032634773645143613
9616.799060052625	0.00028147197286577166
9617.04685604852	0.0003561543409811212
9617.294653959738	0.00031135966143330796
9617.542453780552	0.0003859536023539265
9617.790255505264	0.00029641949794629246
9618.0380591282	0.00013225091658346133
9618.285864643714	0.0003860162590146568
9618.533672046193	0.00019196735599721464
9618.781481330047	0.00040089743980707595
9619.029292489706	0.00022181080839007498
9619.277105519637	0.00029650794115973077
9619.52492041433	0.00016213861971895428
9619.7727371683	0.00016210912655821754
9620.020555776086	0.0002516616493362278
9620.268376232256	0.0003113080695285783
9620.516198531406	0.0001621238639504971
9620.764022668154	0.00026659444953719516
9621.011848637143	0.0003263624685242959
9621.259676433041	0.000385909417257771
9621.507506050544	0.00017702350107460675
9621.75533748437	0.00013227302300434436
9622.003170729264	0.00035609539636873526
9622.25100577999	0.0002218255458428025
9622.498842631348	0.0002964968937522928
9622.74668127815	0.00016211650604431693
9622.99452171524	0.00016214598131245955
9623.242363937477	0.00031136702846712894
9623.490207939756	0.00031140387215939557
9623.738053716988	0.00034120681952747766
9623.985901264105	0.0002815714625194807
9624.233750576072	0.00034124002358804756
9624.481601647867	0.0002964821378024918
9624.729454474495	0.0001322951457461747
9624.977309050986	0.00028156040344558785
9625.225165372389	0.00014719476836277563
9625.473023433779	0.00019195997469767667
9625.720883230253	0.00034120311890379625
9625.968744756925	0.0004158191683609764
9626.216608008937	0.00025162849006759083
9626.464472981452	0.0002665428572697779
9626.712339669655	0.0002069185565550681
9626.960208068753	0.00014724268581778772
9627.208078173964	0.0002964710884607192
9627.45594998055	0.000236695700565911
9627.703823483771	0.00024830977371222645
9627.951698678922	0.00031623583120535633
9628.199575561317	0.0002754883593592565
9628.447454126288	0.00022567830674550775
9628.69533436919	0.00027850332795465604
9628.943216285394	0.00026039222238186376
9629.191099870302	0.0002151103325748524
9629.438985119325	0.00021511029449264207
9629.686872027898	0.00024529604792674004
9629.93476059148	0.0002332217766561814
9630.182650805547	0.00026039651902236125
9630.430542665596	0.00028001214996555517
9630.67843616714	0.0002845450615634786
9630.926331305714	0.0002377452287539435
9631.17422807688	0.00024831727348975224
9631.422126476205	0.00030868388105135955
9631.670026499285	0.0003011451218496613
9631.917928141735	0.0002603861933030339
9632.165831399187	0.0002649202346731983
9632.41373626729	0.0002226523716824792
9632.661642741716	0.000305670834096385
9632.909550818153	0.0002905783910933986
9633.157460492306	0.00027850980978865375
9633.405371759905	0.0002468108615387383
9633.653284616694	0.00029510775983679805
9633.901199058433	0.00026491431742308146
9634.149115080902	0.0002694502810381505
9634.397032679903	0.0002860478913687991
9634.644951851249	0.00030115088677093666
9634.892872590779	0.0003011451206407022
9635.140794894345	0.00028302516004727834
9635.388718757813	0.00029660949734760833
9635.636644177072	0.00027547920088990104
9635.884571148028	0.0002830288153349948
9636.132499666606	0.0002392592130200268
9636.38042972874	0.00023925216720662785
9636.628361330391	0.00029811568201431915
9636.876294467529	0.00030265190797350414
9637.12422913615	0.00026038461138010437
9637.37216533226	0.00023775231325403234
9637.620103051877	0.0002347334252133617
9637.868042291046	0.00026642314064293963
9638.115983045827	0.0002452965006819078
9638.363925312291	0.0003041584317532311
9638.611869086531	0.0002724659659417928
9638.859814364649	0.00029962808435747307
9639.10776114277	0.0003026551117150119
9639.355709417034	0.00027096268459026346
9639.603659183595	0.00028905788570214824
9639.85161043862	0.0002875588991776779
9640.099563178299	0.0002951025588949239
9640.347517398834	0.0003086926248477576
9640.59547309644	0.00032075494978936947
9640.843430267354	0.0002905746221635306
9641.091388907822	0.00026643233538106687
9641.339349014106	0.0002935968263789015
9641.587310582492	0.00023775600722843868
9641.835273609266	0.0003117081580270379
9642.083238090745	0.0003766099766266998
9642.331204023247	0.0003600086360528729
9642.579171403113	0.00037509471025953367
9642.8271402267	0.0002800040106486869
9643.075110490376	0.00030567045750563805
9643.323082190522	0.00036754890343099797
9643.571055323539	0.00031472561526466145
9643.819029885839	0.00034642505193403707
9644.067005873847	0.00035698628011314004
9644.314983284006	0.0003992496590747075
9644.562962112772	0.0003313254857442719
9644.810942356615	0.0003418936859902714
9645.058924012019	0.00037509817755411657
9645.306907075477	0.000408296074246292
9645.55489154351	0.0003675428731432091
9645.802877412638	0.00037962871354748777
9646.050864679402	0.00043092901130722716
9646.298853340355	0.00042792448025986794
9646.546843392061	0.0003932063048562658
9646.794834831106	0.00045358881687878054
9647.04282765408	0.00041887392138110694
9647.290821857592	0.0004233923611346082
9647.53881743826	0.00047621779762119346
9647.786814392724	0.0004399916676348172
9648.034812717624	0.000593955641979843
9648.282812409627	0.0006075386597013595
9648.5308134654	0.0005577283810122665
9648.778815881633	0.0006618519663338627
9649.026819655024	0.0006060163469163151
9649.274824782286	0.000689041329246429
9649.522831260143	0.0007509178154491535
9649.770839085337	0.0008218505142276808
9650.01884825461	0.0008097656536847199
9650.266858764726	0.000808278688444658
9650.514870612467	0.000861091462294054
9650.762883794614	0.000850537846325669
9651.010898307972	0.0008656371120891079
9651.25891414935	0.0008550604309953059
9651.506931315571	0.0008927993417290215
9651.754949803477	0.0009063646862825264
9652.002969609915	0.0008776944627686692
9652.250990731744	0.0008278878756360645
9652.499013165836	0.0009758095143106564
9652.747036909077	0.0009214584482598467
9652.995061958367	0.0009591844684675902
9653.243088310608	0.001021077348155162
9653.491115962723	0.0011674996617967465
9653.739144911648	0.0012671012639058378
9653.98717515432	0.0014693723492305787
9654.235206687696	0.0014647910508597366
9654.483239508741	0.0015010514729698362
9654.731273614438	0.0016157096446397406
9654.979309001767	0.0017802357895474563
9655.22734566774	0.0017138647175624342
9655.475383609359	0.0017108084841719355
9655.72342282365	0.0016127225238117976
9655.97146330765	0.001528199948887009
9656.219505058398	0.0014421723196722301
9656.467548072955	0.0014225495655422577
9656.715592348384	0.0012972547598943097
9656.963637881767	0.001114641324698315
9657.21168467019	0.0010422136356094888
9657.459732710753	0.0009154204074164718
9657.707782000569	0.0007961920180899847
9657.955832536752	0.0006905322133272824
9658.203884316443	0.0005275401401449036
9658.451937336775	0.0005350801445744332
9658.699991594905	0.0005064151588757015
9658.948047087997	0.0004897976502878919
9659.19610381322	0.00041886879599917405
9659.444161767762	0.00041887199853172266
9659.692220948813	0.0003464248264631724
9659.940281353583	0.0003464185326223085
9660.188342979283	0.00040829969145179804
9660.436405823137	0.000369054748380213
9660.684469882379	0.00031019311833969563
9660.93253515426	0.00036452911048447134
9661.180601636022	0.0003630209286173943
9661.428669324943	0.00029359332221106743
9661.676738218292	0.0003147149498278384
9661.924808313352	0.0003449183407656558
9662.172879607422	0.000314723503817664
9662.420952097798	0.000293596148152869
9662.6690257818	0.00031924567502330246
9662.917100656749	0.00036302394376128876
9663.165176719978	0.00024983144635344883
9663.413253968829	0.000242279911476889
9663.661332400656	0.0002739700778481961
9663.909412012816	0.00023624096633213736
9664.157492802684	0.00016228063692550038
9664.40557476764	0.0002558619118593569
9664.653657905066	0.00020001773724302453
9664.90174221237	0.0002468057754479747
9665.149827686957	0.00013964619229261808
9665.39791432624	0.0001894501408720753
9665.64600212765	0.00015021269697353655
9665.89409108862	0.00019096472840872937
9666.142181206593	0.00016379658212317826
9666.390272479028	0.0001638007276437934
9666.63836490338	0.0001788874051210249
9666.886458477124	0.0001487031968575009
9667.134553197739	0.00010191719381423137
9667.382649062713	9.587493309925903e-05
9667.630746069544	0.00011247706626664517
9667.878844215738	9.13465448821049e-05
9668.126943498813	9.73859040348865e-05
9668.375043916289	0.00011247699058580812
9668.6231454657	0.00010795139077227676
9668.871248144585	0.000165302125437108
9669.119351950494	5.663323148870443e-05
9669.367456880987	9.437093429097581e-05
9669.615562933628	8.833014421425134e-05
9669.863670105991	7.474844425810971e-05
9670.111778395662	0.00010191576131864176
9670.359887800229	6.417504385605955e-05
9670.607998317295	0.0001094582905382713
9670.856109944465	7.021726697240524e-05
9671.104222679354	6.116591616501222e-05
9671.35233651959	6.116116713203459e-05
9671.600451462804	9.587677978422247e-05
9671.848567506633	6.267470033549281e-05
9672.096684648732	0.00011700473932406767
9672.344802886751	0.00011701065476074597
9672.592922218359	9.134650698123832e-05
9672.841042641227	8.22928951181643e-05
9673.089164153032	0.00011700858260491791
9673.337286751468	9.73816454161513e-05
9673.585410434225	8.682441181912473e-05
9673.833535199012	8.078784179534134e-05
9674.081661043538	0.00012001951992633353
9674.32978796552	9.889295455807569e-05
9674.57791596269	9.134808962954315e-05
9674.82604503278	7.625896231767348e-05
9675.074175173528	6.267236462658977e-05
9675.322306382692	9.889849437117414e-05
9675.57043865802	5.9654719516728345e-05
9675.818571997283	7.172804876638782e-05
9676.06670639825	7.927736048813306e-05
9676.314841858706	0.00010342288848983537
9676.56297837643	5.0597603002236655e-05
9676.811115949225	5.5126895823007077e-05
9677.059254574886	5.965554874174728e-05
9677.307394251224	7.77651465008006e-05
9677.555534976054	1.739232017468699e-05
9677.803676747202	4.4559186172593975e-05
9678.051819562495	8.380378952668325e-05
9678.299963419777	6.720014987541299e-05
9678.548108316885	4.455771607837761e-05
9678.796254251678	3.852174859978957e-05
9679.04440122201	7.172929187854076e-05
9679.292549225753	1.588436468519376e-05
9679.540698260775	1.7392357954657613e-05
9679.788848324955	2.7956940209327536e-05
9680.036999416185	4.003569623441338e-05
9680.285151532355	3.85249896376843e-05
9680.533304671368	3.808887417525304e-06
9680.78145883113	1.7393752428484774e-05
9681.029614009556	6.11689310671149e-05
9681.277770204568	2.0413619907337427e-05
9681.525927414092	1.4373658390704465e-05
9681.774085636067	-1.4304215416081348e-05
9682.022244868429	2.4939483697079378e-05
9682.270405109128	3.0979898392015826e-05
9682.518566356119	1.8906493824206995e-05
9682.766728607363	3.852265314295791e-05
9683.014891860828	5.5127310435516536e-05
9683.26305611449	-1.5810776794435087e-05
9683.511221366327	4.003460351676743e-05
9683.759387614327	4.15439152769816e-05
9684.007554856484	6.719837887128672e-05
9684.2557230908	5.361498353140797e-05
9684.503892315275	2.041346951283038e-05
9684.75206252793	5.2110193036284556e-05
9685.000233726785	-8.265760866916055e-06
9685.248405909857	2.3433149119445207e-05
9685.496579075181	3.097839118275633e-05
9685.744753220799	1.4376183241252286e-05
9685.992928344755	-2.4864275740732975e-05
9686.241104445095	4.154368950387718e-05
9686.489281519878	4.908844169697743e-05
9686.737459567168	3.5506516028179336e-05
9686.98563858503	9.847304368063848e-06
9687.233818571547	2.343495790354215e-05
9687.481999524793	-2.6373889438472255e-05
9687.730181442856	-1.4300409431618096e-05
9687.97836432383	3.399426426087625e-05
9688.226548165816	3.248642199039897e-05
9688.474732966917	-2.3358128974888724e-05
9688.722918725245	-7.152806862397386e-07
9688.971105438915	-9.774620839129668e-06
9689.219293106056	-1.1282764684444392e-05
9689.467481724789	-1.7318845382048353e-05
9689.71567129325	-2.7883993006422455e-05
9689.963861809583	9.852467348623456e-06
9690.212053271933	-3.7352239668254147e-06
9690.460245678449	1.4376258498953741e-05
9690.708439027288	3.3996978071725144e-05
9690.956633316619	1.8905325667515714e-05
9691.204828544607	-3.542833052656523e-05
9691.453024709424	-9.773527879691882e-06
9691.701221809257	-3.392354039412962e-05
9691.949419842285	-1.5808817132247566e-05
9692.197618806706	7.921848121466602e-07
9692.44581870071	-5.2432171758413114e-06
9692.694019522505	-4.7508932753030894e-05
9692.942221270298	-6.757654499332165e-06
9693.1904239423	-1.430165302735468e-05
9693.438627536732	-2.184640509955899e-05
9693.686832051815	-9.768628996238829e-06
9693.935037485786	1.5887643140371358e-05
9694.183243836871	-3.543130752780139e-05
9694.431451103319	-2.226778607121264e-06
9694.67965928337	2.302175402872767e-06
9694.927868375278	-1.4300032478183365e-05
9695.176078377302	2.4941632259119982e-05
9695.4242892877	6.82981049898072e-06
9695.672501104742	-3.7365806606820077e-06
9695.920713826696	3.701254945411177e-05
9696.16892745184	2.303192923265172e-06
9696.41714197846	-2.48689485488419e-05
9696.665357404847	-1.7319372850885994e-05
9696.913573729284	-5.244950762684704e-06
9697.16179095008	1.7392131577073722e-05
