Energy_(eV)	counts
9548.362259679363	0.0017131085338435194
9548.608801797483	0.001753500484043497
9548.855350695043	0.0017332896296593954
9549.101906329704	0.0018536382944402624
9549.348468659558	0.0016731376172107817
9549.595037643123	0.0015729254774264048
9549.841613239343	0.0014126009957008555
9550.08819540757	0.0017736370699790347
9550.33478410757	0.001332173668356151
9550.581379299512	0.0020744863819261196
9550.82798094396	0.0019741951716962317
9551.074589001872	0.0018336602483433788
9551.321203434594	0.002014161007637444
9551.567824203852	0.002174906577369116
9551.814451271748	0.0022149270610106186
9552.061084600758	0.0022549672442148962
9552.307724153718	0.0024958726968744628
9552.554369893835	0.002114744637543394
9552.801021784659	0.0023348349154720107
9553.047679790103	0.002435918819207525
9553.294343874419	0.002415598929429446
9553.541014002207	0.0020341835798650784
9553.787690138402	0.0025160142302481417
9554.034372248267	0.002294997687734332
9554.281060297404	0.0025762999827806145
9554.527754251732	0.002555791860409827
9554.774454077493	0.0022748363386074274
9555.02115974124	0.003157906686623546
9555.26787120984	0.002876777762355053
9555.514588450475	0.002676170315447224
9555.761311430619	0.0024956100991432354
9556.008040118051	0.0030170450446611024
9556.254774480853	0.00309764570947025
9556.501514487389	0.0031974516604393725
9556.748260106311	0.0036392914598084598
9556.995011306564	0.003899862748323762
9557.241768057369	0.004000000608284287
9557.488530328228	0.0039602574688110005
9557.735298088908	0.004300760838719127
9557.982071309458	0.004200855858547636
9558.228849960191	0.0049435400118628976
9558.475634011678	0.004421748586729653
9558.722423434763	0.004642423192122395
9558.969218200535	0.005363930684339182
9559.216018280344	0.0055048468691867546
9559.462823645783	0.006207228109125648
9559.709634268707	0.005806216228465556
9559.95645012121	0.006769228428435124
9560.203271175624	0.006467789570203882
9560.450097404522	0.007109811183234247
9560.69692878072	0.007351419800188326
9560.94376527726	0.007470817440442716
9561.190606867412	0.0087347335228702
9561.437453524688	0.008774050551334804
9561.684305222812	0.009738588498488559
9561.931161935732	0.01003863579325574
9562.178023637625	0.010761831768351923
9562.424890302878	0.01234679867393582
9562.671761906093	0.012587019757528184
9562.918638422087	0.012526615892933727
9563.165519825885	0.014173130952171554
9563.412406092715	0.012586361095801324
9563.659297198024	0.01439262117304909
9563.906193117451	0.01483475371547745
9564.153093826832	0.01603635780172806
9564.399999302208	0.016800278286032127
9564.646909519817	0.017643392816486452
9564.893824456089	0.018505370403472256
9565.14074408764	0.020472395886517936
9565.387668391277	0.020488931997706128
9565.634597344002	0.022399173419958066
9565.881530922994	0.02472572905397617
9566.128469105615	0.0260476967862631
9566.375411869414	0.029661337471714764
9566.622359192117	0.03220917170890176
9566.869311051618	0.03453665458334235
9567.116267425998	0.039192708378604675
9567.3632282935	0.04301950988732243
9567.61019363255	0.04930494433919066
9567.857163421733	0.05442376222519908
9568.104137639808	0.056159848007230145
9568.351116265696	0.06305151038501518
9568.598099278483	0.06968693349304746
9568.845086657417	0.07353609838093816
9569.092078381906	0.07761200795831022
9569.339074431517	0.0789626785588878
9569.586074785968	0.08543655322686185
9569.833079425145	0.08680444203344959
9570.080088329076	0.08889486237638493
9570.327101477944	0.09614627720266268
9570.574118852086	0.09615409405742342
9570.82114043198	0.09983417145129994
9571.068166198263	0.10176767561556434
9571.315196131705	0.10925399933865529
9571.562230213225	0.11568584938315477
9571.809268423887	0.11461335180309234
9572.056310744894	0.11513473223741338
9572.303357157587	0.11352502412727114
9572.550407643448	0.10769076269616622
9572.797462184093	0.10604574349554104
9573.044520761276	0.09527906523587365
9573.291583356882	0.08809212830952637
9573.538649952934	0.08354112686709168
9573.785720531578	0.07337555039753674
9574.032795075094	0.0648523019790146
9574.279873565894	0.05999632749797239
9574.526955986514	0.05522388931960299
9574.774042319612	0.0504384325618739
9575.021132547978	0.04796078828530142
9575.268226654523	0.04348843535453802
9575.515324622276	0.04336211408783161
9575.762426434394	0.038987648735444844
9576.009532074148	0.0351756789783827
9576.256641524928	0.034516686498748436
9576.503754770247	0.03268809165930446
9576.75087179373	0.03094547429202734
9576.997992579118	0.028654638755128976
9577.245117110264	0.026912562526594193
9577.492245371133	0.026027644987668245
9577.739377345813	0.02414284448024395
9577.986513018486	0.022297920795500352
9578.233652373456	0.020874334763844312
9578.48079539513	0.017542387929570087
9578.727942068022	0.01866432314886226
9578.975092376759	0.015076000736373715
9579.222246306068	0.015214416112712707
9579.46940384078	0.014332395104219795
9579.716564965831	0.012787097657925562
9579.96372966626	0.012989369445287181
9580.210897927207	0.011083273511435832
9580.458069733912	0.010942486265487692
9580.705245071716	0.010721642880871267
9580.952423926057	0.009477457277628649
9581.199606282475	0.009156743910542007
9581.446792126599	0.009096061790131185
9581.693981444161	0.008634972466916196
9581.941174220985	0.0076710584787330165
9582.18837044299	0.007331020624646768
9582.435570096188	0.006448306942313253
9582.682773166687	0.006467883770596122
9582.929979640672	0.006246763385507706
9583.177189504442	0.0059461718067308125
9583.424402744373	0.005624947778550818
9583.671619346922	0.005384696298561533
9583.918839298647	0.0045617432708005105
9584.166062586195	0.004863627984291846
9584.413289196287	0.004542354875802947
9584.660519115743	0.004421485896371074
9584.907752331459	0.003960123844105071
9585.15498883042	0.0037796875802613822
9585.402228599693	0.0033582120416096838
9585.649471626431	0.0030168865673865374
9585.89671789786	0.003077395187828789
9586.143967401296	0.0033381845682575848
9586.39122012414	0.0030167726617438776
9586.638476053859	0.002957041570734657
9586.885735178006	0.0030371223157778277
9587.132997484221	0.0027565084044632016
9587.380262960209	0.0030369933768783957
9587.627531593758	0.0025557621449051955
9587.87480337273	0.002194641899176963
9588.122078285067	0.002696078952781457
9588.369356318779	0.0026558900953640653
9588.616637461966	0.002635917050331685
9588.86392170278	0.001853816673595241
9589.111209029463	0.002154859203761645
9589.358499430324	0.0019941780076022536
9589.605792893743	0.002114635705339537
9589.853089408172	0.001352151747766381
9590.100388962135	0.0012318476448671724
9590.347691544224	0.0017131035815302542
9590.594997143107	0.0013519041231653997
9590.842305747508	0.001392196982411441
9591.089617346233	0.0015527889475547905
9591.33693192815	0.0019138051995795794
9591.584249482192	0.0014725399660517184
9591.83156999736	0.0014524282042465944
9592.078893462725	0.0012919798244996274
9592.326219867418	0.0016932890348979753
9592.573549200642	0.0012719919095271212
9592.820881451655	0.0011916240643804808
9593.068216609789	0.0010713100950432118
9593.31555466443	0.001492478394455002
9593.562895605035	0.00111143457563824
9593.810239421116	0.0013121907089469924
9594.057586102253	0.0008306920455573125
9594.304935638087	0.0007704310204652984
9594.552288018313	0.0011316256126440753
9594.799643232693	0.0008706282854344261
9595.04700127105	0.0009109013801160419
9595.294362123259	0.0010511636369819693
9595.541725779261	0.0009909422563967364
9595.789092229052	0.0011313432787866447
9596.036461462683	0.0009107329242755689
9596.28383347027	0.0008705935908033484
9596.531208241984	0.0007902951159058804
9596.778585768045	0.001091402039470069
9597.025966038736	0.0007703765056121318
9597.273349044395	0.0008105059551770982
9597.520734775419	0.0007904486647552872
9597.768123222248	0.0006299111393881977
9598.015514375387	0.0009308843419627621
9598.262908225388	0.0006098637372612523
9598.510304762869	0.0005094980838908639
9598.757703978481	0.0006900037727476165
9599.005105862945	0.0005296296504801845
9599.252510407025	0.000730192592789059
9599.49991760154	0.0007301827076630239
9599.747327437362	0.00044939060902954205
9599.994739905413	0.0005697244192269239
9600.24215499666	0.0005697046164740287
9600.489572702127	0.00030895000063433823
9600.736993012888	0.0005095773485288069
9600.984415920058	0.00040924138059978695
9601.231841414812	0.000750299402280918
9601.47926948837	0.000228681218003412
9601.726700131992	0.0004694776215374018
9601.974133337006	0.0007301430850943004
9602.221569094763	0.0003089945971293761
9602.469007396676	0.0005296891087901414
9602.716448234201	0.0003489803588391078
9602.963891598843	0.00046947762137489776
9603.211337482153	0.00034910419397142826
9603.45878587572	0.00034907447635424283
9603.706236771191	0.00046935873823083395
9603.953690160248	0.00036910205037764916
9604.201146034626	0.0005496522613838014
9604.448604386092	0.0006500030918590089
9604.696065206472	0.0002888629866639412
9604.943528487624	0.0005496919106844541
9605.190994221457	0.0005898015267019934
9605.438462399921	0.0005095773225281464
9605.685933015004	0.0005496374043627541
9605.933406058744	0.0005095525676244904
9606.180881523222	0.0005296593794726588
9606.428359400546	0.0004893813762726403
9606.675839682883	0.00030895494400987646
9606.923322362436	0.0004292739041738885
9607.170807431441	0.00030896485359278245
9607.418294882185	0.0002486543273061749
9607.66578470699	0.00038907021622362184
9607.913276898222	0.0004493658343816345
9608.160771448283	0.0003691862512409488
9608.408268349614	0.0004092066917376058
9608.655767594697	0.0003891098267670403
9608.903269176057	0.00046944789173240694
9609.150773086249	0.0004492915928275037
9609.39827931787	0.00034896551871848946
9609.645787863556	0.0004895448210546065
9609.893298715986	0.0003891791208830298
9610.140811867863	0.00038912960636309753
9610.388327311945	0.0003690574689954953
9610.635845041008	0.0002888481220052
9610.883365047877	0.00044933611968952326
9611.130887325415	0.00018854189225013768
9611.37841186651	0.0003289775571885512
9611.625938664098	0.00020862889988287377
9611.873467711142	0.0003891791208830299
9612.120999000648	0.00030892027172311603
9612.368532525652	0.00038914940602841443
9612.616068279222	0.00032899240730317313
9612.863606254467	0.00014847190554524375
9613.11114644453	0.00042922931019766453
9613.358688842587	0.00020859917072789524
9613.606233441842	0.0004493856538724548
9613.853780235546	0.0002688304777152115
9614.10132921697	0.0001284195775932058
9614.348880379426	0.0003288785186421955
9614.59643371626	0.00012834032676811363
9614.843989220843	0.00016847965447143752
9615.091546886584	0.000489445738225876
9615.339106706928	0.00030893018642490217
9615.586668675345	0.00030895496871050375
9615.834232785342	0.0002487137414150092
9616.081799030457	0.0002487385207755366
9616.329367404252	0.00010825826657351893
9616.576937900336	0.00042928875428851034
9616.824510512331	0.0003489704635565648
9617.072085233904	0.000228691137742826
9617.319662058746	0.0005698532598113589
9617.56724098058	0.0003088756924535157
9617.814821993157	6.813380596649827e-05
9618.062405090262	0.00030890045986998977
9618.309990265709	0.00020870321334508053
9618.55757751334	0.00042932837108833766
9618.805166827024	0.0005096417429828682
9619.052758200665	4.813594208508743e-05
9619.300351628191	0.0003490546526383152
9619.547947103569	0.0002887936448529908
9619.795544620776	0.00030891531234092146
9620.043144173833	0.0001685391080687748
9620.290745756789	0.0001885319799046615
9620.538349363715	0.0004292194055711345
9620.785954988705	0.0005296395603880989
9621.033562625895	0.0002688800167732667
9621.281172269437	0.0002086239591886537
9621.528783913518	6.817836264802497e-05
9621.776397552345	0.00042922435788439944
9622.024013180158	0.00016847966917806092
9622.271630791221	0.00014849173267375806
9622.519250379826	8.824060058922935e-05
9622.766871940294	0.0004895448136606686
9623.014495466961	0.00036905250156934636
9623.262120954203	0.00022873573618791335
9623.509748396415	0.00028882336929534957
9623.757377788019	0.0001283551739576614
9624.00500912346	0.0001684647900564524
9624.25264239722	0.00026878588406399574
9624.500277603789	0.0003089252362241908
9624.747914737694	0.00032901719649520007
9624.995553793482	0.0002888877629368902
9625.243194765731	0.00016845983741817902
9625.490837649035	0.0002888531298136246
9625.738482438019	0.00016852423382228998
9625.98612912733	0.00010829293837276685
9626.233777711639	0.0001083077910062028
9626.481428185645	0.0004694181847592417
9626.729080544063	0.00018856665211016977
9626.976734781638	0.0003691961808931144
9627.224390893134	0.0002487583204408535
9627.472048873347	0.0002759978077873882
9627.719708717092	0.00025370266165973846
9627.967370419197	0.0002455723014999503
9628.21503397453	0.0002760113833821436
9628.462699377971	0.00029426693204832535
9628.710366624427	0.0002962948860486642
9628.958035708829	0.00028411661959140347
9629.205706626119	0.0002820971247433867
9629.453379371276	0.00021717778804002268
9629.701053939296	0.00023543870559879882
9629.948730325197	0.0002273257693752454
9630.196408524014	0.00021514426152941874
9630.444088530812	0.00017660354014180466
9630.691770340673	0.00024153082727832167
9630.939453948704	0.00024761347707980393
9631.187139350024	0.0002110962019905546
9631.434826539786	0.00019891727657905947
9631.682515513156	0.00030643552309112703
9631.930206265322	0.00019485635118221396
9632.177898791497	0.00025165829490509414
9632.42559308691	0.0002638409683117704
9632.673289146811	0.0002658660873463646
9632.920986966477	0.00028412036774908873
9633.168686541198	0.000247610285417501
9633.416387866284	0.00022529280082256084
9633.664090937069	0.00035715719672295806
9633.911795748907	0.00022529507994293967
9634.159502297169	0.00020703380836892325
9634.40721057725	0.00025369298535150647
9634.654920584562	0.00024355148711842353
9634.902632314535	0.00021514142445112046
9635.150345762624	0.0002577526959487518
9635.398060924292	0.00022123440764627164
9635.645777795035	0.0002638332184899619
9635.893496370358	0.00024151365668602064
9636.141216645792	0.00034296581614222035
9636.388938616883	0.00027195344651744245
9636.636662279196	0.00022935311804771165
9636.884387628314	0.000328756099408332
9637.132114659842	0.00027398226349594683
9637.379843369397	0.000387582654259158
9637.627573752621	0.00026384096831177044
9637.875305805172	0.0003510711027277597
9638.123039522727	0.0002820946416803287
9638.370774900974	0.0002557241325579375
9638.618511935629	0.000355131672971836
9638.866250622421	0.0002841289276539694
9639.113990957097	0.0001806604116294502
9639.361732935422	0.00028615176764943686
9639.609476553178	0.0002820925136887879
9639.857221806164	0.0002638379791296095
9640.104968690195	0.00023948600413083705
9640.352717201107	0.0002476078046295008
9640.60046733475	0.0002739717274596318
9640.848219086996	0.0003206408334443643
9641.095972453724	0.0002658623392699314
9641.343727430845	0.00027803473022798266
9641.591484014267	0.00029629539387406056
9641.839242199929	0.00032470297429082636
9642.087001983784	0.00035513136990163933
9642.334763361798	0.00028007428474791915
9642.582526329961	0.0003896209427094424
9642.830290884265	0.00034701402713493073
9643.078057020733	0.0003632376168865682
9643.325824735399	0.0003023810816089419
9643.573594024305	0.00030237849860584586
9643.82136488352	0.0003490397028274114
9644.069137309127	0.00038556984483091887
9644.316911297215	0.00039773777683823393
9644.564686843902	0.0004180205717992824
9644.812463945314	0.00040787294309801514
9645.060242597594	0.0004139586836467376
9645.308022796899	0.00039772612691738187
9645.555804539403	0.00041395640371383823
9645.803587821294	0.00043018890925439413
9646.051372638776	0.0003896205876379253
9646.299158988068	0.00038353418976000983
9646.546946865405	0.00038556943775808124
9646.794736267033	0.00043831329251239773
9647.042527189216	0.0004362811824690152
9647.290319628235	0.0003815112490119837
9647.538113580378	0.0003409338084764378
9647.785909041952	0.0004585966424250391
9648.033706009284	0.0005235136480067038
9648.281504478704	0.0004991868996610677
9648.529304446565	0.0005255459091789241
9648.777105909232	0.000487001033698316
9649.024908863084	0.0006269867223532324
9649.27271330451	0.0006269921938671829
9649.520519229924	0.0005620562435544124
9649.768326635738	0.0006918946106408613
9650.016135518392	0.0006858257900218242
9650.26394587433	0.0007689992534802604
9650.511757700018	0.0007061090383693866
9650.75957099193	0.0007324779768893918
9651.007385746552	0.0006918990161277398
9651.25520196039	0.0007162513474980621
9651.50301962996	0.0006229217953735158
9651.750838751792	0.0006574139016206563
9651.998659322426	0.0006695779855302482
9652.246481338418	0.0007507404141055103
9652.494304796337	0.0007284226238403073
9652.742129692766	0.0008947739083053407
9652.9899560243	0.000860287779772506
9653.237783787541	0.0010550467990332255
9653.485612979117	0.0010996614571573014
9653.73344359566	0.0012721228464147925
9653.981275633812	0.0015439590534426836
9654.229109090234	0.001657581476596662
9654.476943961601	0.0017711752315851062
9654.724780244589	0.001955826183774235
9654.9726179359	0.0020491311157110463
9655.220457032241	0.0019760749885595957
9655.468297530333	0.0020065463372612117
9655.716139426911	0.0020065144238882644
9655.963982718715	0.001834083681284052
9656.211827402507	0.0017326720969145157
9656.459673475054	0.001584556349544966
9656.70752093314	0.0013431350120968915
9656.955369773557	0.0012295046863672252
9657.20321999311	0.0011118450423746333
9657.451071588619	0.0009312993888779701
9657.698924556908	0.0008886901949956005
9657.946778894822	0.0008176792952206497
9658.194634599211	0.0007223294885412936
9658.442491666938	0.0006046621954794521
9658.690350094877	0.0005437972514257831
9658.938209879921	0.0005478506796134853
9659.186071018961	0.0004930919410657509
9659.433933508912	0.0004667161627470472
9659.68179734669	0.00038961471230121995
9659.929662529232	0.00043223033972197074
9660.177529053477	0.00036526952542483335
9660.425396916382	0.0003733903108414688
9660.67326611491	0.00038352476695821563
9660.921136646037	0.0002597814616572041
9661.169008506753	0.0003003491251319592
9661.416881694055	0.0002516711601943109
9661.66475620495	0.0002597838415301416
9661.91263203646	0.000322665647052452
9662.160509185615	0.00031861444923389064
9662.408387649455	0.00030036168751348377
9662.656267425033	0.00023137388075292596
9662.904148509411	0.00028006324177998047
9663.15203089966	0.0002841202669965301
9663.399914592866	0.00029021512483928835
9663.647799586124	0.00031861196779587393
9663.895685876534	0.000259777509881848
9664.143573461213	0.00021109291030696156
9664.391462337282	0.00023340527951574524
9664.63935250188	0.0002029788591425939
9664.88724395215	0.0002313702325352787
9665.135136685247	0.0002293523575283981
9665.383030698338	0.0002760163478832181
9665.630925988593	0.0002131157991349192
9665.878822553203	0.00019688770143755144
9666.126720389362	0.0002151462370108366
9666.374619494272	0.00016442821037787177
9666.622519865146	0.00022123288774517338
9666.870421499214	0.00020296842637765151
9667.118324393708	0.00021311742051984456
9667.366228545872	0.00019486389941765307
9667.614133952955	0.0001177753647998259
9667.862040612226	0.00017051430534809493
9668.109948520956	0.00017660262938742584
9668.357857676423	9.342262928174007e-05
9668.605768075922	0.00010762343120173471
9668.853679716753	9.951247232839648e-05
9669.101592596226	0.00012993752279175864
9669.34950671166	0.00015834393984148046
9669.597422060386	0.00010762586258848035
9669.845338639738	0.0001441427833374812
9670.093256447068	9.748193361866843e-05
9670.341175479729	0.00011776796858699753
9670.589095735084	0.00015631598502862109
9670.837017210511	0.00017660049977084378
9671.08493990339	6.704827116785282e-05
9671.332863811116	9.342855564474141e-05
9671.58078893109	0.00015022457121707477
9671.828715260723	0.0001258868803310506
9672.07664279743	8.733435716247771e-05
9672.32457153864	0.0001705178007306109
9672.57250148179	0.00012588688130607545
9672.820432624327	0.00018673668111265286
9673.068364963701	0.00015631466752641287
9673.316298497379	0.00012790389471607544
9673.564233222824	0.00013805724583766505
9673.812169137522	0.00016645231603673117
9674.06010623896	0.00011980033075553269
9674.308044524632	0.00015834166153362242
9674.555983992044	6.907799890073595e-05
9674.803924638709	0.00011979587261731733
9675.051866462149	0.00011574092558479373
9675.299809459893	0.00013399439549818522
9675.54775362948	0.00017254063999480994
9675.795698968455	0.0001279128101799856
9676.043645474372	0.00011574016530923631
9676.291593144795	6.0957516716801094e-05
9676.539541977298	0.00011979582215978589
9676.787491969451	0.00017457685042357254
9677.03544311885	0.00014008297206892918
9677.283395423083	8.327312828917536e-05
9677.531348879755	6.096232822024025e-05
9677.779303486475	0.00011574092501602924
9678.027259240866	0.00012182909630148086
9678.27521614055	3.864626098629433e-05
9678.523174183163	4.270870587797775e-05
9678.771133366348	5.690803949193441e-05
9679.019093687753	7.718885669650731e-05
9679.267055145036	8.125175781852672e-05
9679.51501773586	4.473483715077803e-05
9679.762981457901	3.053231317455136e-05
9680.01094630884	2.4450169898432242e-05
9680.258912286357	2.8507549048970124e-05
9680.50687938816	1.0242326268361928e-05
9680.754847611943	-1.928848671308258e-06
9681.002816955419	5.6902112153908365e-05
9681.250787416302	5.488119840110824e-05
9681.498758992324	1.4302339854551771e-05
9681.746731681213	5.487299210520756e-05
9681.994705480709	5.691092662150371e-05
9682.24268038856	1.836078291960791e-05
9682.49065640252	-2.8301181171254633e-05
9682.738633520356	-1.9285960586431305e-06
9682.986611739827	1.4304821780080786e-05
9683.234591058716	3.256036955249012e-05
9683.482571474804	2.6469209816146035e-05
9683.730552985882	5.4880337372992224e-05
9683.978535589746	4.2705210332957565e-05
9684.226519284204	6.908154474078336e-05
9684.474504067062	4.879039316751686e-05
9684.722489936143	7.516480238895197e-05
9684.97047688927	1.63340436376171e-05
9685.218464924277	1.4300617717067676e-05
9685.466454038999	-3.0332074302483322e-05
9685.714444231287	-3.950877364922579e-06
9685.962435498992	-2.2211642332323627e-05
9686.210427839973	3.459232619197678e-05
9686.458421252097	-1.2071461357692943e-05
9686.706415733237	8.215992271663404e-06
9686.954411281275	4.67594999550361e-05
9687.20240789409	8.218829106205478e-06
9687.450405569585	2.2419276929707766e-05
9687.698404305651	-1.9304696499733314e-06
9687.946404100201	4.270293153758715e-05
9688.194404951144	5.0820881175957333e-05
9688.442406856402	6.188695194257292e-06
9688.6904098139	-6.887750676598626e-05
9688.938413821572	2.648136707488227e-05
9689.186418877352	2.1351665790047276e-06
9689.43442497919	4.0674672354498144e-05
9689.682432125035	-1.4106507931899234e-05
9689.930440312846	1.0123388933578792e-07
9690.17844954059	-1.2070904049789915e-05
9690.426459806233	1.430649362253758e-05
9690.674471107755	-3.6411887513179804e-05
9690.922483443137	2.1324813608129717e-06
9691.170496810373	1.0244504717434097e-05
9691.418511207454	-1.0046443969430018e-05
9691.666526632382	-3.953258375388856e-06
9691.914543083167	8.213966332714254e-06
9692.162560557823	-4.453358555299159e-05
9692.410579054369	-1.926214885672713e-06
9692.658598570832	-1.4104785713163068e-05
9692.906619105248	-1.613091747347569e-05
9693.154640655648	-8.011245291361062e-06
9693.402663220078	-3.957614298508496e-06
9693.650686796595	4.473377339876369e-05
9693.898711383246	2.1305057981431924e-06
9694.146736978098	-4.453556103440937e-05
9694.394763579223	-5.982175862695623e-06
9694.642791184688	1.4297933067640412e-05
9694.890819792576	6.192697345892928e-06
9695.138849400973	-8.014132745938573e-06
9695.386880007967	-3.954828490262354e-06
9695.634911611658	-5.8732209673930554e-05
9695.882944210147	-3.951029225029108e-06
9696.130977801546	-6.0760620798378084e-05
9696.379012383966	1.0242630476087261e-05
9696.627047955531	-3.4389149570303936e-05
9696.87508451436	2.242018833410308e-05
