Energy_(eV)	counts
9548.764728689446	0.0016955169635718753
9549.01212478043	0.0014697652930066904
9549.259525976018	0.0018645574530537102
9549.506932244332	0.0015544073271251408
9549.754343553815	0.001300648132975963
9550.001759873237	0.0017236706501673543
9550.249181171679	0.002005534782502189
9550.496607418538	0.001582400987844406
9550.74403858352	0.0018647176148179712
9550.991474636634	0.001892599795951647
9551.238915548185	0.0019487749637749046
9551.486361288777	0.0021746031758524327
9551.733811829303	0.002456794546019409
9551.98126714095	0.002175020937962864
9552.228727195177	0.0018924257918771525
9552.476191963731	0.002005813324452662
9552.723661418631	0.0024001112231278134
9552.971135532176	0.0026544624335416013
9553.218614276911	0.0024566622378792372
9553.466097625675	0.002400215695914558
9553.713585551543	0.0023158241799769532
9553.961078027867	0.0031060842290827474
9554.20857502824	0.002597994710170182
9554.45607652651	0.002202701199734471
9554.703582496773	0.0025976395684696317
9554.95109291337	0.003020794493147919
9555.198607750883	0.0029925086925380513
9555.446126984125	0.0027102683090366557
9555.693650588153	0.002709774266912731
9555.94117853825	0.002428334530080518
9556.188710809933	0.0034153080792708075
9556.436247378939	0.0035280899428295908
9556.68378822123	0.003810044602868464
9556.931333312987	0.003781626411900446
9557.178882630611	0.0035560905212782224
9557.426436150714	0.003838490755942628
9557.673993850123	0.003640885853101637
9557.921555705876	0.004063560466058429
9558.169121695206	0.0036690672711361524
9558.416691795563	0.005135530927285038
9558.664265984593	0.00541714457569652
9558.911844240138	0.005529633946512541
9559.159426540242	0.005868014324529175
9559.40701286314	0.006206659204634517
9559.654603187255	0.006009290938838981
9559.902197491207	0.0064613097410186225
9560.149795753794	0.006714567550521618
9560.39739795401	0.00803880072335303
9560.64500407102	0.007616933868920571
9560.892614084174	0.007870191689842732
9561.140227973001	0.0077281427632346225
9561.387845717205	0.009872668636915872
9561.635467296659	0.009674701504499422
9561.883092691418	0.010125230391295733
9562.130721881698	0.011057101042411137
9562.378354847886	0.012580965713606123
9562.625991570534	0.011592780086420574
9562.873632030356	0.012437857179960266
9563.121276208229	0.012917180093233597
9563.368924085196	0.013566497504310222
9563.616575642447	0.014720695047510703
9563.864230861333	0.014074064634166902
9564.111889723363	0.018045226105502823
9564.359552210197	0.016695491393663074
9564.607218303638	0.01773743546313118
9564.85488798565	0.018612866680711306
9565.102561238338	0.019656942251275046
9565.350238043957	0.022196330187413883
9565.597918384898	0.02309902446419421
9565.845602243697	0.02427995286505164
9566.09328960304	0.025379576032465937
9566.34098044574	0.02972153944544622
9566.588674754761	0.03237401531070457
9566.836372513186	0.03521778910569058
9567.084073704247	0.03992843643383276
9567.331778311305	0.04215832240605171
9567.579486317853	0.046182414989841186
9567.827197707507	0.05411719015078858
9568.074912464024	0.05829169485113272
9568.322630571281	0.06406800309807634
9568.570352013281	0.06756416425494553
9568.818076774154	0.07315140677886177
9569.065804838154	0.08016856109178347
9569.313536189655	0.08206753878149325
9569.561270813148	0.08401404234535909
9569.809008693253	0.08460589657203668
9570.056749814703	0.09137925242518267
9570.304494162343	0.09213520014837417
9570.552241721138	0.09936535189664068
9570.799992476168	0.10148554813440715
9571.047746412629	0.10819640016733427
9571.29550351582	0.11069231144192561
9571.54326377116	0.1107411993939274
9571.791027164172	0.11210187256834891
9572.03879368049	0.11507650476074183
9572.286563305852	0.11256021084990997
9572.534336026107	0.10656111883014177
9572.782111827206	0.10161082960639034
9573.029890695203	0.09626862783306836
9573.277672616261	0.08788937911661146
9573.52545757664	0.08059629795589507
9573.773245562696	0.07515348672728983
9574.021036560895	0.06836899616181477
9574.268830557796	0.061702996091672464
9574.516627540055	0.054315101500590365
9574.764427494429	0.05092110771550759
9575.012230407765	0.046500946429071016
9575.260036267013	0.04404767632149612
9575.50784505921	0.042414929753165215
9575.755656771487	0.03882408735416925
9576.00347139107	0.03640391380840738
9576.251288905272	0.034662255972851504
9576.4991093015	0.03194922493340164
9576.746932567248	0.03273655331777324
9576.994758690102	0.027837818169525182
9577.242587657729	0.02693370398825415
9577.490419457887	0.024616718504806567
9577.738254078422	0.02250639608673294
9577.986091507259	0.02188449492293751
9578.233931732413	0.018501163644926603
9578.48177474198	0.017878496312342937
9578.729620524136	0.017316696422401228
9578.977469067144	0.016864803447986364
9579.225320359343	0.014271586110881754
9579.473174389157	0.013226425411449406
9579.721031145085	0.013790691726557973
9579.96889061571	0.011987509640902626
9580.216752789682	0.01221239126254743
9580.46461765574	0.011169005854818358
9580.7124852027	0.010295169174999355
9580.960355419438	0.010464286258521685
9581.208228294925	0.009364614308440072
9581.456103818193	0.0085191887819585
9581.703981978353	0.009675481421960749
9581.951862764588	0.0072780869152944535
9582.19974616615	0.007786538402283625
9582.44763217237	0.007333921030381329
9582.695520772646	0.00581082316744774
9582.94341195644	0.005671732249584473
9583.191305713293	0.005078506478574412
9583.439202032809	0.005980747471651795
9583.687100904666	0.006122100879837462
9583.935002318607	0.005840508425393802
9584.182906264436	0.005134876540690231
9584.430812732031	0.004486701122491677
9584.678721711338	0.005022380181346027
9584.926633192355	0.004289061285003188
9585.174547165163	0.003866171045120229
9585.422463619894	0.00389469379451872
9585.670382546748	0.0035277491401728943
9585.918303935985	0.003048934147875047
9586.166227777936	0.003443970103641243
9586.41415406298	0.0030204742038768867
9586.662082781566	0.002907789693256285
9586.910013924207	0.003104823950797523
9587.157947481466	0.003048767022704763
9587.40588344398	0.002992424911275925
9587.653821802429	0.0023998954591716803
9587.90176254756	0.002428801023472025
9588.149705670183	0.00231552482431681
9588.397651161153	0.002174561415970793
9588.64559901139	0.002033834701766052
9588.893549211876	0.002089975018301707
9589.141501753636	0.0016385900379449697
9589.38945662776	0.0019490604086098325
9589.63741382539	0.002033611926443408
9589.885373337725	0.0021743943718765726
9590.133335156017	0.001357039065897271
9590.381299271565	0.0021183167225693684
9590.629265675734	0.0017799780827379619
9590.877234359936	0.001357039065897271
9591.125205315628	0.0016106242548300375
9591.37317853433	0.0009622608166754664
9591.62115400761	0.001300648132975963
9591.869131727084	0.0014135135608327623
9592.11711168442	0.001638993723652312
9592.365093871342	0.0012442502868929533
9592.613078279612	0.001187664426563509
9592.861064901053	0.001328801907499002
9593.109053727532	0.0014132629547243573
9593.357044750961	0.0007932620551016123
9593.605037963305	0.0009903936381750384
9593.853033356578	0.0012442085155921505
9594.101030922839	0.0009905885347514323
9594.34903065419	0.0013570390647553545
9594.597032542786	0.0007931993833054955
9594.845036580824	0.0009623025422996142
9595.09304276055	0.0013853529119731778
9595.341051074252	0.0011033773617162375
9595.589061514267	0.0011033912896701984
9595.837074072975	0.0007085503332528698
9596.085088742797	0.0007086060498647624
9596.333105516203	0.0007932690527651257
9596.581124385702	0.0009623930688617367
9596.829145343854	0.00039849071447384455
9597.07716838325	0.0007931715525197339
9597.325193496536	0.0006239569516232656
9597.573220676391	0.0009622051014338738
9597.821249915538	0.0006521802928334616
9598.069281206748	0.0007646976680065332
9598.317314542825	0.0006803548673631741
9598.56534991662	0.0008777161446305273
9598.813387321015	0.0006521245771351022
9599.061426748945	0.000539356633765249
9599.309468193374	0.000370135117765821
9599.55751164732	0.0009624348504397865
9599.805557103819	0.0005676565465201882
9600.053604555962	0.0005956918847889221
9600.301653996876	0.00048281259703637726
9600.54970541973	0.0005956570837456399
9600.797758817716	0.0005957684811132505
9601.045814184077	0.00039839322450570003
9601.293871512093	0.0008776047826623239
9601.541930795078	0.0005676078113565967
9601.789992026383	0.00020102496350621324
9602.038055199393	0.0007929696651313244
9602.286120307537	0.0006521872562394838
9602.534187344274	0.0005674407379151245
9602.7822563031	0.0007366831341979468
9603.030327177548	0.00028555567996281533
9603.278399961184	0.0007648855600679159
9603.526474647611	0.0005674894577770368
9603.774551230468	0.0005393148729700768
9604.022629703422	0.000652152417627153
9604.270710060182	0.000652222084688759
9604.518792294486	0.00042658869062377897
9604.76687640011	0.000680347883516849
9605.014962370858	0.00048293090117095856
9605.263050200569	0.00037016995637815186
9605.51113988312	0.00037019775873019587
9605.759231412416	0.00037007943666752765
9606.007324782391	0.00042667225355149584
9606.255419987023	0.0003700237734973213
9606.503517020303	0.000313702424391916
9606.75161587628	0.0007367388151820485
9606.999716549006	0.0005393148729700768
9607.247819032586	0.00022921348254767405
9607.495923321143	0.000257415895171413
9607.74402940884	0.0002574368024040337
9607.992137289863	0.00039835842346241777
9608.240246958434	0.00034199535684047085
9608.488358408804	0.0005956153239781924
9608.736471635253	0.00031379292400481203
9608.984586632085	0.0003982401290341257
9609.232703393645	0.0003420580012305947
9609.4808219143	0.00025740199222542057
9609.728942188447	0.00048297964958078
9609.977064210512	0.00048288914014740314
9610.22518797495	0.00025741589528560465
9610.473313476248	0.0005393357529108964
9610.721440708912	0.00045478415628509144
9610.969569667486	0.00025741593342561137
9611.217700346539	0.00037007250763318813
9611.46583274066	0.00020099016246293098
9611.713966844478	0.00020103194118619008
9611.962102652638	0.0003983932246198917
9612.210240159822	0.00028564617923313644
9612.45837936073	0.00042648428920680686
9612.706520250098	0.0003137720402956685
9612.954662822682	0.00017282949750232587
9613.202807073256	0.00034185612982901443
9613.450952996644	0.0001729200242928314
9613.699100587672	0.0005675660198438743
9613.947249841203	0.00025741589528560465
9614.195400752125	3.7611735805970366e-06
9614.443553315356	0.00031370940880919945
9614.691707525826	3.656702164151508e-06
9614.939863378502	0.0002573810941281308
9615.188020868369	0.00031384166841792613
9615.43617999044	0.00048298661298680224
9615.684340739754	0.0001445644303254071
9615.93250311137	8.824310006162193e-05
9616.180667100374	0.0003420510582648754
9616.428832701877	0.00037018385190168776
9616.676999911011	0.00022912994679756684
9616.925168722935	0.0002856461791189449
9617.17333913283	0.0002856531426391587
9617.421511135899	0.0003701560084406544
9617.669684727369	6.003371364042173e-05
9617.917859902489	0.0002574158951714131
9618.166036656536	0.0002854791397065805
9618.414214984803	0.00017276685608118446
9618.662394882613	0.00020100410343473852
9618.910576345306	0.00020102496350621324
9619.158759368247	0.00017287127919456756
9619.406943946817	0.0002574507337837438
9619.655130076428	0.00028554175886035254
9619.903317752507	0.00028555568030539025
9620.151506970511	-5.271332500902685e-05
9620.399697725907	0.0002856253048877071
9620.647890014192	0.00028559048066352277
9620.896083830883	0.00020102496350621324
9621.144279171518	0.00025739501488801866
9621.39247603165	0.0003983236406897974
9621.640674406863	0.00039836538424203237
9621.888874292757	0.00014463403161263011
9622.137075684946	0.0006236716450744106
9622.385278579082	0.00034193269189585217
9622.633482970816	-8.090880483010228e-05
9622.881688855832	0.0005393427311618315
9623.129896229837	0.000257415915611716
9623.378105088548	3.187305884287223e-05
9623.626315427706	0.0002574437630694567
9623.874527243073	0.0005957893644798194
9624.122740530429	0.0003984002153177152
9624.370955285576	0.000257415895171413
9624.61917150433	0.00014456442941187403
9624.867389182535	0.00037016991823814497
9625.115608316042	0.00025735325363607995
9625.363828900734	0.0005111472476866236
9625.612050932505	0.00014459229102937776
9625.860274407263	0.00037014910007500114
9626.108499320952	0.00042660263776193494
9626.356725669513	0.0002573045606092025
9626.604953448918	0.0001728225547649898
9626.853182655159	0.00022919954888413118
9627.101413284243	0.00017282951131951396
9627.34964533219	0.00020098320236846618
9627.597878795039	0.0003420440743043586
9627.846113668857	0.0002574855310587019
9628.094349949717	0.0003071372349827213
9628.342587633713	0.0002672377141624081
9628.590826716963	0.00029574144037609743
9628.839067195593	0.0002415679149189149
9629.087309065751	0.00019594899656549838
9629.335552323599	0.0002957412268377364
9629.583796965322	0.00023870551198020815
9629.832042987116	0.00022732423935244083
9630.080290385196	0.00018454038771594888
9630.328539155793	0.0002529689792412015
9630.576789295157	0.00028434023445618104
9630.825040799551	0.0001987970193513618
9631.07329366526	0.00029574030074356055
9631.321547888578	0.00022730466233819905
9631.569803465822	0.00025582063217920414
9631.818060393316	0.00028432535528588425
9632.066318667414	0.00030713723589625443
9632.314578284471	0.00029004624781589885
9632.562839240869	0.00019880499381013774
9632.811101532996	0.000264373601774896
9633.059365157269	0.000290028236369
9633.307630110108	0.0002472743553553549
9633.555896387952	0.0002444158680478798
9633.80416398726	0.00030714627644815306
9634.052432904498	0.0003099883909587198
9634.300703136156	0.00029573090391375457
9634.548974678732	0.0003328057527676645
9634.797247528742	0.00023017226213830415
9635.045521682718	0.00029573268416137484
9635.293797137207	0.00021876251354202632
9635.54207388877	0.0002757788660655902
9635.790351933978	0.00025866844371053916
9636.03863126942	0.00019595276945718378
9636.286911891702	0.00022446034050328976
9636.535193797445	0.0002558275373474916
9636.783476983277	0.00027008395670065127
9637.031761445847	0.00028148074911379885
9637.280047181817	0.00039837421730772683
9637.528334187858	0.00026722497151763895
9637.776622460668	0.0002501225939634122
9638.024911996936	0.0002529769521012945
9638.273202793389	0.00025866773115472446
9638.521494846753	0.00032995886733050526
9638.769788153775	0.0002558290337147024
9639.018082711213	0.0003128480898394633
9639.266378515833	0.0002928814571581781
9639.514675564422	0.000258678837433336
9639.762973853778	0.00027008402864138253
9640.011273380715	0.0002985710269221725
9640.25957414205	0.0003185457740611805
9640.507876134629	0.00034133793377584646
9640.756179355294	0.000307146062909792
9641.004483800913	0.00027008801507142906
9641.25278946836	0.00037271865661944704
9641.501096354528	0.0002786303762640466
9641.749404456312	0.00035276533754111594
9641.997713770634	0.00029288202583253024
9642.24602429441	0.0003042934838776135
9642.494336024589	0.0003214019843874145
9642.742648958121	0.0003071466327260605
9642.990963091968	0.0003841180834336595
9643.239278423107	0.00032425648526484305
9643.487594948525	0.0003442032565947104
9643.735912665228	0.0004439977627062733
9643.984231570223	0.00043260360469419054
9644.23255166054	0.0003527597844018102
9644.480872933213	0.0003270988852545022
9644.729195385287	0.0004040732535584256
9644.977519013832	0.0004097927940594587
9645.225843815912	0.00045825795609303477
9645.474169788617	0.00044970470330208323
9645.722496929036	0.00039837564127743975
9645.970825234284	0.00040123035683514583
9646.219154701477	0.0004753713679851416
9646.46748532774	0.00045255123017750226
9646.715817110222	0.00040979314919544965
9646.96415004607	0.0004069324545636319
9647.212484132453	0.00038128849917141717
9647.46081936654	0.0004211890166563378
9647.709155745526	0.00042974269652401164
9647.957493266604	0.00043545312339049816
9648.205831926982	0.0005209846624004376
9648.454171723875	0.0004211986270245051
9648.702512654523	0.0005808546605060693
9648.95085471616	0.0005837046062790993
9649.19919790604	0.0006464183564033716
9649.447542221427	0.0006977526141474972
9649.695887659593	0.000606521826490414
9649.944234217819	0.0006578364329957337
9650.192581893407	0.0006806508052676226
9650.440930683653	0.0006606930726825228
9650.689280585879	0.0007433848449619516
9650.937631597406	0.0006863402311501544
9651.185983715573	0.0005780028648285204
9651.434336937724	0.0007433914657930629
9651.682691261216	0.0007262620362400385
9651.931046683416	0.0006863472082591732
9652.1794032017	0.0007832814490994734
9652.42776081346	0.0007804503666429541
9652.676119516083	0.0009230267330030516
9652.924479306981	0.000968605357695448
9653.172840183573	0.0010284796265683023
9653.42120214328	0.0012993605617475875
9653.669565183538	0.0013706494928828583
9653.917929301799	0.0014676033095954838
9654.166294495511	0.0017526874131418616
9654.414660762142	0.0016643243668825135
9654.663028099172	0.0017954544638769977
9654.911396504074	0.002017846104904067
9655.159765974353	0.0018867034776612575
9655.408136507504	0.0020349419335679137
9655.656508101041	0.001977942738337804
9655.904880752487	0.0017583889399121627
9656.153254459376	0.0017127699519018478
9656.401629219243	0.0015388476043617805
9656.650005029638	0.0013563629611950305
9656.89838188812	0.0013050801022486203
9657.14675979226	0.0009344160504316434
9657.395138739632	0.0009144484916561825
9657.64351872782	0.0008545667477987723
9657.89189975442	0.0007804290813218233
9658.140281817039	0.0007775918793354788
9658.388664913282	0.0005922589279037727
9658.637049040777	0.0005466454907489307
9658.88543419715	0.0004325967714666343
9659.133820380039	0.00044684386478880284
9659.382207587092	0.00042404978208697045
9659.630595815966	0.0004611148058924358
9659.878985064324	0.0004154906198788059
9660.127375329841	0.00047251978470403755
9660.3757666102	0.00028148516262056767
9660.624158903085	0.00033280169325497033
9660.872552206198	0.00032995530683526455
9661.120946517245	0.00027008018495088215
9661.369341833939	0.0003556114384817292
9661.617738154007	0.00031854968855049576
9661.866135475182	0.0002615223039728844
9662.114533795197	0.00032424025520748096
9662.362933111803	0.0003014308674005457
9662.61133342276	0.0002900429739416669
9662.859734725826	0.0003156904178883911
9663.108137018777	0.00032140561453955366
9663.35654029939	0.0003214029801384889
9663.604944565453	0.0003926821570241301
9663.853349814766	0.0001988008630418621
9664.10175604513	0.00021590366904311064
9664.350163254361	0.0002615187446195601
9664.598571440269	0.00023015304140196988
9664.84698060069	0.00024727036892530844
9665.095390733455	0.00021590416897409735
9665.343801836409	0.0002786266045142776
9665.5922139074	0.00027578662538732226
9665.840626944282	0.00023870999628579188
9666.08904094493	0.00022160612396303724
9666.337455907209	0.0002444145859041799
9666.585871829006	0.0001759919045954819
9666.834288708204	0.000230161299855347
9667.0827065427	0.00017883771948604452
9667.331125330393	0.00016458251227711125
9667.5795450692	7.049131238412857e-05
9667.827965757031	0.00012467601400520436
9668.076387391819	0.00014463097139095097
9668.32480997149	1.3470832061271455e-05
9668.573233493982	0.00011896081758242506
9668.821657957247	0.0001246735930283091
9669.070083359235	9.61604691854722e-05
9669.318509697907	7.33446745425533e-05
9669.566936971229	0.00020165671868887155
9669.815365177177	9.899859760856732e-05
9670.06379431373	0.00011611250886070264
9670.312224378884	0.00012752012093145292
9670.560655370628	0.00018169279075069976
9670.809087286963	7.334830526565058e-05
9671.057520125909	0.00018739602811172282
9671.305953885469	0.00017599119329577518
9671.554388563673	0.00011325907578927138
9671.802824158549	0.0001104144680185031
9672.051260668133	9.615470387810505e-05
9672.299698090468	7.334246767497724e-05
9672.548136423608	0.00017314437945677237
9672.796575665601	0.000153181661721569
9673.045015814521	0.00013036892718613758
9673.29345686843	7.619426403767593e-05
9673.541898825406	0.00013892047258373316
9673.790341683529	8.190098869710032e-05
9674.038785440893	0.00011896693825416643
9674.287230095591	0.00011611464424431394
9674.535675645728	0.000110410695355201
9674.784122089408	0.00010185637418729386
9675.032569424751	4.7685056625412104e-05
9675.281017649872	0.00022160213753299072
9675.529466762902	0.00020449655461951424
9675.777916761974	0.00010471543268133708
9676.02636764523	0.00010755633607540222
9676.274819410814	7.904997625998942e-05
9676.523272056877	0.0001246662611258744
9676.77172558158	7.620237929474023e-05
9677.02017998309	0.00013892211032019068
9677.268635259577	7.905054573368297e-05
9677.517091409214	7.334752236778762e-05
9677.765548430185	9.900521786872049e-05
9678.01400632068	6.764492653538103e-05
9678.262465078893	0.00010185110801157192
9678.510924703027	1.0619676313656162e-05
9678.759385191288	1.0622168203558054e-05
9679.007846541888	-3.6365293869507575e-06
9679.256308753047	2.773138035564063e-05
9679.504771822987	5.054354461803704e-05
9679.75323574994	3.912810082805692e-05
9680.001700532144	4.917008768901615e-06
9680.250166167838	-4.070141113801963e-05
9680.498632655268	2.2025722246105472e-05
9680.747099992692	1.91793370825078e-05
9680.995568178367	4.914019117654174e-06
9681.24403721056	9.900593099549332e-05
9681.492507087536	4.7682564849701804e-05
9681.740977807576	5.6237170697359775e-05
9681.989449368957	1.0619533916684898e-05
9682.23792176997	-5.495284682556715e-05
9682.486395008907	6.47970452329558e-05
9682.734869084064	2.0660669022223593e-06
9682.98334399375	6.76423636182809e-05
9683.23181973627	7.766954541931542e-06
9683.48029630994	1.9168231260662882e-05
9683.728773713077	3.9133440086426685e-05
9683.97725194401	1.917591978357993e-05
9684.225731001068	1.6321275824030172e-05
9684.47421088259	7.620430262448168e-05
9684.722691586914	5.909473328095879e-05
9684.971173112386	1.3470689435916847e-05
9685.219655457366	6.479483756603831e-05
9685.468138620203	1.0626154519413005e-05
9685.71662259926	2.066209185002028e-06
9685.965107392909	-1.5039230189586747e-05
9686.21359299952	4.769181882577e-05
9686.462079417475	9.61572662242469e-05
9686.710566645152	-3.6303358609448994e-06
9686.959054680941	5.909174340132805e-05
9687.20754352324	7.765886507550954e-06
9687.456033170442	7.777063584977404e-06
9687.704523620952	1.0619462661103416e-05
9687.95301487318	7.049992631607155e-05
9688.201506925536	5.6232757418974273e-05
9688.449999776441	-2.9303835827008958e-05
9688.698493424321	2.7721057774233668e-05
9688.946987867603	8.189892525422034e-05
9689.19548310472	-3.214438431346631e-05
9689.443979134106	1.917506540175219e-05
9689.692475954216	-2.0741469972469165e-05
9689.940973563485	7.765388289438921e-06
9690.189471960373	-1.5036311222962555e-05
9690.437971143334	3.057506043355014e-05
9690.686471110836	-2.0741470315044156e-05
9690.934971861343	2.065497200145553e-06
9691.183473393321	-7.206255776671994e-05
9691.431975705258	-3.214338764885885e-05
9691.68047879563	-1.5041792878303534e-05
9691.92898266292	-7.739831377396113e-07
9692.177487305624	-6.483271399413963e-06
9692.425992722234	-1.7894514764219852e-05
9692.674498911256	7.904527795927803e-05
9692.923005871184	5.339534120911892e-05
9693.171513600537	-4.354886502114766e-05
9693.420022097825	-1.2183447054266619e-05
9693.668531361569	-7.849464484215683e-07
9693.91704139029	1.916716368304893e-05
9694.16555218251	-1.78945147642198e-05
9694.414063736773	7.77514105457738e-06
9694.662576051604	1.3467770811867595e-05
9694.911089125548	-6.066021289941637e-05
9695.159602957154	1.6321417992618245e-05
9695.408117544966	1.63207065787199e-05
9695.656632887543	1.6323767485548824e-05
9695.905148983442	-8.06158824984028e-05
9696.153665831223	-5.7808416422526134e-05
9696.402183429456	-6.351094122773447e-05
9696.650701776713	-7.897873744875521e-07
9696.899220871568	-1.2186365678315871e-05
9697.147740712602	-7.831667717594449e-07
9697.3962612984	-2.6441717111286646e-05
9697.644782627549	8.18984977207315e-05
