Energy_(eV)	Live_Counts
9550.0	24.933827150000003
9550.25	25.18422563
9550.5	30.123184349999995
9550.75	30.365925920000002
9551.0	31.85138601
9551.25	32.099279100000004
9551.5	32.34303219
9551.75	32.843458909999995
9552.0	28.89400764
9552.25	34.0721588
9552.5	31.845865489999994
9552.75	33.0835199
9553.0	36.54580248
9553.25	29.632353449999997
9553.5	30.617407410000002
9553.75	34.32111112
9554.0	35.30358862
9554.25	39.004796139999996
9554.5	37.52950617999999
9554.75	38.01970048
9555.0	39.25952639
9555.25	36.04767765
9555.5	42.47051871
9555.75	38.276909829999994
9556.0	40.25024693
9556.25	38.52059489
9556.5	41.48358714
9556.75	48.91851853
9557.0	48.39564293999999
9557.25	48.88687242
9557.5	50.62208309000001
9557.75	52.34135808
9558.0	56.54740743000001
9558.25	57.52727276
9558.5	59.00768851
9558.75	57.52951523000001
9559.0	57.785185199999994
9559.25	71.64177895
9559.5	66.93950626
9559.75	78.4851852
9560.0	67.4091763
9560.25	70.89999999999999
9560.5	81.4938596
9560.75	82.4978823
9561.0	93.5327705
9561.25	94.3248762
9561.5	94.35465819999999
9561.75	95.7556632
9562.0	102.47729310000001
9562.25	119.0028985
9562.5	114.03748039999999
9562.75	124.4716682
9563.0	131.3296296
9563.25	136.30458529999999
9563.5	150.35190060000002
9563.75	160.5392791
9564.0	159.79989669999998
9564.25	184.00518570000003
9564.5	186.7137821
9564.75	200.4941668
9565.0	227.4522226
9565.25	219.99517500000002
9565.5	230.1194966
9565.75	241.2224686
9566.0	252.1333359
9566.25	264.9024691
9566.5	279.2904698
9566.75	307.9407472
9567.0	308.127499
9567.25	327.91751899999997
9567.5	348.8953129
9567.75	378.4986095
9568.0	401.0337004
9568.25	452.8296696
9568.5	482.5151492
9568.75	540.2779717000001
9569.0	597.5863476
9569.25	668.828637
9569.5	728.485818
9569.75	817.566088
9570.0	910.5438589999999
9570.25	990.188212
9570.5	1063.661497
9570.75	1132.056643
9571.0	1215.507832
9571.25	1233.430038
9571.5	1288.407429
9571.75	1353.693598
9572.0	1389.2909570000002
9572.25	1415.2550299999998
9572.5	1462.300088
9572.75	1552.243365
9573.0	1667.2060510000001
9573.25	1694.961232
9573.5	1700.9263329999999
9573.75	1739.2058630000001
9574.0	1749.389883
9574.25	1641.746743
9574.5	1647.860047
9574.75	1562.2821259999998
9575.0	1389.605392
9575.25	1284.054188
9575.5	1190.460278
9575.75	1070.1591640000001
9576.0	954.790143
9576.25	867.491122
9576.5	797.5679
9576.75	751.502355
9577.0	672.216047
9577.25	637.600866
9577.5	620.3086425
9577.75	553.8348228
9578.0	549.8646204
9578.25	513.3472447
9578.5	481.7988258
9578.75	458.4591874999999
9579.0	400.6980805
9579.25	389.86659439999994
9579.5	356.5348006
9579.75	360.7619373
9580.0	322.7641975
9580.25	288.8979937
9580.5	255.5495408
9580.75	264.8731038
9581.0	236.26742050000001
9581.25	238.2906921
9581.5	215.97189909999997
9581.75	210.6493829
9582.0	185.4649765
9582.25	178.0199551
9582.5	157.7743213
9582.75	159.224405
9583.0	156.7639569
9583.25	138.8127144
9583.5	129.89901450000002
9583.75	127.44932290000001
9584.0	116.2791354
9584.25	105.18344979999999
9584.5	104.2160494
9584.75	101.52172039999999
9585.0	93.5436385
9585.25	94.5530882
9585.5	83.66150069999999
9585.75	76.82336790000001
9586.0	76.32592601000002
9586.25	75.83099010000001
9586.5	71.11234569999999
9586.75	66.67330355
9587.0	63.498765500000005
9587.25	57.07392342
9587.5	57.01493799000001
9587.75	50.13167009000001
9588.0	55.31014688
9588.25	49.88188898
9588.5	56.29904495
9588.75	49.37549073
9589.0	47.65382717
9589.25	44.197081780000005
9589.5	40.989831450000004
9589.75	38.2691498
9590.0	44.68973729
9590.25	46.67000006000001
9590.5	39.75403334000001
9590.75	35.800291470000005
9591.0	39.259088850000005
9591.25	32.09481988
9591.5	30.369670029999998
9591.75	31.36179441
9592.0	34.07231281999999
9592.25	24.69696559
9592.5	24.452378269999997
9592.75	28.88825367
9593.0	29.383877679999998
9593.25	28.146142939999997
9593.5	22.96770782
9593.75	25.92987653
9594.0	24.69148147
9594.25	25.188395060000005
9594.5	21.97252922
9594.75	18.763088749999998
9595.0	30.3748913
9595.25	25.68159447
9595.5	20.98524167
9595.75	20.742600590000002
9596.0	18.76277427
9596.25	18.516438400000002
9596.5	23.20878097
9596.75	21.97416144
9597.0	16.793282039999998
9597.25	22.21925089
9597.5	13.58276656
9597.75	20.24646917
9598.0	17.28642001
9598.25	16.05205335
9598.5	14.81580151
9598.75	15.80345559
9599.0	20.003950599999996
9599.25	13.577658972
9599.5	15.305678999999998
9599.75	17.53192056
9600.0	15.80606379
9600.25	18.2700535
9600.5	14.81999401
9600.75	10.61401622
9601.0	11.606229511
9601.25	17.04288703
9601.5	14.076288819999998
9601.75	12.841598950000002
9602.0	12.8382511
9602.25	12.34025778
9602.5	17.77396149
9602.75	13.828817650000001
9603.0	12.839821800000001
9603.25	16.790987639999997
9603.5	12.09442032
9603.75	10.615802460000001
9604.0	15.05876542
9604.25	12.3449293
9604.5	9.38233223
9604.75	14.812714543000002
9605.0	15.06000203
9605.25	13.58602697
9605.5	10.622098586
9605.75	13.586646106000002
9606.0	10.118279371
9606.25	11.356211610999999
9606.5	13.582147780000001
9606.75	10.124817916000001
9607.0	11.600573421
9607.25	10.369837259999999
9607.5	11.853823120000001
9607.75	11.109132986
9608.0	14.069526370000002
9608.25	10.118889300000001
9608.5	10.863395146
9608.75	8.390676766
9609.0	11.35815747
9609.25	12.58728394
9609.5	11.111497105
9609.75	13.086543200000001
9610.0	11.355314850000001
9610.25	10.36858412
9610.5	8.146179207
9610.75	11.60452706
9611.0	10.61650703
9611.25	10.86446177
9611.5	10.618566260999998
9611.75	9.88074695
9612.0	9.877224732
9612.25	8.643092715
9612.5	13.082969842999997
9612.75	12.09908106
9613.0	8.887154513
9613.25	9.877407401000001
9613.5	9.8768893
9613.75	10.370746950000001
9614.0	8.888879021000001
9614.25	9.632595756
9614.5	7.159986265000001
9614.75	11.355253900000001
9615.0	11.84587274
9615.25	7.16020488
9615.5	10.6119753
9615.75	9.13614875
9616.0	10.86265533
9616.25	6.668271602000001
9616.5	10.61888888
9616.75	6.4176622420000005
9617.0	5.679088747
9617.25	9.877132806
9617.5	10.122036826
9617.75	9.625244756999999
9618.0	8.146422858000001
9618.25	11.108148530000001
9618.5	10.869315750000002
9618.75	10.617629619999999
9619.0	9.136880099999999
9619.25	6.419743607
9619.5	7.1625256319999995
9619.75	10.122594091
9620.0	7.654971571999999
9620.25	14.810246900000001
9620.5	9.38160045
9620.75	7.900118972
9621.0	7.407509276000001
9621.25	10.11864544
9621.5	7.9059261020000005
9621.75	9.381173941
9622.0	7.4030224449999995
9622.25	5.680617282
9622.5	8.148408541
9622.75	6.662098973000001
9623.0	6.661306389
9623.25	7.160778667000001
9623.5	10.368636117000001
9623.75	7.158707581
9624.0	7.402839502000001
9624.25	7.4079970070000005
9624.5	8.889148321
9624.75	9.38497987
9625.0	8.637712311
9625.25	7.896057149000001
9625.5	9.378757956000001
9625.75	6.918454548
9626.0	8.639265566
9626.25	8.147579552
9626.5	7.900188679999999
9626.75	8.148626035
9627.0	9.133702299
9627.25	7.159378231
9627.5	6.909134305
9627.75	6.9137176590000005
9628.0	5.429876543000001
9628.25	9.138688011
9628.5	9.387337641
9628.75	7.160997007999999
9629.0	5.679297191
9629.25	6.664575671
9629.5	6.908463776
9629.75	9.628609591000002
9630.0	8.46637904
9630.25	8.7607374
9630.5	8.366404039999999
9630.75	7.51726034
9631.0	7.716713039999999
9631.25	7.891782826
9631.5	8.21468919
9631.75	8.24159501
9632.0	8.491122520000001
9632.25	8.83615062
9632.5	8.06643646
9632.75	8.26592718
9633.0	8.61635339
9633.25	7.6918371500000005
9633.5	8.21172486
9633.75	7.916846519999999
9634.0	7.761978900000001
9634.25	9.04064746
9634.5	8.0666605
9634.75	8.266089430000001
9635.0	7.586913400000001
9635.25	7.891840960000001
9635.5	8.066445739999999
9635.75	7.811563759999999
9636.0	7.786971380000001
9636.25	8.3610601
9636.5	8.16134096
9636.75	8.211550749999999
9637.0	8.64109689
9637.25	7.66191772
9637.5	7.91650324
9637.75	8.1613179
9638.0	8.31118985
9638.25	7.8164333500000005
9638.5	7.7868172300000005
9638.75	8.38636728
9639.0	8.31134898
9639.25	8.56590405
9639.5	8.91570805
9639.75	8.690555119999999
9640.0	8.66578598
9640.25	8.46650512
9640.5	7.96646648
9640.75	8.311158690000001
9641.0	7.986606820000001
9641.25	8.46597137
9641.5	7.741631876
9641.75	8.91061176
9642.0	8.3114365
9642.25	9.16499407
9642.5	8.46131657
9642.75	8.06656389
9643.0	8.96574171
9643.25	8.26645954
9643.5	8.760801070000001
9643.75	9.38503584
9644.0	9.834574400000001
9644.25	8.7108659
9644.5	8.016656297
9644.75	8.51593397
9645.0	9.16534403
9645.25	8.96511252
9645.5	9.414811080000002
9645.75	8.88517166
9646.0	8.535961480000001
9646.25	9.93433532
9646.5	9.86482229
9646.75	9.91446391
9647.0	9.71440904
9647.25	10.3591156
9647.5	11.33301011
9647.75	10.13468723
9648.0	9.46476549
9648.25	10.63360191
9648.5	10.83360815
9648.75	10.139540010000001
9649.0	9.41469933
9649.25	10.5341207
9649.5	10.334115709999999
9649.75	10.08422801
9650.0	9.83936731
9650.25	11.188068910000002
9650.5	12.58196335
9650.75	11.987202579999998
9651.0	11.762467800000001
9651.25	13.405912210000002
9651.5	12.56144902
9651.75	13.63057894
9652.0	14.57892042
9652.25	15.15904893
9652.5	14.509487060000001
9652.75	14.284773189999997
9653.0	15.802745739999999
9653.25	15.109384819999999
9653.5	15.678543410000001
9653.75	14.85438227
9654.0	15.40415488
9654.25	15.30376305
9654.5	15.678297299999999
9654.75	15.983135090000001
9655.0	16.606979109999997
9655.25	18.176145090000002
9655.5	18.10595231
9655.75	19.39988221
9656.0	20.473820449999998
9656.25	22.69171485
9656.5	25.767699049999997
9656.75	25.368036259999997
9657.0	28.88946709
9657.25	30.188227219999998
9657.5	34.35464065
9657.75	32.1364123
9658.0	32.70554307
9658.25	30.6340064
9658.5	31.406627580000002
9658.75	30.58695727
9659.0	26.53731829
9659.25	24.939375780000002
9659.5	22.95045708
9659.75	19.6496188
9660.0	18.75513762
9660.25	15.93301211
9660.5	14.98400969
9660.75	13.930056409999999
9661.0	13.15579734
9661.25	12.98636607
9661.5	12.032242270000001
9661.75	11.16342221
9662.0	10.63877846
9662.25	10.03945132
9662.5	10.009087000000001
9662.75	10.164248659999998
9663.0	9.04020863
9663.25	9.140072570000001
9663.5	9.29015744
9663.75	8.54127737
9664.0	8.189741139999999
9664.25	8.76103884
9664.5	9.9388966
9664.75	9.260565629999999
9665.0	8.3914097
9665.25	8.68928848
9665.5	8.49089591
9665.75	7.317260501
9666.0	7.76168931
9666.25	7.941750409999999
9666.5	8.19148256
9666.75	7.366970835999999
9667.0	7.5371348
9667.25	7.117452050000001
9667.5	6.937738447
9667.75	7.012749785999999
9668.0	6.992704264
9668.25	6.837648668
9668.5	6.566716808
9668.75	7.442573114999999
9669.0	7.387064421000001
9669.25	6.0674887889999995
9669.5	6.09236103
9669.75	5.963894571
9670.0	5.669354006
9670.25	6.31723731
9670.5	6.118679211
9670.75	6.013742293
9671.0	5.118811535
9671.25	5.817686763
9671.5	5.618088694
9671.75	6.263486374
9672.0	6.117400217999999
9672.25	4.918871463
9672.5	4.794110629
9672.75	5.867548099
9673.0	5.968826501000001
9673.25	5.943809709
9673.5	4.843674886
9673.75	5.84239146
9674.0	5.068530756
9674.25	5.792775961
9674.5	5.943915146
9674.75	6.242311656999999
9675.0	5.618084328000001
9675.25	5.568256593
9675.5	5.492951462
9675.75	5.49301011
9676.0	5.714036331000001
9676.25	5.467983298
9676.5	5.867796661
9676.75	5.544412574
9677.0	5.644275962
9677.25	5.968861493
9677.5	5.893859746
9677.75	5.838900228
9678.0	5.88928036
9678.25	5.892726046999999
9678.5	5.769213581000001
9678.75	5.817866447
9679.0	5.668077437
9679.25	5.268282235
9679.5	5.99270536
9679.75	5.81405753
9680.0	4.943882096
9680.25	5.114858332999999
9680.5	5.614374546
9680.75	5.742948924999999
9681.0	5.1436067770000005
9681.25	5.4680675370000005
9681.5	5.293317850999999
9681.75	5.1684582379999995
9682.0	5.518182294
9682.25	5.318248532
9682.5	4.518990657
9682.75	4.244530673
9683.0	4.369562468
9683.25	4.369035745
9683.5	4.743759169
9683.75	4.893820383
9684.0	4.818858411
9684.25	4.569279078
9684.5	4.444211706000001
9684.75	3.944760335
9685.0	4.394684859
9685.25	4.893641184000001
9685.5	4.369619942
9685.75	4.119547467
9686.0	4.044661169
9686.25	4.544437624
9686.5	3.9449051649999998
9686.75	3.945212211
9687.0	4.419341537999999
9687.25	4.818859577
9687.5	3.96969604
9687.75	4.369518165
9688.0	4.369174927
9688.25	4.344321548
9688.5	4.618930143
9688.75	4.519244164
9689.0	4.740348318000001
9689.25	4.29432716
9689.5	3.8202397579999996
9689.75	4.319459484
9690.0	4.54442391
9690.25	5.118751064
9690.5	4.094660505
9690.75	4.2944875389999995
9691.0	4.943725421
9691.25	4.3942815710000005
9691.5	4.419357123
9691.75	4.769120569000001
9692.0	4.644170442000001
9692.25	4.119643633
9692.5	4.14443139
9692.75	4.0944576139999995
9693.0	4.144742294
9693.25	4.419425155
9693.5	4.694185442
9693.75	4.494497592
9694.0	3.4701942089999998
9694.25	3.694925778
9694.5	4.269508152
9694.75	4.619149284000001
9695.0	4.369235355
9695.25	3.370343989
9695.5	4.694103072000001
9695.75	3.7449576129999995
9696.0	4.019770347
9696.25	3.520116787
9696.5	3.221370877
9696.75	3.995035701
9697.0	4.444265359
9697.25	3.894749773
9697.5	4.369239803
9697.75	3.894956949
9698.0	4.4690780960000005
9698.25	3.520367096
9698.5	4.369337174
9698.75	3.844970704
9699.0	3.245554362
9699.25	4.519302223
9699.5	4.044702354999999
9699.75	4.294513801
9700.0	4.119687351
