Energy_(eV)	Live_Counts
9550.0	0.0013696758557471135
9550.25	0.0020794319385842265
9550.5	0.0018733059978797235
9550.75	0.00182730868039748
9551.0	0.0013920837644651517
9551.25	0.0021248186727559834
9551.5	0.00162121679618803
9551.75	0.0018276931206419325
9552.0	0.0017129796807890476
9552.25	0.0019422087544062581
9552.5	0.0017132227301443533
9552.75	0.0021481706913989134
9553.0	0.0019191111174982815
9553.25	0.0021706069027791763
9553.5	0.002400254366480383
9553.75	0.0021937779038380396
9554.0	0.0020109589675872033
9554.25	0.0023313007426957622
9554.5	0.0018731818749811375
9554.75	0.002079380987856612
9555.0	0.0022391365143433384
9555.25	0.0023310915114836345
9555.5	0.0022395151896256915
9555.75	0.00272039263360415
9556.0	0.0026061766739958014
9556.25	0.002743535502649602
9556.5	0.0026978547758144387
9556.75	0.00249166669482831
9557.0	0.002560676955470313
9557.25	0.003247058238975299
9557.5	0.003201552783310887
9557.75	0.0034536590341174896
9558.0	0.003637054845900899
9558.25	0.003384971242232248
9558.5	0.0038654754076970894
9558.75	0.004711934573297981
9559.0	0.004346126839378441
9559.25	0.004506673596711478
9559.5	0.003979957117590168
9559.75	0.00475880267086948
9560.0	0.004781153830509993
9560.25	0.004895878627783384
9560.5	0.0053083621167302215
9560.75	0.005536986478654553
9561.0	0.006040763701515835
9561.25	0.006543596689247931
9561.5	0.006612968742996435
9561.75	0.007506369093015389
9562.0	0.007185037942456651
9562.25	0.00771321304880559
9562.5	0.007989582521709575
9562.75	0.009635965160680266
9563.0	0.01000417613720669
9563.25	0.009750492086944354
9563.5	0.01073513541769469
9563.75	0.012451897513427332
9564.0	0.011559271704986192
9564.25	0.012684593048738563
9564.5	0.012751459820236509
9564.75	0.01499574151756226
9565.0	0.015408643313123572
9565.25	0.014169213587146014
9565.5	0.015294116377585088
9565.75	0.016323903080604864
9566.0	0.016620972245342678
9566.25	0.01833543315109626
9566.5	0.019643771025731886
9566.75	0.021977033447707787
9567.0	0.022528961691083337
9567.25	0.02461146943517281
9567.5	0.026307237349300804
9567.75	0.028803297153675904
9568.0	0.031711754801696995
9568.25	0.03496155627297064
9568.5	0.03703021082055479
9568.75	0.04353059728229139
9569.0	0.04854073556016987
9569.25	0.05351292440765686
9569.5	0.055968120767657795
9569.75	0.06286465617122661
9570.0	0.06748774018942989
9570.25	0.07140074827976478
9570.5	0.07571360295639659
9570.75	0.08016873506131172
9571.0	0.08325500733573254
9571.25	0.08758712919087625
9571.5	0.09111867652794949
9571.75	0.0953237328126532
9572.0	0.09803890698302749
9572.25	0.10229461480345851
9572.5	0.10704460468707065
9572.75	0.10893929602213999
9573.0	0.11145958173495094
9573.25	0.11488914618763214
9573.5	0.11408769802183037
9573.75	0.11494121188265952
9574.0	0.10998212192682348
9574.25	0.10241842561875186
9574.5	0.09696824037358766
9574.75	0.09153492459835821
9575.0	0.08311121048379938
9575.25	0.07403773338953158
9575.5	0.06489977460062102
9575.75	0.06201418199239245
9576.0	0.055235131248554524
9576.25	0.05046663644871322
9576.5	0.04845631816101292
9576.75	0.045270625331236165
9577.0	0.042062434319518886
9577.25	0.040386830686571576
9577.5	0.03757408656375698
9577.75	0.03505494147132692
9578.0	0.032120491217379255
9578.25	0.03216807055509306
9578.5	0.02889648452924972
9578.75	0.027108818565530948
9579.0	0.02601228317257283
9579.25	0.023079720350151624
9579.5	0.022526751408695166
9579.75	0.01931996906583785
9580.0	0.01900225618022223
9580.25	0.017834612864104066
9580.5	0.016484212533141033
9580.75	0.015590190149647161
9581.0	0.014536954704422312
9581.25	0.01297907782066162
9581.5	0.012199780223311871
9581.75	0.011446056251953362
9582.0	0.012315019469257496
9582.25	0.010669003929272997
9582.5	0.009134563146721016
9582.75	0.008628427761290297
9583.0	0.008170433333658465
9583.25	0.008283592240722955
9583.5	0.008125905966509106
9583.75	0.007734965254295809
9584.0	0.006567513936641896
9584.25	0.006292474068405632
9584.5	0.006452653484690842
9584.75	0.00590373871387833
9585.0	0.005880968677248237
9585.25	0.00503322624833439
9585.5	0.005079104744160544
9585.75	0.00530867330689881
9586.0	0.004118452709405195
9586.25	0.004003077315384249
9586.5	0.004392599004806297
9586.75	0.00340694371360626
9587.0	0.003476259175014463
9587.25	0.0029035961547799537
9587.5	0.003430962901407901
9587.75	0.0030636851327585104
9588.0	0.003041096307547279
9588.25	0.0031326670629151124
9588.5	0.0028120820140109613
9588.75	0.002560292390949007
9589.0	0.0027890975599287058
9589.25	0.0026059052728239942
9589.5	0.0019193373412515259
9589.75	0.0018275913768513678
9590.0	0.0023085141290173166
9590.25	0.0025373304346869912
9590.5	0.00152990609291845
9590.75	0.0019188510867311293
9591.0	0.0018735830786892234
9591.25	0.0017360602518882104
9591.5	0.0017584682162526007
9591.75	0.001232045626848945
9592.0	0.001942271011545223
9592.25	0.0015526871484537387
9592.5	0.001484191460760824
9592.75	0.0013695344732049194
9593.0	0.0014381658378340386
9593.25	0.0013008014111571956
9593.5	0.0011863479102549816
9593.75	0.0014153282864121269
9594.0	0.001071832284837609
9594.25	0.00098010336862492
9594.5	0.001186432785781283
9594.75	0.0013009257594235083
9595.0	0.0014840671440274442
9595.25	0.0011175922205455301
9595.5	0.000980301221085439
9595.75	0.0010717701037486586
9596.0	0.0013467082254120407
9596.25	0.0010718548958054313
9596.5	0.001117773103650912
9596.75	0.0010488760592224419
9597.0	0.0013009371075696228
9597.25	0.0006827630030421653
9597.5	0.0010259254140089723
9597.75	0.0012323905841515543
9598.0	0.0006597162222630045
9598.25	0.0006596540411740542
9598.5	0.00031617500858369775
9598.75	0.0007971146655550152
9599.0	0.0007971599023296869
9599.25	0.0007283645692314097
9599.5	0.0006825311627170939
9599.75	0.0006596993179213557
9600.0	0.0006826159557013059
9600.25	0.0005222273759070299
9600.5	0.0007053517568405781
9600.75	0.0007282854262068358
9601.0	0.0006826838498157602
9601.25	0.00038478944132622374
9601.5	0.00033906342587253696
9601.75	0.0005450593149305915
9602.0	0.0006597445964307918
9602.25	0.0006823050916203422
9602.5	0.0003848855037169616
9602.75	0.0007741696981243598
9603.0	0.00047654101738278095
9603.25	0.0006367318032379514
9603.5	0.0005679985781464154
9603.75	0.00043065670651281035
9604.0	0.0003619179726178833
9604.25	0.0006367995862451889
9604.5	0.0004763883390020434
9604.75	0.00029323005812517976
9605.0	0.0006597954014577075
9605.25	0.0002934392562277277
9605.5	0.0003849251099154747
9605.75	0.0004306736651096529
9606.0	0.0004534773194633105
9606.25	0.0006597162222630045
9606.5	0.0004992937399285833
9606.75	0.0005680777183886716
9607.0	0.00047649009011937793
9607.25	0.000384891156551661
9607.5	0.0005451102012939254
9607.75	0.0005451610267245039
9608.0	0.0006367712882201608
9608.25	0.00038482897546271064
9608.5	0.0002703755311342884
9608.75	0.0006597275565902749
9609.0	0.0005680777183886715
9609.25	0.00038485158624504504
9609.5	0.000316271121890848
9609.75	0.0001788274872686867
9610.0	0.000407762634998113
9610.25	0.00020172155358972463
9610.5	0.0005451779850431142
9610.75	0.0004993502540857584
9611.0	0.00047649009021212183
9611.25	0.00020164806636765567
9611.5	0.0005452515086208002
9611.75	0.0003161919709830408
9612.0	0.0004078361410471978
9612.25	0.00045353389603714406
9612.5	0.00027033596073492854
9612.75	0.0003391199821354519
9613.0	0.00040777394549019574
9613.25	0.0003849194211888781
9613.5	0.0002933318151781253
9613.75	0.00029334876589173444
9614.0	0.00024750972574071067
9614.25	0.0005681286255266439
9614.5	0.0004305267493724166
9614.75	0.0002702794662394646
9615.0	0.00043065107074299235
9615.25	0.00029328091722180126
9615.5	0.00031625415476156497
9615.75	0.00033913127695381215
9616.0	0.00043081505321648225
9616.25	0.00027040947958267435
9616.5	0.00013297713050448124
9616.75	0.00040781915453443534
9617.0	0.00015586557237045934
9617.25	0.00017875963869149736
9617.5	0.0003391538882926101
9617.75	0.00024749275582910995
9618.0	0.0003619405473228327
9618.25	0.00031606761130922585
9618.5	0.00020172157019088637
9618.75	0.00011011132232858589
9619.0	0.00043079807245384303
9619.25	0.0001787313741470241
9619.5	0.0003848459395314443
9619.75	0.0001330053947707226
9620.0	0.0003848855037169615
9620.25	0.0004306962765411946
9620.5	0.00015588816970492535
9620.75	1.852934745045522e-05
9621.0	0.00040781915453443534
9621.25	0.00029325830588300324
9621.5	0.00020172155358972463
9621.75	0.0003619970763190351
9622.0	0.0003391199542195318
9622.25	0.00015593905384240532
9622.5	0.00015586557246320326
9622.75	0.0002475323432006073
9623.0	0.00024757193511655676
9623.25	0.000247532331885849
9623.5	0.00036198579865830003
9623.75	6.429488887916391e-05
9624.0	0.0003162032990037246
9624.25	0.0004993389646465455
9624.5	0.0002475606100636784
9624.75	0.00022455345291888805
9625.0	0.00011007739660246046
9625.25	0.0001330110476054221
9625.5	0.00036196315838339877
9625.75	6.435710048086425e-05
9626.0	0.00020172722302558586
9626.25	8.714374587773054e-05
9626.5	0.00033915390452279615
9626.75	0.000316158038672097
9627.0	0.0003162259019028258
9627.25	0.00027045470188929457
9627.5	0.0003390408139772755
9627.75	0.0004535677458059985
9628.0	0.0002475492990151321
9628.25	6.431751459326958e-05
9628.5	0.00022463825406456495
9628.75	0.00029324137863360604
9629.0	0.00043084896864803256
9629.25	0.000293371388174315
9629.5	0.00043071325192468667
9629.75	8.720028628143509e-05
9630.0	0.0002310482458649368
9630.25	0.0003051463025804257
9630.5	0.00030051587890109655
9630.75	0.00025651127009376133
9631.0	0.00027042081224055417
9631.25	0.0001801004020295025
9631.5	0.0002495642179113816
9631.75	0.00019631558642000922
9632.0	0.0002333513448848621
9632.25	0.0002518921795360316
9632.5	0.0002449396333892883
9632.75	0.00021483248238139032
9633.0	0.00023568231271095153
9633.25	0.00027040138609896256
9633.5	0.00020788832251091596
9633.75	0.0002773502883370686
9634.0	0.0002449394590307177
9634.25	0.0002634644513508722
9634.5	0.00027273050405481346
9634.75	0.0002032601519523919
9635.0	0.0002264141801318489
9635.25	0.00028430930986434247
9635.5	0.0001893577215949121
9635.75	0.00024262907627425054
9636.0	0.00024262340962070698
9636.25	0.00021947019220860316
9636.5	0.00030977805732050205
9636.75	0.0002588266851353557
9637.0	0.0002611549925093413
9637.25	0.0002588422951428498
9637.5	0.0002680974777955867
9637.75	0.0002982087902231984
9638.0	0.0002796842039359279
9638.25	0.0002819862619980893
9638.5	0.00026115192825020743
9638.75	0.00022640805050065394
9639.0	0.00023799593510530633
9639.25	0.00031441264353247186
9639.5	0.00030977788296193156
9639.75	0.0002935639122183687
9640.0	0.0002727268610736155
9640.25	0.0002495668770650708
9640.5	0.00025188651195504877
9640.75	0.0002680964353539202
9641.0	0.00024494159956040326
9641.25	0.0003236682864732863
9641.5	0.00023567618419268382
9641.75	0.00032136304914952957
9642.0	0.0002680928517288314
9642.25	0.00022641319695354745
9642.5	0.00030284100775543826
9642.75	0.00022177571898613596
9643.0	0.0003283005605793177
9643.25	0.00032367187102581434
9643.5	0.0003144092305561969
9643.75	0.00031903294903556044
9644.0	0.00027504279362628646
9644.25	0.00032598711356371667
9644.5	0.00031672557118211806
9644.75	0.0002310384173279599
9645.0	0.00033293439742040974
9645.25	0.00038388773484923183
9645.5	0.0003815535298893406
9645.75	0.00043715139846072973
9646.0	0.0004024162525512931
9646.25	0.00047187596321627445
9646.5	0.0003908384873285523
9646.75	0.0004718829013889685
9647.0	0.0004487182356673157
9647.25	0.0004927245795279163
9647.5	0.00038387547595781786
9647.75	0.00040703083297216803
9648.0	0.000363042761518788
9648.25	0.00034683162317455794
9648.5	0.00044871442018242576
9648.75	0.0004047164019435704
9649.0	0.00042556600134076945
9649.25	0.00043946380488954246
9649.5	0.00042092996832363965
9649.75	0.0005691271204865272
9650.0	0.0004510263638190752
9650.25	0.0005366946122887555
9650.5	0.000525139164963048
9650.75	0.0005668260464373624
9651.0	0.0005112369653524424
9651.25	0.0007011360912078306
9651.5	0.0006710221763858092
9651.75	0.0007497603700369111
9652.0	0.0007173461305366026
9652.25	0.0006988206186650052
9652.5	0.0006802908869450246
9652.75	0.0007937535887778795
9653.0	0.0006224087671442136
9653.25	0.0006154415359250955
9653.5	0.0006270308069586156
9653.75	0.0006826009821953382
9654.0	0.0006825939865214136
9654.25	0.0006617694808467887
9654.5	0.0008145894824785047
9654.75	0.0009257401228899314
9655.0	0.0010137468536691172
9655.25	0.0010832041372256984
9655.5	0.0012337379251666342
9655.75	0.0012105811213471238
9656.0	0.0014004759698528978
9656.25	0.0016667593104682024
9656.5	0.0018496980839210573
9656.75	0.0019469905252200896
9657.0	0.0020256991734404323
9657.25	0.0020650916862510354
9657.5	0.001967795948833068
9657.75	0.0019353417589615576
9658.0	0.001842794107765489
9658.25	0.0015602475920470304
9658.5	0.001560271299247993
9658.75	0.0014838304198075182
9659.0	0.0012128742184916849
9659.25	0.0011249010786330716
9659.5	0.0009813350440595265
9659.75	0.0009419497578552098
9660.0	0.0007150203662009177
9660.25	0.0005390292225395793
9660.5	0.0006293507312096257
9660.75	0.00046029183761546455
9661.0	0.0005112455812626587
9661.25	0.0005899787454109507
9661.5	0.0003954538189751834
9661.75	0.00046491954408341043
9662.0	0.00043945027633385665
9662.25	0.0003514629726237016
9662.5	0.00032831004364519066
9662.75	0.00029820584096652597
9663.0	0.00029125179329570947
9663.25	0.00035145996401092
9663.5	0.0003213562269067363
9663.75	0.0003259879807193735
9664.0	0.00028199279580728986
9664.25	0.0003468254371550593
9664.5	0.0003329277476813087
9664.75	0.0003167281160752971
9665.0	0.0002866281907462467
9665.25	0.0002912494218336618
9665.5	0.00021251394669235832
9665.75	0.00027272425775176667
9666.0	0.00023336637830340232
9666.25	0.00018473180897987695
9666.5	0.00025419522068375044
9666.75	0.00024262352536511981
9667.0	0.00030283077253636986
9667.25	0.00018010340739624695
9667.5	0.00024030493217485705
9667.75	0.00018473701228479374
9668.0	0.00020325159632572412
9668.25	0.00029356177261612236
9668.5	0.00018241818602905878
9668.75	0.00018009502492247878
9669.0	0.00020093872524986952
9669.25	0.00021483496884589946
9669.5	0.0001800975681462672
9669.75	0.0001916814625364832
9670.0	0.00011063670105734094
9670.25	8.747417428872731e-05
9670.5	0.0001245243877282881
9670.75	0.00011989471583117877
9671.0	8.747371121833215e-05
9671.25	6.200536840389767e-05
9671.5	0.00011063010946867789
9671.75	4.3478006754805793e-05
9672.0	0.00014304700867913888
9672.25	0.00010367779629466308
9672.5	8.979404076027478e-05
9672.75	0.00011062392242899625
9673.0	0.00012683945535115629
9673.25	9.673189951604522e-05
9673.5	8.05269481187528e-05
9673.75	0.0001036927712845334
9674.0	0.00016157587315071887
9674.25	8.052694867521629e-05
9674.5	9.441983883656818e-05
9674.75	7.821494494050637e-05
9675.0	0.00013147259596363694
9675.25	9.442082145840598e-05
9675.5	0.00010832463972865632
9675.75	0.00014304770268189614
9676.0	0.00012220163079971385
9676.25	0.00011526411807151074
9676.5	0.00013841860746648444
9676.75	0.00013147392618968902
9677.0	0.00015231450512769078
9677.25	0.00013147421397407432
9677.5	0.00015232011325982058
9677.75	8.97893569140569e-05
9678.0	8.746972230231071e-05
9678.25	0.00013378488794645187
9678.5	0.00011989563900416355
9678.75	0.00010367831603159359
9679.0	8.05330766370206e-05
9679.25	6.894473053861979e-05
9679.5	8.515743013400792e-05
9679.75	6.895028163323844e-05
9680.0	0.00011063190128122236
9680.25	1.337542384871289e-05
9680.5	4.3474190898939937e-05
9680.75	5.5054095352951445e-05
9681.0	0.00011756883621480053
9681.25	8.052440368929341e-05
9681.5	1.5686444126889642e-05
9681.75	2.2636560753891043e-05
9682.0	-1.9047256646777434e-05
9682.25	-3.525787414115e-05
9682.5	-1.6729760988070144e-05
9682.75	-2.841553652753182e-06
9683.0	3.421189766256081e-05
9683.25	4.347968347214477e-05
9683.5	5.7372169177259264e-05
9683.75	5.273648394983129e-05
9684.0	1.1057523362792489e-05
9684.25	-5.190274710530061e-07
9684.5	3.189983689033976e-05
9684.75	-1.9045695673851202e-05
9685.0	3.4215771576120856e-05
9685.25	5.737008781819503e-05
9685.5	3.18988534338066e-05
9685.75	1.7952301264133218e-06
9686.0	-5.201841732296932e-07
9686.25	5.505635023589091e-05
9686.5	4.11197418838882e-06
9686.75	2.7272072735675405e-05
9687.0	5.505658153922871e-05
9687.25	3.653101216640087e-05
9687.5	1.792454857335775e-06
9687.75	-1.441249635446883e-05
9688.0	-2.8309781093750433e-05
9688.25	4.579145516156562e-05
9688.5	-3.0621495003708715e-05
9688.75	-9.787796551682268e-06
9689.0	2.4952726557522002e-05
9689.25	1.5691532058369303e-05
9689.5	-4.45218440021243e-05
9689.75	8.284195712746314e-05
9690.0	5.2742959608593567e-05
9690.25	3.421374790377518e-05
9690.5	-2.8355984728727497e-06
9690.75	1.1062206745290821e-05
9691.0	-1.6730801574858332e-05
9691.25	-3.75725367513173e-05
9691.5	4.5793652357786605e-05
9691.75	3.189596288403578e-05
9692.0	-1.2104598393120253e-05
9692.25	4.106250404590156e-06
9692.5	1.5689045964835845e-05
9692.75	-9.785772879336594e-06
9693.0	-5.234797357013547e-07
9693.25	1.5689739689361345e-05
9693.5	-2.5993962059638273e-05
9693.75	-1.6737624003139456e-05
9694.0	-2.835135773453264e-06
9694.25	-3.7574097909731344e-05
9694.5	6.429180857039752e-06
9694.75	-5.609324921777166e-05
9695.0	-2.3678605724945516e-05
9695.25	-3.293754534115871e-05
9695.5	6.424035146097688e-06
9695.75	-1.6730281374208188e-05
9696.0	8.74262963477529e-06
9696.25	-1.210170765786162e-05
9696.5	4.112089932801607e-06
9696.75	-2.8346151090835606e-06
9697.0	-2.8334011839078334e-06
9697.25	1.7973117637093796e-06
9697.5	-1.9046505050045602e-05
9697.75	-2.841091138821512e-06
9698.0	-7.4672365410971485e-06
9698.25	-5.153556552767739e-06
9698.5	6.425827329617789e-06
9698.75	2.0322418344373933e-05
9699.0	1.7934376646615182e-06
9699.25	-6.535906941270414e-05
9699.5	-5.232483396196686e-07
9699.75	6.423861807710272e-06
9700.0	-2.5992516645636972e-05
