Energy_(eV)	Live_Counts
9550.0	0.0016272421942488172
9550.25	0.0016472846823721886
9550.5	0.0016079929318139102
9550.75	0.001686639686136899
9551.0	0.0016667674938181723
9551.25	0.0013121731942776352
9551.5	0.0016864791058740383
9551.75	0.001804914031032987
9552.0	0.001785158647148355
9552.25	0.0017062636403756203
9552.5	0.002100616937782237
9552.75	0.0017851927321748185
9553.0	0.0019430751766865133
9553.25	0.002021512666062975
9553.5	0.0024555032176937427
9553.75	0.0018639223727625067
9554.0	0.0018838479901829048
9554.25	0.0020020493008686214
9554.5	0.0020807641837319512
9554.75	0.002159474370084819
9555.0	0.0020216635627168084
9555.25	0.0027120508401249637
9555.5	0.0023759707540270104
9555.75	0.002120104623763811
9556.0	0.002790590329118747
9556.25	0.0023175951854541295
9556.5	0.0026721603303861215
9556.75	0.002968057831374307
9557.0	0.0024948922977034065
9557.25	0.0023766715048417065
9557.5	0.0031845445716234206
9557.75	0.0030265550557740284
9558.0	0.0031053382156650267
9558.25	0.0034411065278716307
9558.5	0.0032044215259147643
9558.75	0.004031758176630228
9559.0	0.0034607647020527214
9559.25	0.003874469248738462
9559.5	0.004071940349807409
9559.75	0.004958966403328174
9560.0	0.005096475361506189
9560.25	0.004288500370149134
9560.5	0.00474218769228792
9560.75	0.004958343354494827
9561.0	0.005490706839430578
9561.25	0.005313273637747599
9561.5	0.006062328034604002
9561.75	0.006338562649732575
9562.0	0.007245743300905386
9562.25	0.00669362421334561
9562.5	0.007442391798148014
9562.75	0.007443102373874193
9563.0	0.008249525081107633
9563.25	0.008920779542876485
9563.5	0.010182685729244237
9563.75	0.010676492677866054
9564.0	0.011207833901797679
9564.25	0.010951087258448868
9564.5	0.011462697693904808
9564.75	0.012271850468379895
9565.0	0.01408405552717161
9565.25	0.014518308503808681
9565.5	0.01378881487743832
9565.75	0.016392865291291702
9566.0	0.01710121225462237
9566.25	0.016745527203898877
9566.5	0.018363531866431724
9566.75	0.018165554415593827
9567.0	0.019464873620604027
9567.25	0.02135962830895463
9567.5	0.022817442974835456
9567.75	0.023960724798945825
9568.0	0.025577259796182902
9568.25	0.029067396783439524
9568.5	0.03208334574211367
9568.75	0.03649740629265108
9569.0	0.038846355031312604
9569.25	0.044717007638204694
9569.5	0.04696627465470467
9569.75	0.052700197256760783
9570.0	0.058071396931893074
9570.25	0.06254676641495897
9570.5	0.06831739572295463
9570.75	0.07409027421479791
9571.0	0.0794586735466702
9571.25	0.0829445187711793
9571.5	0.08484041063296056
9571.75	0.0876955140234331
9572.0	0.09355065329706791
9572.25	0.09241069046009852
9572.5	0.09907393928095334
9572.75	0.10202822382364776
9573.0	0.10707795522109868
9573.25	0.10994104140204622
9573.5	0.1123219802105642
9573.75	0.11555520514278281
9574.0	0.11404650236903019
9574.25	0.1147811665716126
9574.5	0.10620186833514932
9574.75	0.10340684044247399
9575.0	0.09711432887261705
9575.25	0.08864877759685524
9575.5	0.08124566049175905
9575.75	0.07287407135799556
9576.0	0.06696842715362501
9576.25	0.06009219290054524
9576.5	0.05394655525526531
9576.75	0.05041579128108489
9577.0	0.04868094438363273
9577.25	0.04193770104087663
9577.5	0.042663564902516715
9577.75	0.03775900097495929
9578.0	0.035790568535354436
9578.25	0.034444481777735035
9578.5	0.03241557167118879
9578.75	0.030602101436503784
9579.0	0.027867219541173306
9579.25	0.026247185264440538
9579.5	0.026088539017084095
9579.75	0.022938745369904447
9580.0	0.02169476455771015
9580.25	0.019900913458610614
9580.5	0.019546036442392358
9580.75	0.01777200888844887
9581.0	0.01662946300265815
9581.25	0.016174013036953924
9581.5	0.015070213250709962
9581.75	0.012882836462691711
9582.0	0.012016076808200549
9582.25	0.012173755077847426
9582.5	0.010832817557374192
9582.75	0.011127649427882245
9583.0	0.00967116806643504
9583.25	0.009157674085199921
9583.5	0.00868355449650218
9583.75	0.007816950745721392
9584.0	0.007659029595513072
9584.25	0.006733023042426457
9584.5	0.006574833968390813
9584.75	0.006181147641730274
9585.0	0.005550099708253541
9585.25	0.004978595251262141
9585.5	0.0049390503601471035
9585.75	0.005096762462551653
9586.0	0.004801171513650476
9586.25	0.004308508596019234
9586.5	0.004367424270480114
9586.75	0.004131133566242485
9587.0	0.003677484921060843
9587.25	0.003677188015061869
9587.5	0.0040914476464943205
9587.75	0.0037953212498962963
9588.0	0.003085889294455679
9588.25	0.0028891191262181517
9588.5	0.0027509140881896957
9588.75	0.002888724891566111
9589.0	0.002790376243922318
9589.25	0.002711398481809194
9589.5	0.0026722041421308363
9589.75	0.0023371510247239334
9590.0	0.002612952498327463
9590.25	0.0024356699314497
9590.5	0.002139782142810023
9590.75	0.0019821819591359174
9591.0	0.0021791858735693056
9591.25	0.0017457549539100642
9591.5	0.0020610477394513993
9591.75	0.002317721818001389
9592.0	0.0019425837283393369
9592.25	0.0017457208888415749
9592.5	0.0016469002079677955
9592.75	0.0014892951569429693
9593.0	0.0017455750184039347
9593.25	0.0015878384938256551
9593.5	0.0013319918752762415
9593.75	0.001548463956792548
9594.0	0.0013712008728890876
9594.25	0.0012923983266203817
9594.5	0.0013516450767285086
9594.75	0.0008390271850936243
9595.0	0.0011149941127771184
9595.25	0.0011347982108033873
9595.5	0.0013713809560842256
9595.75	0.0010361575756037543
9596.0	0.0009375169109461518
9596.25	0.001154465954433892
9596.5	0.0007799216416437528
9596.75	0.0007798972641758846
9597.0	0.0011937674420885683
9597.25	0.0007996526895731028
9597.5	0.0007404400787771288
9597.75	0.0008586949231358968
9598.0	0.0008193545006670544
9598.25	0.0008981618959251445
9598.5	0.0007403914076648841
9598.75	0.0009375996622949462
9599.0	0.0006419551626366924
9599.25	0.0005827084830999617
9599.5	0.0008783919044001193
9599.75	0.0008192766302404024
9600.0	0.0009375898987741914
9600.25	0.0007601613552823663
9600.5	0.0007995748095666231
9600.75	0.0007404741055263083
9601.0	0.0007404887490910547
9601.25	0.0007404351862793614
9601.5	0.000957301532384669
9601.75	0.000740406000137217
9602.0	0.0005828252951264915
9602.25	0.0005236467330334681
9602.5	0.00048429659821611656
9602.75	0.0005432902332338594
9603.0	0.000543285345925165
9603.25	0.0006221219102413738
9603.5	0.0006617495151043829
9603.75	0.0005828399038845313
9604.0	0.0006221219101615421
9604.25	0.0006616375444832071
9604.5	0.0006813247894493516
9604.75	0.00028714673910142476
9605.0	0.000523598073816176
9605.25	0.000425025580408979
9605.5	0.00046449254122344236
9605.75	0.0005433826834395728
9606.0	0.0005236662060287843
9606.25	0.0005828934599105136
9606.5	0.0004644536044134784
9606.75	0.00042498178734492857
9607.0	0.000464604491966476
9607.25	0.0005630796281407871
9607.5	0.00032645309378749317
9607.75	0.00018847690195293197
9608.0	0.0003462328087576613
9608.25	0.0005235980821985252
9608.5	0.00066159372715026
9608.75	0.0005235737451255966
9609.0	0.0004448004157343149
9609.25	8.997254379195524e-05
9609.5	0.0007207771426234217
9609.75	0.0004446398671647172
9610.0	0.0004447079648101145
9610.25	0.0002870493979945816
9610.5	0.00034618412838491655
9610.75	0.0004053918758217651
9611.0	0.0004053967474035757
9611.25	0.0003463106751927185
9611.5	0.0004841165420839917
9611.75	0.0004842430570388671
9612.0	0.0004053772571645701
9612.25	0.0003067804333104921
9612.5	0.0005828205063303572
9612.75	0.00044479068398665483
9613.0	0.0004645119949792714
9613.25	0.000366022270563718
9613.5	0.00028711265926403443
9613.75	0.00026734267691967727
9614.0	0.00030683396530707343
9614.25	0.00044476635473725214
9614.5	0.00022794871367274499
9614.75	0.00042504021359557917
9615.0	0.0003659541175948168
9615.25	0.0003068096455576666
9615.5	0.0004644292900128085
9615.75	0.000306751238546503
9616.0	0.0004250742535170212
9616.25	0.0001686972064617466
9616.5	0.00020818360993540537
9616.75	0.00034621332386739265
9617.0	0.00018850122545443807
9617.25	0.00022799251639645492
9617.5	0.00014910726252683325
9617.75	0.0005039254413601705
9618.0	0.0006616813394632232
9618.25	0.000523661361829314
9618.5	0.00026742055269506635
9618.75	0.0003068826594907363
9619.0	0.0004448637032684615
9619.25	0.00010971817221885384
9619.5	0.0003067609696555079
9619.75	0.00026731836044337817
9620.0	0.0002674010797795822
9620.25	0.00030683397696253025
9620.5	0.00022790979402663867
9620.75	0.00016878964668847303
9621.0	0.0005432464139849469
9621.25	0.0003462425191902051
9621.5	0.00012936164599488734
9621.75	0.000267435157780839
9622.0	0.0002871467415762135
9622.25	0.00038556349452926585
9622.5	0.00012943462951200453
9622.75	0.00034624253603473523
9623.0	1.1145680408294769e-05
9623.25	0.0004448052981732634
9623.5	0.00018856448943817527
9623.75	0.0003067707118611466
9624.0	0.0003068339750465647
9624.25	0.00016884804659459782
9624.5	0.00016883832706121772
9624.75	0.00028708345156727813
9625.0	0.00030678529930407004
9625.25	0.000208227402919624
9625.5	0.00020830041757118075
9625.75	8.99920025771937e-05
9626.0	0.00026737673847556336
9626.25	0.0004446106718419047
9626.5	0.0002870639978114491
9626.75	0.00026736701375311
9627.0	0.0003855634950880893
9627.25	0.0003856656989952344
9627.5	0.00038566568741960934
9627.75	7.030475497659673e-05
9628.0	0.0003068193603809647
9628.25	0.000267444884259594
9628.5	0.0002871272541313242
9628.75	0.0003462960796069416
9629.0	0.00046445847056672014
9629.25	0.00036595409835532956
9629.5	0.00022789033116997354
9629.75	0.0003659200375179306
9630.0	0.00032032133300142736
9630.25	0.00024058959934159015
9630.5	0.00027646820822201643
9630.75	0.00030039469532939356
9631.0	0.00023261697258460066
9631.25	0.0002824488714173654
9631.5	0.00029241186653504263
9631.75	0.00023062590649313875
9632.0	0.0002804527786307182
9632.25	0.00021268023322389907
9632.5	0.00022264964786385707
9632.75	0.0002744763952233323
9633.0	0.00025454035095895226
9633.25	0.00020670484420261408
9633.5	0.00029042174677088
9633.75	0.00022663969474064814
9634.0	0.00020869770196132558
9634.25	0.0002764719403631705
9634.5	0.00022463807702795074
9634.75	0.0002963996733288222
9635.0	0.0003362612096775235
9635.25	0.0003781285439765107
9635.5	0.0002047082044876451
9635.75	0.00020072388139815814
9636.0	0.0002645067807641378
9636.25	0.0002545428385208424
9636.5	0.00025253524994112153
9636.75	0.00027048629964908453
9637.0	0.0002983850654480832
9637.25	0.00018876698408106958
9637.5	0.00032430490870470066
9637.75	0.00024856346892154177
9638.0	0.0002924127622489196
9638.25	0.0002047036254897345
9638.5	0.0002585214391003356
9638.75	0.00019275016222149917
9639.0	0.0002226498963805504
9639.25	0.00025055632819705924
9639.5	0.0002067075325417235
9639.75	0.00023061585342209592
9640.0	0.00030038250212487334
9640.25	0.0002206519137334211
9640.5	0.0003163320828469618
9640.75	0.00027247950571435977
9641.0	0.00025653898319822217
9641.25	0.00023859703975501144
9641.5	0.0002485607823387342
9641.75	0.0002744782864409569
9642.0	0.00025055757213766824
9642.25	0.00024257862461045374
9642.5	0.0002545476659556145
9642.75	0.00028643523485045915
9643.0	0.0003601830681315506
9643.25	0.00029640664041808004
9643.5	0.0002924145544749925
9643.75	0.00030437404074047945
9644.0	0.0003143358902704441
9644.25	0.00030437523422732987
9644.5	0.00033227275608571974
9644.75	0.0002226534311772567
9645.0	0.00032230856556522653
9645.25	0.0003243009769838057
9645.5	0.0002884319247796909
9645.75	0.0003203207861529374
9646.0	0.00037414033961988735
9646.25	0.0003960656095311909
9646.5	0.0003801226457556629
9646.75	0.000368156887896399
9647.0	0.00042397691612278647
9647.25	0.0004219681332578964
9647.5	0.0004957300512804599
9647.75	0.00046382740373703354
9648.0	0.000364170376774297
9648.25	0.0003920756137468134
9648.5	0.0004159922959006813
9648.75	0.00031233945021504804
9649.0	0.0003522048192930928
9649.25	0.0003741439232737141
9649.5	0.0004877532450043691
9649.75	0.00044789101172321274
9650.0	0.0004518850382200367
9650.25	0.0004040419168579295
9650.5	0.000527614682361519
9650.75	0.00048176939571803717
9651.0	0.0005176652243385053
9651.25	0.0005575255169062614
9651.5	0.000625288407204041
9651.75	0.0005355953700644101
9652.0	0.0005774583247855638
9652.25	0.0006551837631424008
9652.5	0.0006432234801545882
9652.75	0.0006810961908141669
9653.0	0.0006651551190545823
9653.25	0.0006611678607059307
9653.5	0.0008026899842795995
9653.75	0.0006452166367240877
9654.0	0.0006671524572188125
9654.25	0.0006153267061614035
9654.5	0.0005674771655165109
9654.75	0.0007289489175500424
9655.0	0.0006771177906127337
9655.25	0.000750864729776586
9655.5	0.0007588423335733213
9655.75	0.0009023544260288688
9656.0	0.0010339160923408456
9656.25	0.0012452025221897896
9656.5	0.0013468371273257728
9656.75	0.0014983660912912297
9657.0	0.0016478470533760794
9657.25	0.0018252298172669454
9657.5	0.0018710477814439033
9657.75	0.0018770751766347337
9658.0	0.002046512789193049
9658.25	0.002010622185570196
9658.5	0.0018391995808504217
9658.75	0.0020006566517982156
9659.0	0.0017335464623800493
9659.25	0.0013568485500684104
9659.5	0.0014066509832675624
9659.75	0.0011873924739891101
9660.0	0.0010618159023410483
9660.25	0.0010638090094147721
9660.5	0.000846526238184356
9660.75	0.0006791167214232957
9661.0	0.0006751216491286296
9661.25	0.0005654986900327496
9661.5	0.0005296186385899563
9661.75	0.0004718098341702218
9662.0	0.0004439011652244814
9662.25	0.00038011856554744073
9662.5	0.0005096752282365004
9662.75	0.00039805582828690496
9663.0	0.0003243045598393137
9663.25	0.0003781133647397395
9663.5	0.00035421345367065587
9663.75	0.0003761264286716034
9664.0	0.0002904195561836443
9664.25	0.0002983952184686604
9664.5	0.00026051927222232304
9664.75	0.00025852317951550774
9665.0	0.0002664993390734062
9665.25	0.0002545406511268825
9665.5	0.00028444192899531326
9665.75	0.0003063741139454785
9666.0	0.00021866064838154601
9666.25	0.00029439178537949014
9666.5	0.0002704856522124052
9666.75	0.0001967328901100334
9667.0	0.0001947360523321295
9667.25	0.00029042174597256103
9667.5	0.0002784585270869284
9667.75	0.00026650720251519626
9668.0	0.00020071208783211113
9668.25	0.0002405903458496529
9668.5	0.0002346134650097209
9668.75	0.00018876215568831495
9669.0	0.00021466497942328669
9669.25	0.00021069036006046438
9669.5	0.00022265034503580783
9669.75	0.00021866084748229552
9670.0	0.00019474670190710198
9670.25	0.0002206591792343075
9670.5	0.00012896148965227148
9670.75	0.00019475088366149637
9671.0	0.0001508893467556719
9671.25	9.109405524238618e-05
9671.5	0.00014291423131914573
9671.75	0.00016883009343892437
9672.0	9.308332934727074e-05
9672.25	0.00014490823362775518
9672.5	0.00011899640357756515
9672.75	0.00017082573892745627
9673.0	0.00010703582289661118
9673.25	0.00015488471746196645
9673.5	0.00010704393517442204
9673.75	0.00010504888754696187
9674.0	0.0001349418052595438
9674.25	0.00010105774713285467
9674.5	0.00015687453945315566
9674.75	0.0001209933931957359
9675.0	0.0001389255304081271
9675.25	0.00012298162222126538
9675.5	7.713872470694535e-05
9675.75	0.00013295705969881133
9676.0	0.00011900113249977715
9676.25	0.00011700643309904885
9676.5	8.511403820640629e-05
9676.75	0.00015686896447250626
9677.0	7.116283881193752e-05
9677.25	8.51089123600058e-05
9677.5	0.0001708265841875748
9677.75	0.0001429195066906881
9678.0	0.0001189952102503787
9678.25	0.00014491405808308058
9678.5	0.00010504107447909852
9678.75	9.707735632308603e-05
9679.0	0.00013295292935615818
9679.25	0.0001130179306501245
9679.5	0.00011501377452091869
9679.75	0.00010504450812879228
9680.0	8.31196870324098e-05
9680.25	0.00012298012896564428
9680.5	7.115343205992737e-05
9680.75	9.10933094528105e-05
9681.0	8.71050546424286e-05
9681.25	7.515288409209074e-05
9681.5	0.00010105829493932747
9681.75	5.321925410476997e-05
9682.0	6.717065291931578e-05
9682.25	6.916958277189524e-05
9682.5	7.3710816978989e-06
9682.75	-1.2561329097550955e-05
9683.0	6.119486689401024e-05
9683.25	2.332066321830629e-05
9683.5	7.514382676429088e-05
9683.75	3.52821404114563e-05
9684.0	3.1291597139933674e-05
9684.25	3.328624616673539e-05
9684.5	1.1360330974213666e-05
9684.75	5.321621873640713e-05
9685.0	-2.850334598695634e-05
9685.25	2.5314367274950844e-05
9685.5	2.532282817865318e-05
9685.75	1.5347390301947785e-05
9686.0	3.1296125684085785e-05
9686.25	3.7273505074210435e-05
9686.5	1.3357419025112459e-05
9686.75	-2.5949992418996094e-06
9687.0	5.7206712192826354e-05
9687.25	2.9300680413949915e-05
9687.5	6.119645930084665e-05
9687.75	-5.989064552525096e-07
9688.0	4.5245832541420506e-05
9688.25	4.125882270946203e-05
9688.5	7.514561811221292e-05
9688.75	2.7307722865368022e-05
9689.0	6.517973627316392e-05
9689.25	1.1363665632355852e-05
9689.5	4.126106239331396e-05
9689.75	5.5214501551466635e-05
9690.0	1.9335295847783196e-05
9690.25	1.3919108800203032e-06
9690.5	-3.647637006729384e-05
9690.75	4.5251904156297044e-05
9691.0	1.534948077998551e-05
9691.25	4.325700581448298e-05
9691.5	-4.588255281942031e-06
9691.75	-2.0529426112909927e-05
9692.0	2.930232247622585e-05
9692.25	-2.5932575494170874e-06
9692.5	8.112329567447049e-05
9692.75	4.1261908371919544e-05
9693.0	6.11928257520845e-05
9693.25	-6.014446305648987e-07
9693.5	1.3946482359140332e-06
9693.75	-1.4550902252719238e-05
9694.0	-2.8503545087705778e-05
9694.25	-1.6544805170617665e-05
9694.5	-3.6477514776855586e-05
9694.75	-1.0566629936318373e-05
9695.0	2.531386944324531e-05
9695.25	-4.445581422873554e-05
9695.5	-5.441537545722337e-05
9695.75	-3.448371116983614e-05
9696.0	-6.57474285448463e-06
9696.25	-4.583029725502905e-06
9696.5	-5.2421024602554496e-05
9696.75	-5.8404276267310507e-05
9697.0	-1.2553814201820446e-05
9697.25	-4.843620463934474e-05
9697.5	2.531292407392878e-05
9697.75	-6.580068041130343e-06
9698.0	-3.0494959405899506e-05
9698.25	-4.5808399365861335e-06
9698.5	-1.8540052058491153e-05
9698.75	-1.4550354925237918e-05
9699.0	-1.454741798960319e-05
9699.25	-1.0560159401455828e-05
9699.5	-4.245464493179979e-05
9699.75	1.1357643433423195e-05
9700.0	-2.4520865178141324e-05
