Energy_(eV)	Live_Counts
9550.0	0.0031131526144885205
9550.25	0.002953265564717057
9550.5	0.0029023261696923784
9550.75	0.002959133547555577
9551.0	0.0029991737190501852
9551.25	0.0033468521056068986
9551.5	0.0030617029057404595
9551.75	0.003022095758384369
9552.0	0.002976311132526465
9552.25	0.002976456435635341
9552.5	0.003244624269880512
9552.75	0.0033472313010685264
9553.0	0.0031360312632148766
9553.25	0.0033927395110743895
9553.5	0.0031933943010598012
9553.75	0.002936495509031199
9554.0	0.003387290357869736
9554.25	0.0030280401795651623
9554.5	0.0034786727511451035
9554.75	0.0031875631120439605
9555.0	0.003307297747363212
9555.25	0.003284627658589625
9555.5	0.003073585106823259
9555.75	0.00340997651988314
9556.0	0.003535569761610697
9556.25	0.003706650490346873
9556.5	0.00334143316116678
9556.75	0.0035984527147872826
9557.0	0.0034101567404939137
9557.25	0.00378072690208946
9557.5	0.0034500412104754513
9557.75	0.0033587729902847204
9558.0	0.0036554393212946067
9558.25	0.003791987400148252
9558.5	0.0036667262930668823
9558.75	0.0036897757225100086
9559.0	0.0038377239787426606
9559.25	0.003769434292732054
9559.5	0.003923673231003785
9559.75	0.0042086308561043555
9560.0	0.004191496615523099
9560.25	0.00399757416846836
9560.5	0.0042142252793063405
9560.75	0.003786632629672788
9561.0	0.003997475122530174
9561.25	0.004157474513214221
9561.5	0.004248808760236376
9561.75	0.004254416382182339
9562.0	0.004487974284548176
9562.25	0.004288552679650216
9562.5	0.00445972866788165
9562.75	0.004334062768046328
9563.0	0.004357115928746473
9563.25	0.00449364793608486
9563.5	0.004602259835300245
9563.75	0.004750364728791977
9564.0	0.0051102253532306265
9564.25	0.005189977311455919
9564.5	0.005201059543519716
9564.75	0.0056173199020257795
9565.0	0.005486521899944441
9565.25	0.005868315836138128
9565.5	0.005873755551173334
9565.75	0.005663413904897284
9566.0	0.005850974075168591
9566.25	0.006239238793292963
9566.5	0.006713184016942688
9566.75	0.007003167282400165
9567.0	0.007180086654043419
9567.25	0.007642075008355981
9567.5	0.008098447306591696
9567.75	0.007967503011504305
9568.0	0.008560576305287995
9568.25	0.008806179600356697
9568.5	0.009250608354581899
9568.75	0.009969386259043969
9569.0	0.009963800134767397
9569.25	0.01058510219523618
9569.5	0.011247436618039187
9569.75	0.012404854654668805
9570.0	0.012558686738303201
9570.25	0.01310714605621426
9570.5	0.013533718934817312
9570.75	0.014555448995968686
9571.0	0.014789330425359144
9571.25	0.015308493170707947
9571.5	0.01555978812964789
9571.75	0.017527514181852097
9572.0	0.017607251061563516
9572.25	0.018696260429301337
9572.5	0.0203284778208064
9572.75	0.02039074870986715
9573.0	0.02220484993255324
9573.25	0.023704887582110083
9573.5	0.025341816394395252
9573.75	0.02805775451243293
9574.0	0.030436373609946207
9574.25	0.03284350391905677
9574.5	0.036572553363612745
9574.75	0.04029460010999205
9575.0	0.04378162794544925
9575.25	0.04921603597979095
9575.5	0.05175620612042868
9575.75	0.058734529820967434
9576.0	0.06161400715783975
9576.25	0.06590677741684603
9576.5	0.0709193581258472
9576.75	0.07519802295025038
9577.0	0.0777135528601234
9577.25	0.07983371614806294
9577.5	0.08232564987551622
9577.75	0.08601487679144051
9578.0	0.08896093805800195
9578.25	0.09188120591532609
9578.5	0.0952086420383862
9578.75	0.09936624908123813
9579.0	0.10129455274056404
9579.25	0.10636054882541733
9579.5	0.10634931597584195
9579.75	0.10506395387760067
9580.0	0.10415351271322144
9580.25	0.10027419377322862
9580.5	0.0961449470775055
9580.75	0.08937286900532578
9581.0	0.08275047983836847
9581.25	0.07640879543404355
9581.5	0.06863311111080284
9581.75	0.06466940437131623
9582.0	0.05823917535471784
9582.25	0.053805638996011054
9582.5	0.049412606073778745
9582.75	0.045806060540175504
9583.0	0.04092328761048338
9583.25	0.03863446125451529
9583.5	0.03569082783322033
9583.75	0.034365717752158
9584.0	0.03164636414050407
9584.25	0.029959470068240374
9584.5	0.02831260279868573
9584.75	0.02729117236940691
9585.0	0.0250905917422986
9585.25	0.02368759048102419
9585.5	0.022440153102624188
9585.75	0.020324892389093168
9586.0	0.019029879945397243
9586.25	0.018089068666693558
9586.5	0.016611731808243786
9586.75	0.015591114926131045
9587.0	0.014269457551230706
9587.25	0.013356711478536303
9587.5	0.013020583845825637
9587.75	0.012301768556361878
9588.0	0.011634625513154013
9588.25	0.010482829281937826
9588.5	0.01038113451342847
9588.75	0.009690792274508508
9589.0	0.009132071172007362
9589.25	0.008522863947708341
9589.5	0.008722033963513388
9589.75	0.008562147023768823
9590.0	0.007194207827321785
9590.25	0.007353584856200077
9590.5	0.0066923641539474
9590.75	0.0063436715287471905
9591.0	0.006110308384339219
9591.25	0.005426377861185736
9591.5	0.0055232830553257825
9591.75	0.005260879445449551
9592.0	0.004970340352383161
9592.25	0.004690783730784912
9592.5	0.004217146371710071
9592.75	0.0040348861550647186
9593.0	0.003755470940105523
9593.25	0.0036471986404647454
9593.5	0.0034303005175148654
9593.75	0.0036585356382601306
9594.0	0.003213709765226013
9594.25	0.0031623316998548854
9594.5	0.003111294039082757
9594.75	0.0029175241917483046
9595.0	0.0032765048752031807
9595.25	0.0032252786034932092
9595.5	0.0025639504942927926
9595.75	0.002598111384324607
9596.0	0.0026777598268983033
9596.25	0.0025181924242374063
9596.5	0.0024382848200298593
9596.75	0.0021760236032407343
9597.0	0.0021420106662759847
9597.25	0.0023186104177118022
9597.5	0.0022102561190589743
9597.75	0.002022171354331653
9598.0	0.0017770028427971124
9598.25	0.0019422845362402292
9598.5	0.0019135880414151865
9598.75	0.001674385386646685
9599.0	0.001674304320621344
9599.25	0.0016856498646439782
9599.5	0.001537464699459031
9599.75	0.0018226553356624285
9600.0	0.0017653972279528354
9600.25	0.0014063110145608212
9600.5	0.0015033018913720973
9600.75	0.001508962388658439
9601.0	0.0013664716887192509
9601.25	0.0012068241771635573
9601.5	0.0013492677776571742
9601.75	0.0014119969473758052
9602.0	0.0011782823015180205
9602.25	0.001081212233622535
9602.5	0.001132660932123617
9602.75	0.0011041068345246272
9603.0	0.0012637288877874922
9603.25	0.0011897003705124234
9603.5	0.0011040634459862715
9603.75	0.0010243999324867647
9604.0	0.001064109156866884
9604.25	0.0010927198251924344
9604.5	0.00097295781628453
9604.75	0.0009445582737114304
9605.0	0.000864715668152911
9605.25	0.0011041039986589211
9605.5	0.0010755658546153153
9605.75	0.0009898837059296344
9606.0	0.0008988426350638556
9606.25	0.0008645903133691347
9606.5	0.0008475701986195824
9606.75	0.0006309963311482671
9607.0	0.0008874886427689511
9607.25	0.000750650896547769
9607.5	0.0009217513266521187
9607.75	0.0008133593280930311
9608.0	0.0006080141226215904
9608.25	0.0009160540927984749
9608.5	0.0006821915056006312
9608.75	0.0007619700013481105
9609.0	0.0006650544905479872
9609.25	0.0005909383566806243
9609.5	0.0006764876401257364
9609.75	0.0006650827698753091
9610.0	0.0006195254847684664
9610.25	0.0006023158874886778
9610.5	0.0008646242409738588
9610.75	0.0005338913729989223
9611.0	0.00047120933514758297
9611.25	0.0005966648532054383
9611.5	0.0006993303762793388
9611.75	0.0007961657647331009
9612.0	0.0005739078614622936
9612.25	0.0005624662225677586
9612.5	0.0006650950052803268
9612.75	0.0007335054028706074
9613.0	0.0006649904152281371
9613.25	0.0005224742394056133
9613.5	0.0005966007578806974
9613.75	0.0005966309007670568
9614.0	0.000710623092214526
9614.25	0.0005966742606777248
9614.5	0.000488364239746149
9614.75	0.0003856958856353092
9615.0	0.0005168278886811705
9615.25	0.0006078840477183553
9615.5	0.00044269667147116683
9615.75	0.0005623945981609822
9616.0	0.0005853033118236068
9616.25	0.0003628616097569109
9616.5	0.0005623993296625339
9616.75	0.0006422381301528872
9617.0	0.00047125457931200266
9617.25	0.0006194566682895317
9617.5	0.0005453235678605098
9617.75	0.0004883124036253478
9618.0	0.00037425423984253545
9618.25	0.0004598619620571003
9618.5	0.0005966996924123345
9618.75	0.0005225006472409236
9619.0	0.0005110854089385476
9619.25	0.0005053560889648559
9619.5	0.0004142509376055489
9619.75	0.00045408458964623586
9620.0	0.0004824587194548789
9620.25	0.00031717143671429585
9620.5	0.0002830633251026149
9620.75	0.0005338970112738799
9621.0	0.0004655083051934819
9621.25	0.0005451737232965442
9621.5	0.00042555684745594564
9621.75	0.0003914063220269606
9622.0	0.0004027546405209824
9622.25	0.00043133327653274196
9622.5	0.00046551961519985125
9622.75	0.0003058768344558852
9623.0	0.0003342245543597479
9623.25	0.0002430685077993229
9623.5	0.00036856546667799064
9623.75	0.00040272167866959945
9624.0	0.0006080263576816953
9624.25	0.0006650092412098897
9624.5	0.00037428252882739104
9624.75	0.00023169284537907366
9625.0	0.00028304541520688965
9625.25	0.0005966450338773917
9625.5	0.00034008768049369236
9625.75	0.00033999721147992014
9626.0	0.000511026025800291
9626.25	0.00022593339114182026
9626.5	0.0004939417981354909
9626.75	0.00037426365490288334
9627.0	0.0003228592658549493
9627.25	0.0003969631432776682
9627.5	0.0005281790637356124
9627.75	0.00022600406959319872
9628.0	0.00016327773853406035
9628.25	0.00033432539039073266
9628.5	0.0003913836920117761
9628.75	0.0004027141040591923
9629.0	0.00018609313948770694
9629.25	0.00031152885415244565
9629.5	0.0004427127091850553
9629.75	0.0004312465646443821
9630.0	0.00033496325667656723
9630.25	0.00038493469299262853
9630.5	0.00034299994660170205
9630.75	0.0003125602211212838
9631.0	0.0003091071052039573
9631.25	0.0003527677100721974
9631.5	0.0002861356155046388
9631.75	0.00024132008104605734
9632.0	0.0003131351692667189
9632.25	0.00036483302799106385
9632.5	0.0002648753386332048
9632.75	0.0002935926978693761
9633.0	0.0003722885037561345
9633.25	0.00026717238709580683
9633.5	0.00030911175427156295
9633.75	0.0003206006126410132
9634.0	0.0003516266338686342
9634.25	0.0003659717225779038
9634.5	0.00029876627715195504
9634.75	0.0003108187284770117
9635.0	0.0003165729497107999
9635.25	0.0002895755092239792
9635.5	0.0003361087249883652
9635.75	0.0002884265031507429
9636.0	0.00029934608648581886
9636.25	0.00030393855715137697
9636.5	0.000340695082090357
9636.75	0.00029875708318013994
9637.0	0.0002964665701083678
9637.25	0.00031829406495955813
9637.5	0.00032977652245382423
9637.75	0.0002843996542126329
9638.0	0.00029588898097245416
9638.25	0.00028784552663498297
9638.5	0.000310823981140456
9638.75	0.0003544815145681575
9639.0	0.0003424066301726166
9639.25	0.0003630933737272608
9639.5	0.0003820452462564396
9639.75	0.0003246058324982974
9640.0	0.0003389701407338058
9640.25	0.00036826723169866137
9640.5	0.00033839451276700057
9640.75	0.00028554581855665996
9641.0	0.00029817905531627975
9641.25	0.0003332246167986854
9641.5	0.0003280536281494456
9641.75	0.0002918613463250178
9642.0	0.0002453239892033551
9642.25	0.00022866285186921777
9642.5	0.00029875448150961975
9642.75	0.0003326373166680073
9643.0	0.00028208110773572887
9643.25	0.00024992534721404204
9643.5	0.0003343613588392151
9643.75	0.00029990669422886267
9644.0	0.0003452792869420448
9644.25	0.00032229943657808115
9644.5	0.0003418292904080127
9644.75	0.0003297560405500022
9645.0	0.0002774915081168906
9645.25	0.00025452066857651885
9645.5	0.0003245983789519689
9645.75	0.00024073350867950463
9646.0	0.0002878290339822875
9646.25	0.0003113862054856123
9646.5	0.0003751384784286813
9646.75	0.0002585415101839312
9647.0	0.0003050673489724321
9647.25	0.00028438366720079356
9647.5	0.0003182812166460804
9647.75	0.00026657661282446574
9648.0	0.0002700202378008254
9648.25	0.00023671178651199227
9648.5	0.0002407268118699029
9648.75	0.00024818686909984457
9649.0	0.00024244630948181323
9649.25	0.00025909966939734137
9649.5	0.00021716802272973019
9649.75	0.00030219358193157175
9650.0	0.0002619781148233189
9650.25	0.00026025129783581257
9650.5	0.00024761500136265843
9650.75	0.00034296389123541923
9651.0	0.00029242551286912653
9651.25	0.00026311568085839626
9651.5	0.00023727243323008154
9651.75	0.00029242016500999606
9652.0	0.0003142420743577517
9652.25	0.00023670938558020181
9652.5	0.00025967680980286227
9652.75	0.00028321782218330613
9653.0	0.00036192210565984696
9653.25	0.0002952873794144309
9653.5	0.00025508395594017443
9653.75	0.0003004690423973934
9654.0	0.0003182629721858048
9654.25	0.0003222853834873093
9654.5	0.00035732071833164764
9654.75	0.0002786320200445731
9655.0	0.0002585258884338021
9655.25	0.00027058751372578335
9655.5	0.00031079567318544575
9655.75	0.0003222702308173751
9656.0	0.00034124437327370593
9656.25	0.00037110520895540695
9656.5	0.0003245797630215685
9656.75	0.0003584693905301571
9657.0	0.00036824100873613427
9657.25	0.00042682704867534854
9657.5	0.0004411796768140118
9657.75	0.0003871924321900086
9658.0	0.0005141313832518283
9658.25	0.00055319280270949
9658.5	0.0005824901806410524
9658.75	0.0006491155311460783
9659.0	0.0006135175590970311
9659.25	0.0007249442861166463
9659.5	0.0007944531512179582
9659.75	0.0008294853480537587
9660.0	0.0008748584491670933
9660.25	0.0009478337658597363
9660.5	0.000984578468598164
9660.75	0.001029966080845284
9661.0	0.0011310576349885379
9661.25	0.0011804541314370492
9661.5	0.0011793129490006182
9661.75	0.0012269702223252125
9662.0	0.0012585783758683963
9662.25	0.0012890278409712675
9662.5	0.0012982293035827693
9662.75	0.001284440660219639
9663.0	0.0012758108939241069
9663.25	0.0012522661102768627
9663.5	0.0012235476424938205
9663.75	0.0011706813936470206
9664.0	0.0012120398415623923
9664.25	0.0011218688947976685
9664.5	0.0011218608021295753
9664.75	0.00103340040906608
9665.0	0.0010150249960863167
9665.25	0.0009914692594165287
9665.5	0.0008553288926512273
9665.75	0.000803059806001284
9666.0	0.0007571124162140824
9666.25	0.0008168450047291902
9666.5	0.0007841027580689292
9666.75	0.000599136805461757
9667.0	0.0006060329927718313
9667.25	0.0005055022105496892
9667.5	0.0004606973524943022
9667.75	0.0004762124006752082
9668.0	0.0004997615560808831
9668.25	0.00043829422933139365
9668.5	0.0004664445130364252
9668.75	0.00044059338313628157
9669.0	0.0004400238394155296
9669.25	0.00040210078032507036
9669.5	0.00042910858058595446
9669.75	0.0003458176913259357
9670.0	0.0003596068323969475
9670.25	0.00031020491117394924
9670.5	0.0003607472208461672
9670.75	0.0003659172992728817
9671.0	0.00033203011960410345
9671.25	0.00039923390220974466
9671.5	0.000352136117044142
9671.75	0.0003423770032744711
9672.0	0.00034237245871517394
9672.25	0.0003705134242801037
9672.5	0.0003239813384471278
9672.75	0.00033202994783797354
9673.0	0.0003693698312543493
9673.25	0.000371082872460257
9673.5	0.0003670664115789855
9673.75	0.00034580566769682944
9674.0	0.0003475418200700319
9674.25	0.0003446662074055536
9674.5	0.00031765764109532196
9674.75	0.0003021498060571444
9675.0	0.0002740027662486056
9675.25	0.00027917955114245573
9675.5	0.0002596496597171271
9675.75	0.00020851833949608057
9676.0	0.00020737652552594617
9676.25	0.00020737687975047538
9676.5	0.00018956167441594292
9676.75	0.00010914779574836467
9677.0	0.00013614535971364906
9677.25	0.00015338838171659972
9677.5	0.000124662527989963
9677.75	0.00010397820433726387
9678.0	7.870785883694631e-05
9678.25	3.1030782395165934e-05
9678.5	2.1834525539089333e-05
9678.75	7.066376468788712e-05
9679.0	3.2751410283398244e-05
9679.25	8.052539320692747e-06
9679.5	2.1840035161904473e-05
9679.75	-9.75347273184947e-06
9680.0	0.00011188181828065494
9680.25	7.206700601819638e-05
9680.5	3.203735206035641e-05
9680.75	0.00011757342869055355
9681.0	-1.915785150257264e-05
9681.25	0.0002658999084230757
9681.5	-8.194543098356443e-05
9681.75	4.344787389933988e-05
9682.0	2.071351034334621e-05
9682.25	9.316166174221536e-06
9682.5	2.6412646144722926e-05
9682.75	0.00012342617021677762
9683.0	0.00010627032425014127
9683.25	0.00010614498743627601
9683.5	-3.625620969086782e-05
9683.75	4.918000204231167e-05
9684.0	0.0003000363152280258
9684.25	-2.067015498074268e-06
9684.5	4.349498852103511e-05
9684.75	9.285070192786872e-06
9685.0	-4.7845783544592754e-05
9685.25	3.7809973758076495e-05
9685.5	7.77444670034273e-05
9685.75	-0.00010478062750082694
9686.0	0.000151749410411877
9686.25	7.771714111609257e-05
9686.5	0.00013470760260033866
9686.75	6.619541229691477e-05
9687.0	-4.77025414223304e-05
9687.25	-2.0236743851059235e-06
9687.5	9.47985370541292e-05
9687.75	0.00010618361132704562
9688.0	-0.00015031624489670947
9688.25	9.317115026880017e-06
9688.5	3.6368233841124103e-06
9688.75	0.0001290272940223971
9689.0	2.6410762235882806e-05
9689.25	3.2108015749504895e-05
9689.5	-2.491824286547927e-05
9689.75	4.9165846271264336e-05
9690.0	-5.34469107303483e-05
9690.25	-4.207689662199248e-05
9690.5	-0.00011046185433774142
9690.75	4.3483675789862076e-05
9691.0	5.491304820281729e-05
9691.25	-8.201611157339642e-05
9691.5	5.4898904745124856e-05
9691.75	0.00010045717216108147
9692.0	7.196334546910709e-05
9692.25	-1.3550129877068273e-05
9692.5	7.201328978258529e-05
9692.75	-0.00010474670231048677
9693.0	-2.4958767600264462e-05
9693.25	0.00014608231102874216
9693.5	2.0716336654992213e-05
9693.75	4.921108871112467e-05
9694.0	2.6467305024578572e-05
9694.25	4.9162064312195626e-05
9694.5	0.00016888641153007942
9694.75	3.212874326509595e-05
9695.0	-5.3381892110921034e-05
9695.25	3.2046756635381734e-05
9695.5	0.00012893211489161207
9695.75	-0.00013331307763518604
9696.0	-0.00011619209381208791
9696.25	-0.00011044490212441917
9696.5	1.4893758640859766e-05
9696.75	-8.198973150349529e-05
9697.0	0.00012329141416913067
9697.25	-9.903342546580133e-05
9697.5	-2.4964420327030353e-05
9697.75	-2.4918238726536648e-05
9698.0	-5.9204482817811974e-05
9698.25	-2.1518474440806477e-06
9698.5	-4.7770394769253696e-05
9698.75	-8.769264329696545e-05
9699.0	2.0671105252313537e-05
9699.25	0.00022590512837027002
9699.5	6.0524540784700825e-05
9699.75	0.00012897924330978382
9700.0	-2.4973843768737368e-05
