Zn-XES Kbeta and VTC, 1m zncl2 + 10m licl in PEEK tube - 135C
Ge555, Pd target
35kV 2.5 mA
det offset = +0.15
***************************
Energy_(eV)	theta_(deg)	source_(ustep)	detect_(ustep)	ROI_counts	total_counts	real_time	live_time	cnts_per_live	ICR_(cnts/sec)	OCR_(cnts/sec)
9.55000000E+3	8.36982055E+1	-1.30004000E+5	-1.16881000E+5	8.00000000E+0	7.20000000E+1	4.04900000E+0	4.05000000E+0	1.97530864E+0	2.96369474E+0	1.77821684E+1
9.55025000E+3	8.36849558E+1	-1.31163000E+5	-1.18041000E+5	1.30000000E+1	7.50000000E+1	4.04900000E+0	4.04900000E+0	3.21066930E+0	5.68041492E+0	1.85230921E+1
9.55050000E+3	8.36717338E+1	-1.32318000E+5	-1.19198000E+5	1.00000000E+1	6.10000000E+1	4.04800000E+0	4.04900000E+0	2.46974562E+0	4.19960474E+0	1.50691700E+1
9.55075000E+3	8.36585393E+1	-1.33472000E+5	-1.20353000E+5	1.20000000E+1	6.70000000E+1	4.04900000E+0	4.05000000E+0	2.96296296E+0	5.68041492E+0	1.65472956E+1
9.55100000E+3	8.36453722E+1	-1.34623000E+5	-1.21505000E+5	9.00000000E+0	6.80000000E+1	4.05100000E+0	4.05100000E+0	2.22167366E+0	4.19649469E+0	1.67859788E+1
9.55125000E+3	8.36322322E+1	-1.35771000E+5	-1.22655000E+5	1.10000000E+1	6.00000000E+1	4.05000000E+0	4.05100000E+0	2.71537892E+0	4.93827160E+0	1.48148148E+1
9.55150000E+3	8.36191192E+1	-1.36917000E+5	-1.23802000E+5	1.20000000E+1	7.80000000E+1	4.04900000E+0	4.04900000E+0	2.96369474E+0	5.43344036E+0	1.92640158E+1
9.55175000E+3	8.36060331E+1	-1.38060000E+5	-1.24947000E+5	1.80000000E+1	7.50000000E+1	4.05000000E+0	4.05000000E+0	4.44444444E+0	6.91358025E+0	1.85185185E+1
9.55200000E+3	8.35929737E+1	-1.39201000E+5	-1.26089000E+5	1.80000000E+1	8.00000000E+1	4.04800000E+0	4.04900000E+0	4.44554211E+0	7.41106719E+0	1.97628458E+1
9.55225000E+3	8.35799407E+1	-1.40340000E+5	-1.27229000E+5	1.40000000E+1	7.20000000E+1	4.04900000E+0	4.04900000E+0	3.45764386E+0	5.43344036E+0	1.77821684E+1
9.55250000E+3	8.35669342E+1	-1.41476000E+5	-1.28366000E+5	1.00000000E+1	8.70000000E+1	4.04900000E+0	4.05000000E+0	2.46913580E+0	5.92738948E+0	2.14867869E+1
9.55275000E+3	8.35539539E+1	-1.42609000E+5	-1.29501000E+5	1.30000000E+1	7.70000000E+1	4.04900000E+0	4.05000000E+0	3.20987654E+0	5.92738948E+0	1.90170412E+1
9.55300000E+3	8.35409996E+1	-1.43741000E+5	-1.30634000E+5	1.90000000E+1	5.70000000E+1	4.05000000E+0	4.05100000E+0	4.69019995E+0	6.66666667E+0	1.40740741E+1
9.55325000E+3	8.35280712E+1	-1.44869000E+5	-1.31764000E+5	1.10000000E+1	7.40000000E+1	4.04900000E+0	4.05000000E+0	2.71604938E+0	3.70461842E+0	1.82761176E+1
9.55350000E+3	8.35151686E+1	-1.45996000E+5	-1.32892000E+5	1.40000000E+1	6.30000000E+1	4.05100000E+0	4.05100000E+0	3.45593681E+0	5.67761047E+0	1.55517156E+1
9.55375000E+3	8.35022916E+1	-1.47120000E+5	-1.34018000E+5	8.00000000E+0	5.90000000E+1	4.04900000E+0	4.05000000E+0	1.97530864E+0	3.95159299E+0	1.45714991E+1
9.55400000E+3	8.34894401E+1	-1.48242000E+5	-1.35141000E+5	1.40000000E+1	6.80000000E+1	4.04900000E+0	4.05000000E+0	3.45679012E+0	4.93949123E+0	1.67942702E+1
9.55425000E+3	8.34766138E+1	-1.49361000E+5	-1.36262000E+5	1.80000000E+1	7.70000000E+1	4.05000000E+0	4.05100000E+0	4.44334732E+0	7.65432099E+0	1.90123457E+1
9.55450000E+3	8.34638128E+1	-1.50479000E+5	-1.37380000E+5	1.30000000E+1	7.00000000E+1	4.04900000E+0	4.05000000E+0	3.20987654E+0	5.68041492E+0	1.72882193E+1
9.55475000E+3	8.34510367E+1	-1.51594000E+5	-1.38497000E+5	2.30000000E+1	8.60000000E+1	4.04900000E+0	4.05000000E+0	5.67901235E+0	7.40923685E+0	2.12398123E+1
9.55500000E+3	8.34382855E+1	-1.52706000E+5	-1.39611000E+5	1.80000000E+1	9.10000000E+1	4.05000000E+0	4.05000000E+0	4.44444444E+0	7.40740741E+0	2.24691358E+1
9.55525000E+3	8.34255591E+1	-1.53816000E+5	-1.40722000E+5	1.50000000E+1	6.90000000E+1	4.05000000E+0	4.05100000E+0	3.70278943E+0	6.17283951E+0	1.70370370E+1
9.55550000E+3	8.34128572E+1	-1.54924000E+5	-1.41832000E+5	1.00000000E+1	8.60000000E+1	4.05000000E+0	4.05000000E+0	2.46913580E+0	4.93827160E+0	2.12345679E+1
9.55575000E+3	8.34001798E+1	-1.56030000E+5	-1.42939000E+5	1.40000000E+1	6.90000000E+1	4.05000000E+0	4.05000000E+0	3.45679012E+0	5.18518519E+0	1.70370370E+1
9.55600000E+3	8.33875267E+1	-1.57134000E+5	-1.44044000E+5	2.20000000E+1	8.10000000E+1	4.05000000E+0	4.05000000E+0	5.43209877E+0	7.90123457E+0	2.00000000E+1
9.55625000E+3	8.33748978E+1	-1.58235000E+5	-1.45147000E+5	1.50000000E+1	7.10000000E+1	4.04900000E+0	4.04900000E+0	3.70461842E+0	4.19856755E+0	1.75351939E+1
9.55650000E+3	8.33622930E+1	-1.59334000E+5	-1.46247000E+5	2.40000000E+1	9.00000000E+1	4.05000000E+0	4.05000000E+0	5.92592593E+0	7.65432099E+0	2.22222222E+1
9.55675000E+3	8.33497120E+1	-1.60431000E+5	-1.47345000E+5	2.10000000E+1	7.10000000E+1	4.05000000E+0	4.05000000E+0	5.18518519E+0	6.66666667E+0	1.75308642E+1
9.55700000E+3	8.33371549E+1	-1.61526000E+5	-1.48441000E+5	1.60000000E+1	5.90000000E+1	4.04900000E+0	4.05000000E+0	3.95061728E+0	6.42133860E+0	1.45714991E+1
9.55725000E+3	8.33246214E+1	-1.62618000E+5	-1.49535000E+5	1.60000000E+1	7.40000000E+1	4.04900000E+0	4.05000000E+0	3.95061728E+0	6.42133860E+0	1.82761176E+1
9.55750000E+3	8.33121114E+1	-1.63709000E+5	-1.50627000E+5	1.90000000E+1	7.30000000E+1	4.04900000E+0	4.05000000E+0	4.69135802E+0	7.16226229E+0	1.80291430E+1
9.55775000E+3	8.32996248E+1	-1.64797000E+5	-1.51717000E+5	2.10000000E+1	7.90000000E+1	4.04900000E+0	4.04900000E+0	5.18646579E+0	7.16226229E+0	1.95109904E+1
9.55800000E+3	8.32871614E+1	-1.65883000E+5	-1.52804000E+5	1.90000000E+1	9.30000000E+1	4.05000000E+0	4.05100000E+0	4.69019995E+0	7.40740741E+0	2.29629630E+1
9.55825000E+3	8.32747212E+1	-1.66967000E+5	-1.53889000E+5	2.10000000E+1	7.70000000E+1	4.05000000E+0	4.05000000E+0	5.18518519E+0	8.14814815E+0	1.90123457E+1
9.55850000E+3	8.32623040E+1	-1.68049000E+5	-1.54973000E+5	1.70000000E+1	6.10000000E+1	4.04900000E+0	4.05000000E+0	4.19753086E+0	6.17436404E+0	1.50654483E+1
9.55875000E+3	8.32499097E+1	-1.69129000E+5	-1.56054000E+5	2.00000000E+1	8.20000000E+1	4.05000000E+0	4.05000000E+0	4.93827160E+0	7.90123457E+0	2.02469136E+1
9.55900000E+3	8.32375382E+1	-1.70206000E+5	-1.57133000E+5	2.10000000E+1	7.10000000E+1	4.04900000E+0	4.05000000E+0	5.18518519E+0	7.40923685E+0	1.75351939E+1
9.55925000E+3	8.32251893E+1	-1.71282000E+5	-1.58210000E+5	1.70000000E+1	6.10000000E+1	4.05000000E+0	4.05000000E+0	4.19753086E+0	6.17283951E+0	1.50617284E+1
9.55950000E+3	8.32128629E+1	-1.72355000E+5	-1.59285000E+5	2.30000000E+1	7.90000000E+1	4.05000000E+0	4.05000000E+0	5.67901235E+0	9.62962963E+0	1.95061728E+1
9.55975000E+3	8.32005589E+1	-1.73427000E+5	-1.60357000E+5	2.10000000E+1	6.90000000E+1	4.04900000E+0	4.05000000E+0	5.18518519E+0	7.40923685E+0	1.70412448E+1
9.56000000E+3	8.31882772E+1	-1.74496000E+5	-1.61428000E+5	2.40000000E+1	7.70000000E+1	4.05000000E+0	4.05000000E+0	5.92592593E+0	7.40740741E+0	1.90123457E+1
9.56025000E+3	8.31760176E+1	-1.75563000E+5	-1.62497000E+5	3.60000000E+1	8.40000000E+1	4.04900000E+0	4.04900000E+0	8.89108422E+0	9.63200790E+0	2.07458632E+1
9.56050000E+3	8.31637801E+1	-1.76629000E+5	-1.63563000E+5	2.70000000E+1	8.00000000E+1	4.05000000E+0	4.05000000E+0	6.66666667E+0	7.65432099E+0	1.97530864E+1
9.56075000E+3	8.31515646E+1	-1.77692000E+5	-1.64628000E+5	2.90000000E+1	7.60000000E+1	4.05000000E+0	4.05100000E+0	7.15872624E+0	9.62962963E+0	1.87654321E+1
9.56100000E+3	8.31393708E+1	-1.78753000E+5	-1.65691000E+5	3.00000000E+1	7.60000000E+1	4.04900000E+0	4.05000000E+0	7.40740741E+0	9.38503334E+0	1.87700667E+1
9.56125000E+3	8.31271988E+1	-1.79812000E+5	-1.66751000E+5	4.80000000E+1	1.04000000E+2	4.05000000E+0	4.05100000E+0	1.18489262E+1	1.38271605E+1	2.56790123E+1
9.56150000E+3	8.31150483E+1	-1.80870000E+5	-1.67810000E+5	3.40000000E+1	9.90000000E+1	4.05100000E+0	4.05100000E+0	8.39298939E+0	1.03678104E+1	2.44384103E+1
9.56175000E+3	8.31029193E+1	-1.81925000E+5	-1.68866000E+5	3.00000000E+1	7.60000000E+1	4.05000000E+0	4.05000000E+0	7.40740741E+0	1.03703704E+1	1.87654321E+1
9.56200000E+3	8.30908117E+1	-1.82978000E+5	-1.69921000E+5	3.90000000E+1	9.80000000E+1	4.05000000E+0	4.05000000E+0	9.62962963E+0	1.18518519E+1	2.41975309E+1
9.56225000E+3	8.30787254E+1	-1.84030000E+5	-1.70974000E+5	4.10000000E+1	9.00000000E+1	4.04900000E+0	4.05000000E+0	1.01234568E+1	1.23487281E+1	2.22277105E+1
9.56250000E+3	8.30666602E+1	-1.85079000E+5	-1.72025000E+5	2.70000000E+1	9.90000000E+1	4.05000000E+0	4.05000000E+0	6.66666667E+0	1.03703704E+1	2.44444444E+1
9.56275000E+3	8.30546160E+1	-1.86126000E+5	-1.73073000E+5	4.50000000E+1	1.08000000E+2	4.04900000E+0	4.05000000E+0	1.11111111E+1	1.40775500E+1	2.66732527E+1
9.56300000E+3	8.30425928E+1	-1.87172000E+5	-1.74120000E+5	4.30000000E+1	9.50000000E+1	4.05000000E+0	4.05000000E+0	1.06172840E+1	1.28395062E+1	2.34567901E+1
9.56325000E+3	8.30305903E+1	-1.88215000E+5	-1.75165000E+5	5.90000000E+1	1.20000000E+2	4.04900000E+0	4.05000000E+0	1.45679012E+1	1.67942702E+1	2.96369474E+1
9.56350000E+3	8.30186087E+1	-1.89257000E+5	-1.76208000E+5	5.90000000E+1	1.22000000E+2	4.05000000E+0	4.05000000E+0	1.45679012E+1	1.77777778E+1	3.01234568E+1
9.56375000E+3	8.30066476E+1	-1.90297000E+5	-1.77249000E+5	6.60000000E+1	1.36000000E+2	4.04900000E+0	4.05000000E+0	1.62962963E+1	2.00049395E+1	3.35885404E+1
9.56400000E+3	8.29947071E+1	-1.91335000E+5	-1.78289000E+5	6.00000000E+1	1.19000000E+2	4.04900000E+0	4.05000000E+0	1.48148148E+1	1.70412448E+1	2.93899728E+1
9.56425000E+3	8.29827869E+1	-1.92371000E+5	-1.79326000E+5	6.80000000E+1	1.28000000E+2	4.04800000E+0	4.04900000E+0	1.67942702E+1	1.92687747E+1	3.16205534E+1
9.56450000E+3	8.29708871E+1	-1.93405000E+5	-1.80362000E+5	7.40000000E+1	1.21000000E+2	4.04900000E+0	4.04900000E+0	1.82761176E+1	2.00049395E+1	2.98839220E+1
9.56475000E+3	8.29590075E+1	-1.94437000E+5	-1.81395000E+5	6.60000000E+1	1.38000000E+2	4.05000000E+0	4.05000000E+0	1.62962963E+1	1.77777778E+1	3.40740741E+1
9.56500000E+3	8.29471480E+1	-1.95468000E+5	-1.82427000E+5	8.00000000E+1	1.31000000E+2	4.05000000E+0	4.05000000E+0	1.97530864E+1	2.22222222E+1	3.23456790E+1
9.56525000E+3	8.29353085E+1	-1.96496000E+5	-1.83457000E+5	9.00000000E+1	1.57000000E+2	4.05000000E+0	4.05100000E+0	2.22167366E+1	2.37037037E+1	3.87654321E+1
9.56550000E+3	8.29234889E+1	-1.97523000E+5	-1.84485000E+5	1.03000000E+2	1.71000000E+2	4.05000000E+0	4.05000000E+0	2.54320988E+1	2.93827160E+1	4.22222222E+1
9.56575000E+3	8.29116891E+1	-1.98548000E+5	-1.85511000E+5	9.40000000E+1	1.52000000E+2	4.05000000E+0	4.05000000E+0	2.32098765E+1	2.54320988E+1	3.75308642E+1
9.56600000E+3	8.28999091E+1	-1.99571000E+5	-1.86536000E+5	9.20000000E+1	1.47000000E+2	4.04900000E+0	4.04900000E+0	2.27216597E+1	2.56853544E+1	3.63052606E+1
9.56625000E+3	8.28881486E+1	-2.00592000E+5	-1.87558000E+5	9.10000000E+1	1.45000000E+2	4.05000000E+0	4.05000000E+0	2.24691358E+1	2.46913580E+1	3.58024691E+1
9.56650000E+3	8.28764077E+1	-2.01611000E+5	-1.88579000E+5	1.07000000E+2	1.58000000E+2	4.04900000E+0	4.04900000E+0	2.64262781E+1	2.96369474E+1	3.90219807E+1
9.56675000E+3	8.28646863E+1	-2.02629000E+5	-1.89598000E+5	9.30000000E+1	1.37000000E+2	4.05000000E+0	4.05000000E+0	2.29629630E+1	2.51851852E+1	3.38271605E+1
9.56700000E+3	8.28529841E+1	-2.03645000E+5	-1.90615000E+5	1.03000000E+2	1.56000000E+2	4.04800000E+0	4.04900000E+0	2.54383798E+1	2.79150198E+1	3.85375494E+1
9.56725000E+3	8.28413012E+1	-2.04659000E+5	-1.91631000E+5	1.20000000E+2	1.64000000E+2	4.04900000E+0	4.04900000E+0	2.96369474E+1	3.26006421E+1	4.05038281E+1
9.56750000E+3	8.28296375E+1	-2.05671000E+5	-1.92644000E+5	1.32000000E+2	1.70000000E+2	4.04900000E+0	4.04900000E+0	3.26006421E+1	3.38355149E+1	4.19856755E+1
9.56775000E+3	8.28179928E+1	-2.06682000E+5	-1.93656000E+5	1.34000000E+2	1.84000000E+2	4.05000000E+0	4.05000000E+0	3.30864198E+1	3.55555556E+1	4.54320988E+1
9.56800000E+3	8.28063671E+1	-2.07691000E+5	-1.94667000E+5	1.32000000E+2	1.93000000E+2	4.04900000E+0	4.05000000E+0	3.25925926E+1	3.50703878E+1	4.76660904E+1
9.56825000E+3	8.27947603E+1	-2.08698000E+5	-1.95675000E+5	1.33000000E+2	1.97000000E+2	4.05000000E+0	4.05000000E+0	3.28395062E+1	3.67901235E+1	4.86419753E+1
9.56850000E+3	8.27831723E+1	-2.09703000E+5	-1.96682000E+5	1.82000000E+2	2.39000000E+2	4.04900000E+0	4.04900000E+0	4.49493702E+1	4.81600395E+1	5.90269202E+1
9.56875000E+3	8.27716029E+1	-2.10707000E+5	-1.97687000E+5	2.04000000E+2	2.58000000E+2	4.04900000E+0	4.04900000E+0	5.03828106E+1	5.33465053E+1	6.37194369E+1
9.56900000E+3	8.27600522E+1	-2.11709000E+5	-1.98690000E+5	2.01000000E+2	2.60000000E+2	4.05000000E+0	4.05000000E+0	4.96296296E+1	5.08641975E+1	6.41975309E+1
9.56925000E+3	8.27485201E+1	-2.12709000E+5	-1.99691000E+5	2.34000000E+2	2.97000000E+2	4.05000000E+0	4.05000000E+0	5.77777778E+1	5.97530864E+1	7.33333333E+1
9.56950000E+3	8.27370063E+1	-2.13707000E+5	-2.00691000E+5	2.40000000E+2	2.97000000E+2	4.05000000E+0	4.05000000E+0	5.92592593E+1	6.04938272E+1	7.33333333E+1
9.56975000E+3	8.27255109E+1	-2.14704000E+5	-2.01689000E+5	2.71000000E+2	3.36000000E+2	4.04900000E+0	4.04900000E+0	6.69301062E+1	6.89059027E+1	8.29834527E+1
9.57000000E+3	8.27140338E+1	-2.15699000E+5	-2.02686000E+5	3.22000000E+2	3.67000000E+2	4.04900000E+0	4.04900000E+0	7.95258088E+1	8.10076562E+1	9.06396641E+1
9.57025000E+3	8.27025749E+1	-2.16692000E+5	-2.03680000E+5	3.38000000E+2	4.00000000E+2	4.04800000E+0	4.04800000E+0	8.34980237E+1	8.69565217E+1	9.88142292E+1
9.57050000E+3	8.26911341E+1	-2.17684000E+5	-2.04674000E+5	3.53000000E+2	4.19000000E+2	4.04900000E+0	4.04900000E+0	8.71820203E+1	9.18745369E+1	1.03482341E+2
9.57075000E+3	8.26797112E+1	-2.18674000E+5	-2.05665000E+5	4.40000000E+2	5.09000000E+2	4.05000000E+0	4.05000000E+0	1.08641975E+2	1.11358025E+2	1.25679012E+2
9.57100000E+3	8.26683064E+1	-2.19662000E+5	-2.06655000E+5	4.15000000E+2	4.88000000E+2	4.05000000E+0	4.05000000E+0	1.02469136E+2	1.06913580E+2	1.20493827E+2
9.57125000E+3	8.26569194E+1	-2.20649000E+5	-2.07643000E+5	4.48000000E+2	5.01000000E+2	4.05000000E+0	4.05000000E+0	1.10617284E+2	1.13333333E+2	1.23703704E+2
9.57150000E+3	8.26455501E+1	-2.21634000E+5	-2.08629000E+5	4.49000000E+2	5.09000000E+2	4.05000000E+0	4.05000000E+0	1.10864198E+2	1.12345679E+2	1.25679012E+2
9.57175000E+3	8.26341986E+1	-2.22618000E+5	-2.09614000E+5	4.61000000E+2	5.17000000E+2	4.05000000E+0	4.05000000E+0	1.13827160E+2	1.15555556E+2	1.27654321E+2
9.57200000E+3	8.26228646E+1	-2.23599000E+5	-2.10597000E+5	4.80000000E+2	5.29000000E+2	4.05000000E+0	4.05000000E+0	1.18518519E+2	1.20987654E+2	1.30617284E+2
9.57225000E+3	8.26115482E+1	-2.24580000E+5	-2.11579000E+5	5.22000000E+2	5.71000000E+2	4.05000000E+0	4.05000000E+0	1.28888889E+2	1.31851852E+2	1.40987654E+2
9.57250000E+3	8.26002493E+1	-2.25558000E+5	-2.12559000E+5	4.87000000E+2	5.38000000E+2	4.05000000E+0	4.05000000E+0	1.20246914E+2	1.22469136E+2	1.32839506E+2
9.57275000E+3	8.25889677E+1	-2.26535000E+5	-2.13537000E+5	5.32000000E+2	5.96000000E+2	4.05000000E+0	4.05000000E+0	1.31358025E+2	1.35308642E+2	1.47160494E+2
9.57300000E+3	8.25777034E+1	-2.27511000E+5	-2.14514000E+5	5.20000000E+2	5.82000000E+2	4.05000000E+0	4.05000000E+0	1.28395062E+2	1.32839506E+2	1.43703704E+2
9.57325000E+3	8.25664564E+1	-2.28484000E+5	-2.15489000E+5	5.47000000E+2	6.16000000E+2	4.05000000E+0	4.05000000E+0	1.35061728E+2	1.37283951E+2	1.52098765E+2
9.57350000E+3	8.25552265E+1	-2.29456000E+5	-2.16462000E+5	6.45000000E+2	7.10000000E+2	4.05100000E+0	4.05100000E+0	1.59219946E+2	1.62429030E+2	1.75265367E+2
9.57375000E+3	8.25440136E+1	-2.30427000E+5	-2.17434000E+5	6.21000000E+2	6.82000000E+2	4.04900000E+0	4.04900000E+0	1.53371203E+2	1.56087923E+2	1.68436651E+2
9.57400000E+3	8.25328178E+1	-2.31396000E+5	-2.18405000E+5	6.15000000E+2	6.70000000E+2	4.05000000E+0	4.05000000E+0	1.51851852E+2	1.53580247E+2	1.65432099E+2
9.57425000E+3	8.25216388E+1	-2.32364000E+5	-2.19374000E+5	5.70000000E+2	6.08000000E+2	4.04900000E+0	4.04900000E+0	1.40775500E+2	1.43739195E+2	1.50160533E+2
9.57450000E+3	8.25104768E+1	-2.33329000E+5	-2.20341000E+5	5.91000000E+2	6.36000000E+2	4.05000000E+0	4.05000000E+0	1.45925926E+2	1.47901235E+2	1.57037037E+2
9.57475000E+3	8.24993314E+1	-2.34294000E+5	-2.21307000E+5	5.72000000E+2	6.32000000E+2	4.05100000E+0	4.05100000E+0	1.41199704E+2	1.44902493E+2	1.56010862E+2
9.57500000E+3	8.24882028E+1	-2.35257000E+5	-2.22271000E+5	5.11000000E+2	5.72000000E+2	4.05000000E+0	4.05000000E+0	1.26172840E+2	1.27654321E+2	1.41234568E+2
9.57525000E+3	8.24770908E+1	-2.36218000E+5	-2.23233000E+5	4.21000000E+2	4.75000000E+2	4.05100000E+0	4.05100000E+0	1.03924957E+2	1.05159220E+2	1.17254999E+2
9.57550000E+3	8.24659954E+1	-2.37178000E+5	-2.24194000E+5	4.54000000E+2	5.15000000E+2	4.04900000E+0	4.04900000E+0	1.12126451E+2	1.14349222E+2	1.27191899E+2
9.57575000E+3	8.24549164E+1	-2.38136000E+5	-2.25154000E+5	3.32000000E+2	3.97000000E+2	4.05000000E+0	4.05000000E+0	8.19753086E+1	8.54320988E+1	9.80246914E+1
9.57600000E+3	8.24438539E+1	-2.39092000E+5	-2.26112000E+5	3.64000000E+2	4.14000000E+2	4.05100000E+0	4.05100000E+0	8.98543569E+1	9.23228832E+1	1.02196988E+2
9.57625000E+3	8.24328077E+1	-2.40048000E+5	-2.27069000E+5	3.17000000E+2	3.70000000E+2	4.05000000E+0	4.05000000E+0	7.82716049E+1	8.09876543E+1	9.13580247E+1
9.57650000E+3	8.24217777E+1	-2.41001000E+5	-2.28024000E+5	2.85000000E+2	3.42000000E+2	4.05100000E+0	4.05100000E+0	7.03529993E+1	7.20809677E+1	8.44235991E+1
9.57675000E+3	8.24107640E+1	-2.41953000E+5	-2.28977000E+5	2.75000000E+2	3.24000000E+2	4.05000000E+0	4.05000000E+0	6.79012346E+1	7.01234568E+1	8.00000000E+1
9.57700000E+3	8.23997663E+1	-2.42904000E+5	-2.29929000E+5	2.47000000E+2	2.98000000E+2	4.05000000E+0	4.05000000E+0	6.09876543E+1	6.41975309E+1	7.35802469E+1
9.57725000E+3	8.23887848E+1	-2.43853000E+5	-2.30880000E+5	2.42000000E+2	3.03000000E+2	4.05000000E+0	4.05100000E+0	5.97383362E+1	6.24691358E+1	7.48148148E+1
9.57750000E+3	8.23778192E+1	-2.44801000E+5	-2.31829000E+5	2.10000000E+2	2.61000000E+2	4.04900000E+0	4.04900000E+0	5.18646579E+1	5.53223018E+1	6.44603606E+1
9.57775000E+3	8.23668696E+1	-2.45747000E+5	-2.32776000E+5	2.15000000E+2	2.67000000E+2	4.05100000E+0	4.05100000E+0	5.30733152E+1	5.52949889E+1	6.59096519E+1
9.57800000E+3	8.23559358E+1	-2.46692000E+5	-2.33722000E+5	2.00000000E+2	2.56000000E+2	4.05000000E+0	4.05000000E+0	4.93827160E+1	5.25925926E+1	6.32098765E+1
9.57825000E+3	8.23450178E+1	-2.47635000E+5	-2.34667000E+5	1.78000000E+2	2.36000000E+2	4.05000000E+0	4.05000000E+0	4.39506173E+1	4.61728395E+1	5.82716049E+1
9.57850000E+3	8.23341156E+1	-2.48577000E+5	-2.35610000E+5	1.59000000E+2	2.03000000E+2	4.05000000E+0	4.05000000E+0	3.92592593E+1	4.07407407E+1	5.01234568E+1
9.57875000E+3	8.23232290E+1	-2.49517000E+5	-2.36552000E+5	1.65000000E+2	2.17000000E+2	4.05000000E+0	4.05100000E+0	4.07306838E+1	4.24691358E+1	5.35802469E+1
9.57900000E+3	8.23123580E+1	-2.50456000E+5	-2.37492000E+5	1.67000000E+2	2.21000000E+2	4.04900000E+0	4.05000000E+0	4.12345679E+1	4.39614720E+1	5.45813781E+1
9.57925000E+3	8.23015025E+1	-2.51394000E+5	-2.38431000E+5	1.42000000E+2	2.01000000E+2	4.04900000E+0	4.04900000E+0	3.50703878E+1	3.77871079E+1	4.96418869E+1
9.57950000E+3	8.22906625E+1	-2.52330000E+5	-2.39368000E+5	1.62000000E+2	2.30000000E+2	4.05000000E+0	4.05000000E+0	4.00000000E+1	4.34567901E+1	5.67901235E+1
9.57975000E+3	8.22798379E+1	-2.53264000E+5	-2.40304000E+5	1.20000000E+2	1.67000000E+2	4.04900000E+0	4.05000000E+0	2.96296296E+1	3.18597184E+1	4.12447518E+1
9.58000000E+3	8.22690286E+1	-2.54197000E+5	-2.41239000E+5	1.07000000E+2	1.67000000E+2	4.05000000E+0	4.05100000E+0	2.64132313E+1	2.91358025E+1	4.12345679E+1
9.58025000E+3	8.22582346E+1	-2.55129000E+5	-2.42172000E+5	1.24000000E+2	1.79000000E+2	4.04900000E+0	4.05000000E+0	3.06172840E+1	3.26006421E+1	4.42084465E+1
9.58050000E+3	8.22474558E+1	-2.56059000E+5	-2.43104000E+5	1.00000000E+2	1.58000000E+2	4.05000000E+0	4.05100000E+0	2.46852629E+1	2.61728395E+1	3.90123457E+1
9.58075000E+3	8.22366922E+1	-2.56988000E+5	-2.44034000E+5	8.00000000E+1	1.45000000E+2	4.04800000E+0	4.04900000E+0	1.97579649E+1	2.17391304E+1	3.58201581E+1
9.58100000E+3	8.22259437E+1	-2.57916000E+5	-2.44963000E+5	9.90000000E+1	1.54000000E+2	4.04900000E+0	4.04900000E+0	2.44504816E+1	2.66732527E+1	3.80340825E+1
9.58125000E+3	8.22152101E+1	-2.58842000E+5	-2.45890000E+5	6.80000000E+1	1.30000000E+2	4.05000000E+0	4.05000000E+0	1.67901235E+1	2.02469136E+1	3.20987654E+1
9.58150000E+3	8.22044916E+1	-2.59767000E+5	-2.46817000E+5	8.10000000E+1	1.29000000E+2	4.04900000E+0	4.05000000E+0	2.00000000E+1	2.17337614E+1	3.18597184E+1
9.58175000E+3	8.21937880E+1	-2.60690000E+5	-2.47741000E+5	6.70000000E+1	1.21000000E+2	4.04800000E+0	4.04900000E+0	1.65472956E+1	1.72924901E+1	2.98913043E+1
9.58200000E+3	8.21830992E+1	-2.61612000E+5	-2.48665000E+5	7.30000000E+1	1.29000000E+2	4.04900000E+0	4.05000000E+0	1.80246914E+1	2.07458632E+1	3.18597184E+1
9.58225000E+3	8.21724251E+1	-2.62533000E+5	-2.49587000E+5	7.30000000E+1	1.29000000E+2	4.05000000E+0	4.05000000E+0	1.80246914E+1	2.07407407E+1	3.18518519E+1
9.58250000E+3	8.21617659E+1	-2.63452000E+5	-2.50507000E+5	5.60000000E+1	1.09000000E+2	4.04900000E+0	4.04900000E+0	1.38305755E+1	1.53124228E+1	2.69202272E+1
9.58275000E+3	8.21511212E+1	-2.64370000E+5	-2.51426000E+5	5.60000000E+1	1.17000000E+2	4.05000000E+0	4.05000000E+0	1.38271605E+1	1.67901235E+1	2.88888889E+1
9.58300000E+3	8.21404912E+1	-2.65287000E+5	-2.52344000E+5	7.40000000E+1	1.33000000E+2	4.04800000E+0	4.04900000E+0	1.82761176E+1	2.07509881E+1	3.28557312E+1
9.58325000E+3	8.21298758E+1	-2.66202000E+5	-2.53261000E+5	5.90000000E+1	1.06000000E+2	4.04900000E+0	4.05000000E+0	1.45679012E+1	1.58063719E+1	2.61793035E+1
9.58350000E+3	8.21192748E+1	-2.67116000E+5	-2.54176000E+5	4.00000000E+1	9.00000000E+1	4.04900000E+0	4.05000000E+0	9.87654321E+0	1.23487281E+1	2.22277105E+1
9.58375000E+3	8.21086883E+1	-2.68028000E+5	-2.55090000E+5	4.50000000E+1	9.80000000E+1	4.05000000E+0	4.05000000E+0	1.11111111E+1	1.30864198E+1	2.41975309E+1
9.58400000E+3	8.20981161E+1	-2.68939000E+5	-2.56003000E+5	4.60000000E+1	9.60000000E+1	4.04900000E+0	4.04900000E+0	1.13608298E+1	1.30896518E+1	2.37095579E+1
9.58425000E+3	8.20875583E+1	-2.69849000E+5	-2.56914000E+5	4.20000000E+1	9.00000000E+1	4.05000000E+0	4.05100000E+0	1.03678104E+1	1.30864198E+1	2.22222222E+1
9.58450000E+3	8.20770147E+1	-2.70757000E+5	-2.57824000E+5	3.30000000E+1	8.90000000E+1	4.05000000E+0	4.05100000E+0	8.14613676E+0	1.08641975E+1	2.19753086E+1
9.58475000E+3	8.20664854E+1	-2.71665000E+5	-2.58732000E+5	3.80000000E+1	9.40000000E+1	4.04800000E+0	4.04900000E+0	9.38503334E+0	1.11166008E+1	2.32213439E+1
9.58500000E+3	8.20559702E+1	-2.72571000E+5	-2.59639000E+5	3.70000000E+1	8.60000000E+1	4.05000000E+0	4.05000000E+0	9.13580247E+0	1.11111111E+1	2.12345679E+1
9.58525000E+3	8.20454691E+1	-2.73475000E+5	-2.60545000E+5	3.00000000E+1	8.10000000E+1	4.05000000E+0	4.05100000E+0	7.40557887E+0	1.03703704E+1	2.00000000E+1
9.58550000E+3	8.20349820E+1	-2.74378000E+5	-2.61450000E+5	2.30000000E+1	8.40000000E+1	4.04900000E+0	4.05000000E+0	5.67901235E+0	7.90318597E+0	2.07458632E+1
9.58575000E+3	8.20245090E+1	-2.75280000E+5	-2.62353000E+5	3.90000000E+1	1.09000000E+2	4.05000000E+0	4.05000000E+0	9.62962963E+0	1.11111111E+1	2.69135802E+1
9.58600000E+3	8.20140498E+1	-2.76181000E+5	-2.63255000E+5	2.90000000E+1	7.90000000E+1	4.05000000E+0	4.05000000E+0	7.16049383E+0	8.64197531E+0	1.95061728E+1
9.58625000E+3	8.20036046E+1	-2.77080000E+5	-2.64156000E+5	3.00000000E+1	9.30000000E+1	4.05000000E+0	4.05000000E+0	7.40740741E+0	1.11111111E+1	2.29629630E+1
9.58650000E+3	8.19931732E+1	-2.77978000E+5	-2.65055000E+5	2.70000000E+1	9.90000000E+1	4.04900000E+0	4.05000000E+0	6.66666667E+0	9.63200790E+0	2.44504816E+1
9.58675000E+3	8.19827555E+1	-2.78875000E+5	-2.65953000E+5	4.10000000E+1	8.80000000E+1	4.04900000E+0	4.05000000E+0	1.01234568E+1	1.08668807E+1	2.17337614E+1
9.58700000E+3	8.19723516E+1	-2.79771000E+5	-2.66850000E+5	2.40000000E+1	8.00000000E+1	4.05100000E+0	4.05100000E+0	5.92446310E+0	7.89928413E+0	1.97482103E+1
9.58725000E+3	8.19619614E+1	-2.80665000E+5	-2.67746000E+5	2.10000000E+1	7.60000000E+1	4.05000000E+0	4.05000000E+0	5.18518519E+0	7.65432099E+0	1.87654321E+1
9.58750000E+3	8.19515847E+1	-2.81558000E+5	-2.68640000E+5	2.70000000E+1	8.70000000E+1	4.05000000E+0	4.05100000E+0	6.66502098E+0	9.62962963E+0	2.14814815E+1
9.58775000E+3	8.19412217E+1	-2.82450000E+5	-2.69533000E+5	2.20000000E+1	7.50000000E+1	4.04900000E+0	4.04900000E+0	5.43344036E+0	7.16226229E+0	1.85230921E+1
9.58800000E+3	8.19308721E+1	-2.83340000E+5	-2.70425000E+5	2.00000000E+1	7.40000000E+1	4.04900000E+0	4.04900000E+0	4.93949123E+0	7.90318597E+0	1.82761176E+1
9.58825000E+3	8.19205361E+1	-2.84229000E+5	-2.71316000E+5	1.50000000E+1	7.20000000E+1	4.05000000E+0	4.05000000E+0	3.70370370E+0	5.43209877E+0	1.77777778E+1
9.58850000E+3	8.19102134E+1	-2.85117000E+5	-2.72205000E+5	2.30000000E+1	7.50000000E+1	4.04900000E+0	4.05000000E+0	5.67901235E+0	7.65621141E+0	1.85230921E+1
9.58875000E+3	8.18999041E+1	-2.86004000E+5	-2.73093000E+5	1.40000000E+1	5.80000000E+1	4.05000000E+0	4.05000000E+0	3.45679012E+0	5.43209877E+0	1.43209877E+1
9.58900000E+3	8.18896081E+1	-2.86889000E+5	-2.73980000E+5	2.20000000E+1	7.20000000E+1	4.05000000E+0	4.05000000E+0	5.43209877E+0	6.41975309E+0	1.77777778E+1
9.58925000E+3	8.18793254E+1	-2.87774000E+5	-2.74865000E+5	1.30000000E+1	6.90000000E+1	4.04900000E+0	4.05000000E+0	3.20987654E+0	5.43344036E+0	1.70412448E+1
9.58950000E+3	8.18690559E+1	-2.88657000E+5	-2.75750000E+5	1.00000000E+1	7.10000000E+1	4.05000000E+0	4.05000000E+0	2.46913580E+0	3.95061728E+0	1.75308642E+1
9.58975000E+3	8.18587996E+1	-2.89538000E+5	-2.76633000E+5	1.20000000E+1	5.30000000E+1	4.04800000E+0	4.04900000E+0	2.96369474E+0	4.19960474E+0	1.30928854E+1
9.59000000E+3	8.18485563E+1	-2.90419000E+5	-2.77515000E+5	1.50000000E+1	6.80000000E+1	4.04900000E+0	4.05000000E+0	3.70370370E+0	5.92738948E+0	1.67942702E+1
9.59025000E+3	8.18383262E+1	-2.91298000E+5	-2.78396000E+5	2.10000000E+1	8.40000000E+1	4.04900000E+0	4.05000000E+0	5.18518519E+0	7.16226229E+0	2.07458632E+1
9.59050000E+3	8.18281091E+1	-2.92176000E+5	-2.79275000E+5	1.50000000E+1	7.30000000E+1	4.05000000E+0	4.05000000E+0	3.70370370E+0	6.17283951E+0	1.80246914E+1
9.59075000E+3	8.18179049E+1	-2.93053000E+5	-2.80153000E+5	1.00000000E+1	6.60000000E+1	4.04900000E+0	4.05000000E+0	2.46913580E+0	3.70461842E+0	1.63003211E+1
9.59100000E+3	8.18077137E+1	-2.93929000E+5	-2.81030000E+5	1.20000000E+1	6.30000000E+1	4.05000000E+0	4.05000000E+0	2.96296296E+0	4.44444444E+0	1.55555556E+1
9.59125000E+3	8.17975353E+1	-2.94803000E+5	-2.81906000E+5	1.50000000E+1	7.20000000E+1	4.05000000E+0	4.05000000E+0	3.70370370E+0	5.67901235E+0	1.77777778E+1
9.59150000E+3	8.17873698E+1	-2.95677000E+5	-2.82781000E+5	1.10000000E+1	6.30000000E+1	4.05000000E+0	4.05000000E+0	2.71604938E+0	5.43209877E+0	1.55555556E+1
9.59175000E+3	8.17772170E+1	-2.96549000E+5	-2.83654000E+5	1.20000000E+1	7.90000000E+1	4.05000000E+0	4.05000000E+0	2.96296296E+0	5.92592593E+0	1.95061728E+1
9.59200000E+3	8.17670770E+1	-2.97420000E+5	-2.84527000E+5	2.00000000E+1	7.70000000E+1	4.05000000E+0	4.05000000E+0	4.93827160E+0	6.91358025E+0	1.90123457E+1
9.59225000E+3	8.17569497E+1	-2.98290000E+5	-2.85398000E+5	1.60000000E+1	7.10000000E+1	4.05000000E+0	4.05000000E+0	3.95061728E+0	6.41975309E+0	1.75308642E+1
9.59250000E+3	8.17468350E+1	-2.99158000E+5	-2.86268000E+5	1.00000000E+1	5.80000000E+1	4.05100000E+0	4.05200000E+0	2.46791708E+0	5.67761047E+0	1.43174525E+1
9.59275000E+3	8.17367329E+1	-3.00026000E+5	-2.87137000E+5	9.00000000E+0	6.40000000E+1	4.05000000E+0	4.05000000E+0	2.22222222E+0	4.69135802E+0	1.58024691E+1
9.59300000E+3	8.17266434E+1	-3.00892000E+5	-2.88004000E+5	1.80000000E+1	6.20000000E+1	4.05000000E+0	4.05000000E+0	4.44444444E+0	6.41975309E+0	1.53086420E+1
9.59325000E+3	8.17165664E+1	-3.01757000E+5	-2.88871000E+5	5.00000000E+0	4.70000000E+1	4.04900000E+0	4.04900000E+0	1.23487281E+0	2.71672018E+0	1.16078044E+1
9.59350000E+3	8.17065019E+1	-3.02621000E+5	-2.89736000E+5	1.10000000E+1	5.70000000E+1	4.04900000E+0	4.05000000E+0	2.71604938E+0	5.43344036E+0	1.40775500E+1
9.59375000E+3	8.16964497E+1	-3.03483000E+5	-2.90600000E+5	1.20000000E+1	5.40000000E+1	4.04900000E+0	4.05000000E+0	2.96296296E+0	4.19856755E+0	1.33366263E+1
9.59400000E+3	8.16864100E+1	-3.04345000E+5	-2.91463000E+5	1.30000000E+1	6.80000000E+1	4.04900000E+0	4.05000000E+0	3.20987654E+0	6.17436404E+0	1.67942702E+1
9.59425000E+3	8.16763826E+1	-3.05205000E+5	-2.92325000E+5	1.00000000E+1	6.20000000E+1	4.04900000E+0	4.05000000E+0	2.46913580E+0	3.95159299E+0	1.53124228E+1
9.59450000E+3	8.16663674E+1	-3.06065000E+5	-2.93185000E+5	9.00000000E+0	5.70000000E+1	4.05000000E+0	4.05000000E+0	2.22222222E+0	4.19753086E+0	1.40740741E+1
9.59475000E+3	8.16563645E+1	-3.06923000E+5	-2.94045000E+5	4.00000000E+0	6.00000000E+1	4.05000000E+0	4.05000000E+0	9.87654321E-1	3.20987654E+0	1.48148148E+1
9.59500000E+3	8.16463739E+1	-3.07780000E+5	-2.94903000E+5	9.00000000E+0	4.60000000E+1	4.04900000E+0	4.05000000E+0	2.22222222E+0	4.19856755E+0	1.13608298E+1
9.59525000E+3	8.16363953E+1	-3.08636000E+5	-2.95760000E+5	1.30000000E+1	6.10000000E+1	4.04900000E+0	4.04900000E+0	3.21066930E+0	5.18646579E+0	1.50654483E+1
9.59550000E+3	8.16264289E+1	-3.09491000E+5	-2.96617000E+5	5.00000000E+0	6.10000000E+1	4.05100000E+0	4.05100000E+0	1.23426314E+0	4.19649469E+0	1.50580104E+1
9.59575000E+3	8.16164746E+1	-3.10344000E+5	-2.97472000E+5	1.00000000E+1	6.20000000E+1	4.04900000E+0	4.05000000E+0	2.46913580E+0	4.69251667E+0	1.53124228E+1
9.59600000E+3	8.16065322E+1	-3.11197000E+5	-2.98325000E+5	9.00000000E+0	7.30000000E+1	4.05000000E+0	4.05000000E+0	2.22222222E+0	5.18518519E+0	1.80246914E+1
9.59625000E+3	8.15966019E+1	-3.12048000E+5	-2.99178000E+5	9.00000000E+0	5.80000000E+1	4.04900000E+0	4.05000000E+0	2.22222222E+0	4.44554211E+0	1.43245246E+1
9.59650000E+3	8.15866835E+1	-3.12898000E+5	-3.00030000E+5	1.60000000E+1	5.60000000E+1	4.04900000E+0	4.05000000E+0	3.95061728E+0	4.44554211E+0	1.38305755E+1
9.59675000E+3	8.15767771E+1	-3.13748000E+5	-3.00880000E+5	1.10000000E+1	6.60000000E+1	4.04900000E+0	4.04900000E+0	2.71672018E+0	5.18646579E+0	1.63003211E+1
9.59700000E+3	8.15668824E+1	-3.14596000E+5	-3.01730000E+5	1.00000000E+1	7.20000000E+1	4.05000000E+0	4.05000000E+0	2.46913580E+0	5.18518519E+0	1.77777778E+1
9.59725000E+3	8.15569997E+1	-3.15443000E+5	-3.02578000E+5	3.00000000E+0	5.70000000E+1	4.05000000E+0	4.05000000E+0	7.40740741E-1	2.46913580E+0	1.40740741E+1
9.59750000E+3	8.15471287E+1	-3.16288000E+5	-3.03425000E+5	7.00000000E+0	6.10000000E+1	4.04900000E+0	4.05000000E+0	1.72839506E+0	3.95159299E+0	1.50654483E+1
9.59775000E+3	8.15372694E+1	-3.17133000E+5	-3.04271000E+5	9.00000000E+0	5.80000000E+1	4.05000000E+0	4.05100000E+0	2.22167366E+0	3.95061728E+0	1.43209877E+1
9.59800000E+3	8.15274218E+1	-3.17977000E+5	-3.05116000E+5	6.00000000E+0	6.90000000E+1	4.05000000E+0	4.05000000E+0	1.48148148E+0	3.95061728E+0	1.70370370E+1
9.59825000E+3	8.15175859E+1	-3.18819000E+5	-3.05960000E+5	6.00000000E+0	5.80000000E+1	4.05100000E+0	4.05200000E+0	1.48075025E+0	3.70278943E+0	1.43174525E+1
9.59850000E+3	8.15077616E+1	-3.19661000E+5	-3.06803000E+5	6.00000000E+0	5.60000000E+1	4.04900000E+0	4.05000000E+0	1.48148148E+0	3.95159299E+0	1.38305755E+1
9.59875000E+3	8.14979489E+1	-3.20501000E+5	-3.07645000E+5	1.00000000E+1	6.70000000E+1	4.04900000E+0	4.05000000E+0	2.46913580E+0	4.19856755E+0	1.65472956E+1
9.59900000E+3	8.14881478E+1	-3.21341000E+5	-3.08486000E+5	7.00000000E+0	6.50000000E+1	4.04900000E+0	4.05000000E+0	1.72839506E+0	4.93949123E+0	1.60533465E+1
9.59925000E+3	8.14783581E+1	-3.22179000E+5	-3.09325000E+5	5.00000000E+0	5.10000000E+1	4.04900000E+0	4.05000000E+0	1.23456790E+0	3.21066930E+0	1.25957026E+1
9.59950000E+3	8.14685799E+1	-3.23016000E+5	-3.10164000E+5	5.00000000E+0	4.90000000E+1	4.04800000E+0	4.04900000E+0	1.23487281E+0	3.45849802E+0	1.21047431E+1
9.59975000E+3	8.14588132E+1	-3.23852000E+5	-3.11001000E+5	7.00000000E+0	5.80000000E+1	4.04900000E+0	4.05000000E+0	1.72839506E+0	3.21066930E+0	1.43245246E+1
9.60000000E+3	8.14490578E+1	-3.24687000E+5	-3.11838000E+5	6.00000000E+0	5.70000000E+1	4.05000000E+0	4.05000000E+0	1.48148148E+0	3.20987654E+0	1.40740741E+1
9.60025000E+3	8.14393138E+1	-3.25521000E+5	-3.12673000E+5	5.00000000E+0	5.50000000E+1	4.04900000E+0	4.05000000E+0	1.23456790E+0	2.46974562E+0	1.35836009E+1
9.60050000E+3	8.14295810E+1	-3.26354000E+5	-3.13507000E+5	3.00000000E+0	5.10000000E+1	4.05000000E+0	4.05000000E+0	7.40740741E-1	2.46913580E+0	1.25925926E+1
9.60075000E+3	8.14198596E+1	-3.27186000E+5	-3.14340000E+5	9.00000000E+0	5.30000000E+1	4.05000000E+0	4.05100000E+0	2.22167366E+0	3.45679012E+0	1.30864198E+1
9.60100000E+3	8.14101494E+1	-3.28017000E+5	-3.15173000E+5	1.00000000E+1	6.10000000E+1	4.05000000E+0	4.05000000E+0	2.46913580E+0	4.44444444E+0	1.50617284E+1
9.60125000E+3	8.14004504E+1	-3.28847000E+5	-3.16004000E+5	5.00000000E+0	5.70000000E+1	4.05000000E+0	4.05000000E+0	1.23456790E+0	2.46913580E+0	1.40740741E+1
9.60150000E+3	8.13907625E+1	-3.29675000E+5	-3.16834000E+5	2.00000000E+0	6.80000000E+1	4.05000000E+0	4.05000000E+0	4.93827160E-1	3.95061728E+0	1.67901235E+1
9.60175000E+3	8.13810858E+1	-3.30503000E+5	-3.17663000E+5	8.00000000E+0	5.50000000E+1	4.05000000E+0	4.05000000E+0	1.97530864E+0	2.71604938E+0	1.35802469E+1
9.60200000E+3	8.13714201E+1	-3.31330000E+5	-3.18491000E+5	6.00000000E+0	5.70000000E+1	4.05100000E+0	4.05100000E+0	1.48111577E+0	3.70278943E+0	1.40705999E+1
9.60225000E+3	8.13617655E+1	-3.32155000E+5	-3.19318000E+5	1.70000000E+1	7.50000000E+1	4.05000000E+0	4.05000000E+0	4.19753086E+0	6.91358025E+0	1.85185185E+1
9.60250000E+3	8.13521220E+1	-3.32980000E+5	-3.20144000E+5	7.00000000E+0	5.60000000E+1	4.05000000E+0	4.05100000E+0	1.72796840E+0	4.44444444E+0	1.38271605E+1
9.60275000E+3	8.13424894E+1	-3.33803000E+5	-3.20969000E+5	5.00000000E+0	7.00000000E+1	4.04900000E+0	4.05000000E+0	1.23456790E+0	4.69251667E+0	1.72882193E+1
9.60300000E+3	8.13328677E+1	-3.34626000E+5	-3.21793000E+5	7.00000000E+0	5.80000000E+1	4.05000000E+0	4.05100000E+0	1.72796840E+0	2.46913580E+0	1.43209877E+1
9.60325000E+3	8.13232569E+1	-3.35447000E+5	-3.22616000E+5	6.00000000E+0	6.80000000E+1	4.04900000E+0	4.05000000E+0	1.48148148E+0	4.44554211E+0	1.67942702E+1
9.60350000E+3	8.13136570E+1	-3.36268000E+5	-3.23437000E+5	7.00000000E+0	6.70000000E+1	4.05000000E+0	4.05100000E+0	1.72796840E+0	3.95061728E+0	1.65432099E+1
9.60375000E+3	8.13040680E+1	-3.37087000E+5	-3.24258000E+5	1.10000000E+1	6.40000000E+1	4.05000000E+0	4.05000000E+0	2.71604938E+0	3.95061728E+0	1.58024691E+1
9.60400000E+3	8.12944897E+1	-3.37906000E+5	-3.25078000E+5	9.00000000E+0	5.10000000E+1	4.05000000E+0	4.05000000E+0	2.22222222E+0	3.70370370E+0	1.25925926E+1
9.60425000E+3	8.12849222E+1	-3.38723000E+5	-3.25897000E+5	9.00000000E+0	6.50000000E+1	4.05000000E+0	4.05100000E+0	2.22167366E+0	3.95061728E+0	1.60493827E+1
9.60450000E+3	8.12753655E+1	-3.39540000E+5	-3.26715000E+5	3.00000000E+0	6.10000000E+1	4.05000000E+0	4.05000000E+0	7.40740741E-1	2.22222222E+0	1.50617284E+1
9.60475000E+3	8.12658194E+1	-3.40355000E+5	-3.27532000E+5	3.00000000E+0	5.50000000E+1	4.05000000E+0	4.05100000E+0	7.40557887E-1	2.96296296E+0	1.35802469E+1
9.60500000E+3	8.12562840E+1	-3.41170000E+5	-3.28347000E+5	2.00000000E+0	7.20000000E+1	4.04800000E+0	4.04900000E+0	4.93949123E-1	4.69367589E+0	1.77865613E+1
9.60525000E+3	8.12467592E+1	-3.41983000E+5	-3.29162000E+5	5.00000000E+0	5.60000000E+1	4.05000000E+0	4.05000000E+0	1.23456790E+0	2.71604938E+0	1.38271605E+1
9.60550000E+3	8.12372451E+1	-3.42796000E+5	-3.29976000E+5	8.00000000E+0	8.30000000E+1	4.04900000E+0	4.04900000E+0	1.97579649E+0	4.44554211E+0	2.04988886E+1
9.60575000E+3	8.12277414E+1	-3.43607000E+5	-3.30789000E+5	6.00000000E+0	4.90000000E+1	4.05000000E+0	4.05000000E+0	1.48148148E+0	2.71604938E+0	1.20987654E+1
9.60600000E+3	8.12182483E+1	-3.44418000E+5	-3.31601000E+5	5.00000000E+0	6.00000000E+1	4.04900000E+0	4.04900000E+0	1.23487281E+0	3.21066930E+0	1.48184737E+1
9.60625000E+3	8.12087657E+1	-3.45227000E+5	-3.32412000E+5	3.00000000E+0	4.80000000E+1	4.05000000E+0	4.05000000E+0	7.40740741E-1	2.22222222E+0	1.18518519E+1
9.60650000E+3	8.11992935E+1	-3.46036000E+5	-3.33222000E+5	7.00000000E+0	6.60000000E+1	4.05000000E+0	4.05000000E+0	1.72839506E+0	4.19753086E+0	1.62962963E+1
9.60675000E+3	8.11898318E+1	-3.46844000E+5	-3.34031000E+5	5.00000000E+0	6.30000000E+1	4.05000000E+0	4.05000000E+0	1.23456790E+0	3.95061728E+0	1.55555556E+1
9.60700000E+3	8.11803805E+1	-3.47650000E+5	-3.34839000E+5	4.00000000E+0	4.90000000E+1	4.04900000E+0	4.05000000E+0	9.87654321E-1	3.21066930E+0	1.21017535E+1
9.60725000E+3	8.11709395E+1	-3.48456000E+5	-3.35646000E+5	6.00000000E+0	6.20000000E+1	4.05000000E+0	4.05000000E+0	1.48148148E+0	4.19753086E+0	1.53086420E+1
9.60750000E+3	8.11615088E+1	-3.49260000E+5	-3.36452000E+5	2.00000000E+0	5.50000000E+1	4.05000000E+0	4.05100000E+0	4.93705258E-1	2.46913580E+0	1.35802469E+1
9.60775000E+3	8.11520885E+1	-3.50064000E+5	-3.37257000E+5	5.00000000E+0	4.90000000E+1	4.04900000E+0	4.05000000E+0	1.23456790E+0	3.21066930E+0	1.21017535E+1
9.60800000E+3	8.11426784E+1	-3.50867000E+5	-3.38061000E+5	6.00000000E+0	5.90000000E+1	4.04900000E+0	4.05000000E+0	1.48148148E+0	3.70461842E+0	1.45714991E+1
9.60825000E+3	8.11332785E+1	-3.51669000E+5	-3.38864000E+5	2.00000000E+0	4.20000000E+1	4.05000000E+0	4.05100000E+0	4.93705258E-1	2.46913580E+0	1.03703704E+1
9.60850000E+3	8.11238888E+1	-3.52469000E+5	-3.39666000E+5	7.00000000E+0	4.40000000E+1	4.05000000E+0	4.05000000E+0	1.72839506E+0	3.20987654E+0	1.08641975E+1
9.60875000E+3	8.11145093E+1	-3.53269000E+5	-3.40467000E+5	0.00000000E+0	5.40000000E+1	4.05000000E+0	4.05000000E+0	0.00000000E+0	2.96296296E+0	1.33333333E+1
9.60900000E+3	8.11051399E+1	-3.54068000E+5	-3.41268000E+5	6.00000000E+0	4.90000000E+1	4.05000000E+0	4.05100000E+0	1.48111577E+0	3.20987654E+0	1.20987654E+1
9.60925000E+3	8.10957806E+1	-3.54866000E+5	-3.42067000E+5	5.00000000E+0	5.80000000E+1	4.05000000E+0	4.05000000E+0	1.23456790E+0	2.22222222E+0	1.43209877E+1
9.60950000E+3	8.10864314E+1	-3.55663000E+5	-3.42865000E+5	4.00000000E+0	6.50000000E+1	4.04900000E+0	4.05000000E+0	9.87654321E-1	3.21066930E+0	1.60533465E+1
9.60975000E+3	8.10770922E+1	-3.56459000E+5	-3.43663000E+5	5.00000000E+0	5.90000000E+1	4.05000000E+0	4.05000000E+0	1.23456790E+0	3.45679012E+0	1.45679012E+1
9.61000000E+3	8.10677631E+1	-3.57255000E+5	-3.44459000E+5	9.00000000E+0	6.00000000E+1	4.05000000E+0	4.05000000E+0	2.22222222E+0	3.20987654E+0	1.48148148E+1
9.61025000E+3	8.10584439E+1	-3.58049000E+5	-3.45255000E+5	5.00000000E+0	6.50000000E+1	4.05000000E+0	4.05000000E+0	1.23456790E+0	3.45679012E+0	1.60493827E+1
9.61050000E+3	8.10491347E+1	-3.58842000E+5	-3.46049000E+5	8.00000000E+0	6.50000000E+1	4.04800000E+0	4.04900000E+0	1.97579649E+0	3.70553360E+0	1.60573123E+1
9.61075000E+3	8.10398353E+1	-3.59634000E+5	-3.46843000E+5	2.00000000E+0	4.70000000E+1	4.05000000E+0	4.05000000E+0	4.93827160E-1	2.96296296E+0	1.16049383E+1
9.61100000E+3	8.10305459E+1	-3.60426000E+5	-3.47636000E+5	3.00000000E+0	5.20000000E+1	4.05000000E+0	4.05100000E+0	7.40557887E-1	3.20987654E+0	1.28395062E+1
9.61125000E+3	8.10212663E+1	-3.61216000E+5	-3.48428000E+5	5.00000000E+0	5.30000000E+1	4.05000000E+0	4.05000000E+0	1.23456790E+0	3.70370370E+0	1.30864198E+1
9.61150000E+3	8.10119966E+1	-3.62006000E+5	-3.49219000E+5	8.00000000E+0	6.50000000E+1	4.04900000E+0	4.05000000E+0	1.97530864E+0	3.21066930E+0	1.60533465E+1
9.61175000E+3	8.10027366E+1	-3.62795000E+5	-3.50009000E+5	4.00000000E+0	5.90000000E+1	4.05000000E+0	4.05000000E+0	9.87654321E-1	3.20987654E+0	1.45679012E+1
9.61200000E+3	8.09934864E+1	-3.63582000E+5	-3.50798000E+5	5.00000000E+0	5.40000000E+1	4.04900000E+0	4.04900000E+0	1.23487281E+0	3.21066930E+0	1.33366263E+1
9.61225000E+3	8.09842460E+1	-3.64369000E+5	-3.51586000E+5	4.00000000E+0	4.80000000E+1	4.05000000E+0	4.05000000E+0	9.87654321E-1	2.96296296E+0	1.18518519E+1
9.61250000E+3	8.09750152E+1	-3.65155000E+5	-3.52373000E+5	8.00000000E+0	4.80000000E+1	4.05000000E+0	4.05000000E+0	1.97530864E+0	3.95061728E+0	1.18518519E+1
9.61275000E+3	8.09657941E+1	-3.65940000E+5	-3.53160000E+5	3.00000000E+0	4.70000000E+1	4.04900000E+0	4.04900000E+0	7.40923685E-1	1.72882193E+0	1.16078044E+1
9.61300000E+3	8.09565827E+1	-3.66724000E+5	-3.53945000E+5	7.00000000E+0	5.80000000E+1	4.04900000E+0	4.05000000E+0	1.72839506E+0	5.43344036E+0	1.43245246E+1
9.61325000E+3	8.09473809E+1	-3.67508000E+5	-3.54730000E+5	3.00000000E+0	6.00000000E+1	4.04900000E+0	4.05000000E+0	7.40740741E-1	4.19856755E+0	1.48184737E+1
9.61350000E+3	8.09381887E+1	-3.68290000E+5	-3.55514000E+5	5.00000000E+0	5.70000000E+1	4.05000000E+0	4.05000000E+0	1.23456790E+0	3.20987654E+0	1.40740741E+1
9.61375000E+3	8.09290061E+1	-3.69071000E+5	-3.56296000E+5	3.00000000E+0	5.10000000E+1	4.05000000E+0	4.05000000E+0	7.40740741E-1	1.97530864E+0	1.25925926E+1
9.61400000E+3	8.09198329E+1	-3.69852000E+5	-3.57078000E+5	5.00000000E+0	6.70000000E+1	4.05000000E+0	4.05000000E+0	1.23456790E+0	3.95061728E+0	1.65432099E+1
9.61425000E+3	8.09106693E+1	-3.70631000E+5	-3.57859000E+5	1.00000000E+1	6.90000000E+1	4.05000000E+0	4.05000000E+0	2.46913580E+0	5.43209877E+0	1.70370370E+1
9.61450000E+3	8.09015152E+1	-3.71410000E+5	-3.58639000E+5	4.00000000E+0	6.30000000E+1	4.04900000E+0	4.05000000E+0	9.87654321E-1	3.45764386E+0	1.55593974E+1
9.61475000E+3	8.08923705E+1	-3.72188000E+5	-3.59418000E+5	7.00000000E+0	5.90000000E+1	4.04900000E+0	4.04900000E+0	1.72882193E+0	3.21066930E+0	1.45714991E+1
9.61500000E+3	8.08832352E+1	-3.72965000E+5	-3.60197000E+5	4.00000000E+0	6.00000000E+1	4.04900000E+0	4.04900000E+0	9.87898246E-1	3.21066930E+0	1.48184737E+1
9.61525000E+3	8.08741094E+1	-3.73741000E+5	-3.60974000E+5	7.00000000E+0	6.30000000E+1	4.05000000E+0	4.05100000E+0	1.72796840E+0	4.19753086E+0	1.55555556E+1
9.61550000E+3	8.08649928E+1	-3.74516000E+5	-3.61751000E+5	1.00000000E+0	5.50000000E+1	4.04900000E+0	4.04900000E+0	2.46974562E-1	1.48184737E+0	1.35836009E+1
9.61575000E+3	8.08558857E+1	-3.75291000E+5	-3.62526000E+5	8.00000000E+0	6.00000000E+1	4.04900000E+0	4.04900000E+0	1.97579649E+0	4.19856755E+0	1.48184737E+1
9.61600000E+3	8.08467878E+1	-3.76064000E+5	-3.63301000E+5	9.00000000E+0	5.90000000E+1	4.05000000E+0	4.05100000E+0	2.22167366E+0	4.44444444E+0	1.45679012E+1
9.61625000E+3	8.08376992E+1	-3.76837000E+5	-3.64075000E+5	2.00000000E+0	5.10000000E+1	4.05000000E+0	4.05000000E+0	4.93827160E-1	1.23456790E+0	1.25925926E+1
9.61650000E+3	8.08286199E+1	-3.77608000E+5	-3.64848000E+5	5.00000000E+0	6.30000000E+1	4.05000000E+0	4.05000000E+0	1.23456790E+0	2.71604938E+0	1.55555556E+1
9.61675000E+3	8.08195498E+1	-3.78379000E+5	-3.65621000E+5	4.00000000E+0	5.10000000E+1	4.05100000E+0	4.05100000E+0	9.87410516E-1	3.45593681E+0	1.25894841E+1
9.61700000E+3	8.08104889E+1	-3.79149000E+5	-3.66392000E+5	6.00000000E+0	5.30000000E+1	4.04900000E+0	4.04900000E+0	1.48184737E+0	2.71672018E+0	1.30896518E+1
9.61725000E+3	8.08014372E+1	-3.79918000E+5	-3.67162000E+5	5.00000000E+0	5.80000000E+1	4.04900000E+0	4.05000000E+0	1.23456790E+0	2.96369474E+0	1.43245246E+1
9.61750000E+3	8.07923946E+1	-3.80687000E+5	-3.67932000E+5	7.00000000E+0	6.70000000E+1	4.05100000E+0	4.05100000E+0	1.72796840E+0	3.70278943E+0	1.65391261E+1
9.61775000E+3	8.07833612E+1	-3.81454000E+5	-3.68701000E+5	4.00000000E+0	5.40000000E+1	4.05000000E+0	4.05000000E+0	9.87654321E-1	4.44444444E+0	1.33333333E+1
9.61800000E+3	8.07743368E+1	-3.82221000E+5	-3.69469000E+5	4.00000000E+0	5.90000000E+1	4.05100000E+0	4.05200000E+0	9.87166831E-1	2.71537892E+0	1.45643051E+1
9.61825000E+3	8.07653215E+1	-3.82986000E+5	-3.70236000E+5	3.00000000E+0	5.10000000E+1	4.05000000E+0	4.05000000E+0	7.40740741E-1	2.71604938E+0	1.25925926E+1
9.61850000E+3	8.07563153E+1	-3.83751000E+5	-3.71002000E+5	1.00000000E+0	5.50000000E+1	4.05000000E+0	4.05000000E+0	2.46913580E-1	1.23456790E+0	1.35802469E+1
9.61875000E+3	8.07473180E+1	-3.84515000E+5	-3.71767000E+5	3.00000000E+0	5.20000000E+1	4.04900000E+0	4.05000000E+0	7.40740741E-1	3.45764386E+0	1.28426772E+1
9.61900000E+3	8.07383298E+1	-3.85278000E+5	-3.72532000E+5	6.00000000E+0	6.20000000E+1	4.05000000E+0	4.05000000E+0	1.48148148E+0	3.45679012E+0	1.53086420E+1
9.61925000E+3	8.07293505E+1	-3.86041000E+5	-3.73295000E+5	6.00000000E+0	5.50000000E+1	4.05000000E+0	4.05100000E+0	1.48111577E+0	3.20987654E+0	1.35802469E+1
9.61950000E+3	8.07203802E+1	-3.86802000E+5	-3.74058000E+5	3.00000000E+0	5.80000000E+1	4.05000000E+0	4.05000000E+0	7.40740741E-1	3.70370370E+0	1.43209877E+1
9.61975000E+3	8.07114188E+1	-3.87563000E+5	-3.74820000E+5	3.00000000E+0	6.30000000E+1	4.04900000E+0	4.04900000E+0	7.40923685E-1	2.46974562E+0	1.55593974E+1
9.62000000E+3	8.07024663E+1	-3.88323000E+5	-3.75581000E+5	3.00000000E+0	6.10000000E+1	4.05000000E+0	4.05000000E+0	7.40740741E-1	2.46913580E+0	1.50617284E+1
9.62025000E+3	8.06935226E+1	-3.89082000E+5	-3.76342000E+5	2.00000000E+0	5.40000000E+1	4.05000000E+0	4.05100000E+0	4.93705258E-1	3.45679012E+0	1.33333333E+1
9.62050000E+3	8.06845878E+1	-3.89840000E+5	-3.77101000E+5	6.00000000E+0	5.10000000E+1	4.04900000E+0	4.04900000E+0	1.48184737E+0	4.19856755E+0	1.25957026E+1
9.62075000E+3	8.06756617E+1	-3.90597000E+5	-3.77860000E+5	5.00000000E+0	6.30000000E+1	4.04900000E+0	4.04900000E+0	1.23487281E+0	3.70461842E+0	1.55593974E+1
9.62100000E+3	8.06667445E+1	-3.91354000E+5	-3.78618000E+5	3.00000000E+0	6.10000000E+1	4.05000000E+0	4.05000000E+0	7.40740741E-1	2.22222222E+0	1.50617284E+1
9.62125000E+3	8.06578360E+1	-3.92109000E+5	-3.79375000E+5	9.00000000E+0	5.40000000E+1	4.05000000E+0	4.05000000E+0	2.22222222E+0	4.44444444E+0	1.33333333E+1
9.62150000E+3	8.06489363E+1	-3.92864000E+5	-3.80131000E+5	3.00000000E+0	4.30000000E+1	4.04900000E+0	4.05000000E+0	7.40740741E-1	1.23487281E+0	1.06199061E+1
9.62175000E+3	8.06400453E+1	-3.93618000E+5	-3.80886000E+5	1.00000000E+0	5.00000000E+1	4.05000000E+0	4.05000000E+0	2.46913580E-1	1.48148148E+0	1.23456790E+1
9.62200000E+3	8.06311630E+1	-3.94371000E+5	-3.81641000E+5	4.00000000E+0	5.90000000E+1	4.04900000E+0	4.05000000E+0	9.87654321E-1	3.21066930E+0	1.45714991E+1
9.62225000E+3	8.06222893E+1	-3.95124000E+5	-3.82395000E+5	2.00000000E+0	5.30000000E+1	4.04900000E+0	4.05000000E+0	4.93827160E-1	2.22277105E+0	1.30896518E+1
9.62250000E+3	8.06134243E+1	-3.95875000E+5	-3.83147000E+5	3.00000000E+0	6.50000000E+1	4.04900000E+0	4.05000000E+0	7.40740741E-1	2.71672018E+0	1.60533465E+1
9.62275000E+3	8.06045679E+1	-3.96626000E+5	-3.83900000E+5	1.00000000E+0	5.40000000E+1	4.05000000E+0	4.05000000E+0	2.46913580E-1	2.22222222E+0	1.33333333E+1
9.62300000E+3	8.05957201E+1	-3.97376000E+5	-3.84651000E+5	4.00000000E+0	5.80000000E+1	4.04900000E+0	4.05000000E+0	9.87654321E-1	3.45764386E+0	1.43245246E+1
9.62325000E+3	8.05868809E+1	-3.98125000E+5	-3.85401000E+5	5.00000000E+0	6.50000000E+1	4.04900000E+0	4.05000000E+0	1.23456790E+0	2.46974562E+0	1.60533465E+1
9.62350000E+3	8.05780502E+1	-3.98873000E+5	-3.86151000E+5	3.00000000E+0	6.40000000E+1	4.04900000E+0	4.04900000E+0	7.40923685E-1	3.21066930E+0	1.58063719E+1
9.62375000E+3	8.05692280E+1	-3.99621000E+5	-3.86900000E+5	3.00000000E+0	6.60000000E+1	4.05000000E+0	4.05000000E+0	7.40740741E-1	2.96296296E+0	1.62962963E+1
9.62400000E+3	8.05604143E+1	-4.00368000E+5	-3.87648000E+5	4.00000000E+0	6.10000000E+1	4.05000000E+0	4.05000000E+0	9.87654321E-1	2.71604938E+0	1.50617284E+1
9.62425000E+3	8.05516091E+1	-4.01114000E+5	-3.88395000E+5	3.00000000E+0	5.00000000E+1	4.05000000E+0	4.05000000E+0	7.40740741E-1	1.72839506E+0	1.23456790E+1
9.62450000E+3	8.05428124E+1	-4.01859000E+5	-3.89142000E+5	4.00000000E+0	5.00000000E+1	4.05000000E+0	4.05100000E+0	9.87410516E-1	1.48148148E+0	1.23456790E+1
9.62475000E+3	8.05340241E+1	-4.02603000E+5	-3.89888000E+5	6.00000000E+0	6.40000000E+1	4.05000000E+0	4.05000000E+0	1.48148148E+0	4.69135802E+0	1.58024691E+1
9.62500000E+3	8.05252442E+1	-4.03347000E+5	-3.90632000E+5	3.00000000E+0	6.20000000E+1	4.04900000E+0	4.04900000E+0	7.40923685E-1	2.22277105E+0	1.53124228E+1
9.62525000E+3	8.05164726E+1	-4.04089000E+5	-3.91377000E+5	1.00000000E+0	4.00000000E+1	4.05000000E+0	4.05000000E+0	2.46913580E-1	1.23456790E+0	9.87654321E+0
9.62550000E+3	8.05077095E+1	-4.04831000E+5	-3.92120000E+5	4.00000000E+0	4.50000000E+1	4.05000000E+0	4.05000000E+0	9.87654321E-1	2.22222222E+0	1.11111111E+1
9.62575000E+3	8.04989546E+1	-4.05573000E+5	-3.92862000E+5	4.00000000E+0	6.20000000E+1	4.05000000E+0	4.05000000E+0	9.87654321E-1	3.95061728E+0	1.53086420E+1
9.62600000E+3	8.04902081E+1	-4.06313000E+5	-3.93604000E+5	3.00000000E+0	5.70000000E+1	4.05000000E+0	4.05000000E+0	7.40740741E-1	2.71604938E+0	1.40740741E+1
9.62625000E+3	8.04814699E+1	-4.07053000E+5	-3.94345000E+5	5.00000000E+0	7.00000000E+1	4.05000000E+0	4.05000000E+0	1.23456790E+0	4.93827160E+0	1.72839506E+1
9.62650000E+3	8.04727399E+1	-4.07792000E+5	-3.95085000E+5	3.00000000E+0	5.80000000E+1	4.05000000E+0	4.05000000E+0	7.40740741E-1	2.22222222E+0	1.43209877E+1
9.62675000E+3	8.04640182E+1	-4.08530000E+5	-3.95825000E+5	4.00000000E+0	5.20000000E+1	4.05000000E+0	4.05100000E+0	9.87410516E-1	2.22222222E+0	1.28395062E+1
9.62700000E+3	8.04553047E+1	-4.09267000E+5	-3.96564000E+5	4.00000000E+0	5.70000000E+1	4.04800000E+0	4.04900000E+0	9.87898246E-1	2.71739130E+0	1.40810277E+1
9.62725000E+3	8.04465994E+1	-4.10003000E+5	-3.97301000E+5	7.00000000E+0	6.80000000E+1	4.05000000E+0	4.05000000E+0	1.72839506E+0	5.18518519E+0	1.67901235E+1
9.62750000E+3	8.04379023E+1	-4.10739000E+5	-3.98038000E+5	6.00000000E+0	7.10000000E+1	4.04900000E+0	4.04900000E+0	1.48184737E+0	3.45764386E+0	1.75351939E+1
9.62775000E+3	8.04292133E+1	-4.11474000E+5	-3.98775000E+5	5.00000000E+0	5.30000000E+1	4.05000000E+0	4.05000000E+0	1.23456790E+0	2.46913580E+0	1.30864198E+1
9.62800000E+3	8.04205325E+1	-4.12208000E+5	-3.99510000E+5	2.00000000E+0	5.00000000E+1	4.05100000E+0	4.05100000E+0	4.93705258E-1	2.96223155E+0	1.23426314E+1
9.62825000E+3	8.04118598E+1	-4.12942000E+5	-4.00245000E+5	8.00000000E+0	6.90000000E+1	4.05000000E+0	4.05100000E+0	1.97482103E+0	5.92592593E+0	1.70370370E+1
9.62850000E+3	8.04031952E+1	-4.13675000E+5	-4.00979000E+5	5.00000000E+0	5.00000000E+1	4.04900000E+0	4.05000000E+0	1.23456790E+0	2.71672018E+0	1.23487281E+1
9.62875000E+3	8.03945387E+1	-4.14407000E+5	-4.01713000E+5	2.00000000E+0	5.20000000E+1	4.05000000E+0	4.05000000E+0	4.93827160E-1	3.70370370E+0	1.28395062E+1
9.62900000E+3	8.03858902E+1	-4.15138000E+5	-4.02445000E+5	8.00000000E+0	6.40000000E+1	4.05000000E+0	4.05000000E+0	1.97530864E+0	3.95061728E+0	1.58024691E+1
9.62925000E+3	8.03772497E+1	-4.15868000E+5	-4.03177000E+5	4.00000000E+0	5.60000000E+1	4.05000000E+0	4.05000000E+0	9.87654321E-1	3.95061728E+0	1.38271605E+1
9.62950000E+3	8.03686173E+1	-4.16598000E+5	-4.03908000E+5	5.00000000E+0	4.00000000E+1	4.04800000E+0	4.04900000E+0	1.23487281E+0	3.70553360E+0	9.88142292E+0
9.62975000E+3	8.03599928E+1	-4.17327000E+5	-4.04638000E+5	2.00000000E+0	6.30000000E+1	4.05000000E+0	4.05100000E+0	4.93705258E-1	2.71604938E+0	1.55555556E+1
9.63000000E+3	8.03513763E+1	-4.18055000E+5	-4.05368000E+5	5.90000000E+1	5.71000000E+2	4.00510000E+1	4.00510000E+1	1.47312177E+0	3.12102070E+0	1.42568226E+1
9.63025000E+3	8.03427677E+1	-4.18782000E+5	-4.06096000E+5	4.50000000E+1	5.65000000E+2	4.00500000E+1	4.00500000E+1	1.12359551E+0	3.09612984E+0	1.41073658E+1
9.63050000E+3	8.03341671E+1	-4.19509000E+5	-4.06824000E+5	3.10000000E+1	5.41000000E+2	4.00510000E+1	4.00510000E+1	7.74013133E-1	2.54675289E+0	1.35077776E+1
9.63075000E+3	8.03255743E+1	-4.20235000E+5	-4.07552000E+5	3.70000000E+1	5.85000000E+2	4.00510000E+1	4.00510000E+1	9.23822127E-1	2.54675289E+0	1.46063769E+1
9.63100000E+3	8.03169895E+1	-4.20960000E+5	-4.08278000E+5	3.80000000E+1	5.53000000E+2	4.00500000E+1	4.00500000E+1	9.48813983E-1	2.82147316E+0	1.38077403E+1
9.63125000E+3	8.03084125E+1	-4.21685000E+5	-4.09004000E+5	6.00000000E+1	5.63000000E+2	4.00500000E+1	4.00500000E+1	1.49812734E+0	3.27091136E+0	1.40574282E+1
9.63150000E+3	8.02998433E+1	-4.22408000E+5	-4.09729000E+5	2.90000000E+1	5.70000000E+2	4.00500000E+1	4.00510000E+1	7.24076802E-1	2.87141074E+0	1.42322097E+1
9.63175000E+3	8.02912820E+1	-4.23131000E+5	-4.10453000E+5	4.20000000E+1	5.64000000E+2	4.00500000E+1	4.00510000E+1	1.04866295E+0	3.17103620E+0	1.40823970E+1
9.63200000E+3	8.02827285E+1	-4.23853000E+5	-4.11177000E+5	4.60000000E+1	5.73000000E+2	4.00500000E+1	4.00510000E+1	1.14853562E+0	3.19600499E+0	1.43071161E+1
9.63225000E+3	8.02741827E+1	-4.24575000E+5	-4.11900000E+5	3.50000000E+1	5.39000000E+2	4.00490000E+1	4.00500000E+1	8.73907615E-1	2.62178831E+0	1.34585133E+1
9.63250000E+3	8.02656447E+1	-4.25296000E+5	-4.12622000E+5	3.20000000E+1	5.27000000E+2	4.00500000E+1	4.00500000E+1	7.99001248E-1	2.72159800E+0	1.31585518E+1
9.63275000E+3	8.02571144E+1	-4.26016000E+5	-4.13343000E+5	5.00000000E+1	5.61000000E+2	4.00510000E+1	4.00510000E+1	1.24840828E+0	3.17095703E+0	1.40071409E+1
9.63300000E+3	8.02485919E+1	-4.26735000E+5	-4.14064000E+5	3.20000000E+1	5.36000000E+2	4.00510000E+1	4.00510000E+1	7.98981299E-1	2.79643455E+0	1.33829368E+1
9.63325000E+3	8.02400770E+1	-4.27454000E+5	-4.14784000E+5	4.90000000E+1	5.52000000E+2	4.00510000E+1	4.00510000E+1	1.22344011E+0	3.07108437E+0	1.37824274E+1
9.63350000E+3	8.02315699E+1	-4.28171000E+5	-4.15503000E+5	4.50000000E+1	5.37000000E+2	4.00510000E+1	4.00510000E+1	1.12356745E+0	3.32076602E+0	1.34079049E+1
9.63375000E+3	8.02230703E+1	-4.28889000E+5	-4.16221000E+5	4.30000000E+1	5.78000000E+2	4.00510000E+1	4.00510000E+1	1.07363112E+0	2.92127537E+0	1.44315997E+1
9.63400000E+3	8.02145785E+1	-4.29605000E+5	-4.16939000E+5	3.40000000E+1	5.84000000E+2	4.00510000E+1	4.00520000E+1	8.48896435E-1	2.77146638E+0	1.45814087E+1
9.63425000E+3	8.02060942E+1	-4.30321000E+5	-4.17656000E+5	4.40000000E+1	5.64000000E+2	4.00490000E+1	4.00500000E+1	1.09862672E+0	2.77160478E+0	1.40827486E+1
9.63450000E+3	8.01976176E+1	-4.31036000E+5	-4.18373000E+5	4.20000000E+1	5.56000000E+2	4.00500000E+1	4.00500000E+1	1.04868914E+0	3.62047441E+0	1.38826467E+1
9.63475000E+3	8.01891485E+1	-4.31750000E+5	-4.19088000E+5	5.70000000E+1	5.22000000E+2	4.00500000E+1	4.00500000E+1	1.42322097E+0	3.24594257E+0	1.30337079E+1
9.63500000E+3	8.01806870E+1	-4.32463000E+5	-4.19803000E+5	4.00000000E+1	5.83000000E+2	4.00500000E+1	4.00510000E+1	9.98726624E-1	2.64669164E+0	1.45568040E+1
9.63525000E+3	8.01722330E+1	-4.33176000E+5	-4.20517000E+5	4.10000000E+1	5.91000000E+2	4.00500000E+1	4.00510000E+1	1.02369479E+0	2.87141074E+0	1.47565543E+1
9.63550000E+3	8.01637865E+1	-4.33888000E+5	-4.21231000E+5	4.50000000E+1	5.87000000E+2	4.00500000E+1	4.00510000E+1	1.12356745E+0	3.17103620E+0	1.46566792E+1
9.63575000E+3	8.01553476E+1	-4.34600000E+5	-4.21943000E+5	4.30000000E+1	5.58000000E+2	4.00510000E+1	4.00510000E+1	1.07363112E+0	3.02114804E+0	1.39322364E+1
9.63600000E+3	8.01469161E+1	-4.35310000E+5	-4.22655000E+5	3.70000000E+1	5.23000000E+2	4.00500000E+1	4.00510000E+1	9.23822127E-1	2.84644195E+0	1.30586767E+1
9.63625000E+3	8.01384921E+1	-4.36020000E+5	-4.23367000E+5	5.30000000E+1	6.14000000E+2	4.00500000E+1	4.00500000E+1	1.32334582E+0	2.87141074E+0	1.53308365E+1
9.63650000E+3	8.01300756E+1	-4.36730000E+5	-4.24077000E+5	3.70000000E+1	5.95000000E+2	4.00500000E+1	4.00510000E+1	9.23822127E-1	3.07116105E+0	1.48564295E+1
9.63675000E+3	8.01216665E+1	-4.37438000E+5	-4.24787000E+5	3.50000000E+1	5.30000000E+2	4.00500000E+1	4.00510000E+1	8.73885796E-1	2.94631710E+0	1.32334582E+1
9.63700000E+3	8.01132648E+1	-4.38146000E+5	-4.25497000E+5	3.80000000E+1	5.39000000E+2	4.00500000E+1	4.00500000E+1	9.48813983E-1	2.59675406E+0	1.34581773E+1
9.63725000E+3	8.01048704E+1	-4.38853000E+5	-4.26205000E+5	4.40000000E+1	6.17000000E+2	4.00500000E+1	4.00510000E+1	1.09859929E+0	3.22097378E+0	1.54057428E+1
9.63750000E+3	8.00964835E+1	-4.39560000E+5	-4.26913000E+5	4.90000000E+1	5.75000000E+2	4.00500000E+1	4.00500000E+1	1.22347066E+0	3.17103620E+0	1.43570537E+1
9.63775000E+3	8.00881039E+1	-4.40266000E+5	-4.27620000E+5	4.10000000E+1	5.99000000E+2	4.00510000E+1	4.00510000E+1	1.02369479E+0	3.07108437E+0	1.49559312E+1
9.63800000E+3	8.00797316E+1	-4.40971000E+5	-4.28327000E+5	4.00000000E+1	5.94000000E+2	4.00500000E+1	4.00510000E+1	9.98726624E-1	3.32084894E+0	1.48314607E+1
9.63825000E+3	8.00713667E+1	-4.41675000E+5	-4.29032000E+5	5.00000000E+1	6.00000000E+2	4.00500000E+1	4.00510000E+1	1.24840828E+0	3.12109863E+0	1.49812734E+1
9.63850000E+3	8.00630090E+1	-4.42379000E+5	-4.29737000E+5	2.90000000E+1	5.83000000E+2	4.00500000E+1	4.00500000E+1	7.24094881E-1	2.97128589E+0	1.45568040E+1
9.63875000E+3	8.00546587E+1	-4.43082000E+5	-4.30442000E+5	4.70000000E+1	6.15000000E+2	4.00510000E+1	4.00520000E+1	1.17347448E+0	3.24586153E+0	1.53554218E+1
9.63900000E+3	8.00463156E+1	-4.43784000E+5	-4.31145000E+5	4.50000000E+1	6.06000000E+2	4.00500000E+1	4.00510000E+1	1.12356745E+0	2.79650437E+0	1.51310861E+1
9.63925000E+3	8.00379797E+1	-4.44486000E+5	-4.31848000E+5	3.60000000E+1	5.57000000E+2	4.00500000E+1	4.00510000E+1	8.98853961E-1	2.99625468E+0	1.39076155E+1
9.63950000E+3	8.00296511E+1	-4.45187000E+5	-4.32551000E+5	4.80000000E+1	5.55000000E+2	4.00510000E+1	4.00510000E+1	1.19847195E+0	3.24586153E+0	1.38573319E+1
9.63975000E+3	8.00213296E+1	-4.45887000E+5	-4.33252000E+5	4.00000000E+1	5.93000000E+2	4.00500000E+1	4.00500000E+1	9.98751561E-1	2.84644195E+0	1.48064919E+1
9.64000000E+3	8.00130154E+1	-4.46587000E+5	-4.33953000E+5	4.90000000E+1	5.75000000E+2	4.00520000E+1	4.00520000E+1	1.22340957E+0	3.07100769E+0	1.43563368E+1
9.64025000E+3	8.00047084E+1	-4.47286000E+5	-4.34654000E+5	4.40000000E+1	6.23000000E+2	4.00500000E+1	4.00500000E+1	1.09862672E+0	3.37078652E+0	1.55555556E+1
9.64050000E+3	7.99964085E+1	-4.47984000E+5	-4.35353000E+5	3.50000000E+1	5.76000000E+2	4.00500000E+1	4.00500000E+1	8.73907615E-1	2.94631710E+0	1.43820225E+1
9.64075000E+3	7.99881157E+1	-4.48682000E+5	-4.36052000E+5	4.80000000E+1	5.54000000E+2	4.00500000E+1	4.00500000E+1	1.19850187E+0	2.94631710E+0	1.38327091E+1
9.64100000E+3	7.99798300E+1	-4.49378000E+5	-4.36750000E+5	4.00000000E+1	5.46000000E+2	4.00510000E+1	4.00510000E+1	9.98726624E-1	2.64662555E+0	1.36326184E+1
9.64125000E+3	7.99715515E+1	-4.50075000E+5	-4.37448000E+5	4.00000000E+1	5.71000000E+2	4.00500000E+1	4.00500000E+1	9.98751561E-1	3.07116105E+0	1.42571785E+1
9.64150000E+3	7.99632800E+1	-4.50770000E+5	-4.38145000E+5	2.80000000E+1	5.53000000E+2	4.00510000E+1	4.00510000E+1	6.99108636E-1	3.19592520E+0	1.38073956E+1
9.64175000E+3	7.99550157E+1	-4.51465000E+5	-4.38841000E+5	4.50000000E+1	5.90000000E+2	4.00500000E+1	4.00500000E+1	1.12359551E+0	3.09612984E+0	1.47315855E+1
9.64200000E+3	7.99467583E+1	-4.52159000E+5	-4.39537000E+5	5.20000000E+1	5.70000000E+2	4.00500000E+1	4.00510000E+1	1.29834461E+0	3.09612984E+0	1.42322097E+1
9.64225000E+3	7.99385080E+1	-4.52853000E+5	-4.40232000E+5	4.30000000E+1	5.92000000E+2	4.00500000E+1	4.00500000E+1	1.07365793E+0	3.52059925E+0	1.47815231E+1
9.64250000E+3	7.99302647E+1	-4.53546000E+5	-4.40926000E+5	3.50000000E+1	5.54000000E+2	4.00500000E+1	4.00500000E+1	8.73907615E-1	2.49687890E+0	1.38327091E+1
9.64275000E+3	7.99220284E+1	-4.54238000E+5	-4.41619000E+5	3.90000000E+1	5.74000000E+2	4.00500000E+1	4.00510000E+1	9.73758458E-1	2.92134831E+0	1.43320849E+1
9.64300000E+3	7.99137991E+1	-4.54930000E+5	-4.42312000E+5	5.00000000E+1	5.81000000E+2	4.00510000E+1	4.00510000E+1	1.24840828E+0	3.34573419E+0	1.45065042E+1
9.64325000E+3	7.99055768E+1	-4.55621000E+5	-4.43005000E+5	5.10000000E+1	5.76000000E+2	4.00500000E+1	4.00500000E+1	1.27340824E+0	3.09612984E+0	1.43820225E+1
9.64350000E+3	7.98973614E+1	-4.56311000E+5	-4.43696000E+5	4.30000000E+1	5.81000000E+2	4.00510000E+1	4.00510000E+1	1.07363112E+0	3.29579786E+0	1.45065042E+1
9.64375000E+3	7.98891530E+1	-4.57001000E+5	-4.44387000E+5	4.60000000E+1	5.77000000E+2	4.00510000E+1	4.00510000E+1	1.14853562E+0	2.87133904E+0	1.44066315E+1
9.64400000E+3	7.98809514E+1	-4.57689000E+5	-4.45077000E+5	3.80000000E+1	5.90000000E+2	4.00500000E+1	4.00510000E+1	9.48790292E-1	2.82147316E+0	1.47315855E+1
9.64425000E+3	7.98727568E+1	-4.58378000E+5	-4.45767000E+5	4.00000000E+1	5.59000000E+2	4.00500000E+1	4.00500000E+1	9.98751561E-1	2.37203496E+0	1.39575531E+1
9.64450000E+3	7.98645690E+1	-4.59065000E+5	-4.46456000E+5	3.80000000E+1	5.65000000E+2	4.00500000E+1	4.00500000E+1	9.48813983E-1	3.09612984E+0	1.41073658E+1
9.64475000E+3	7.98563881E+1	-4.59752000E+5	-4.47144000E+5	3.70000000E+1	5.39000000E+2	4.00500000E+1	4.00500000E+1	9.23845194E-1	2.82147316E+0	1.34581773E+1
9.64500000E+3	7.98482141E+1	-4.60439000E+5	-4.47832000E+5	4.00000000E+1	5.45000000E+2	4.00510000E+1	4.00510000E+1	9.98726624E-1	2.62165739E+0	1.36076502E+1
9.64525000E+3	7.98400469E+1	-4.61124000E+5	-4.48519000E+5	3.90000000E+1	5.82000000E+2	4.00500000E+1	4.00510000E+1	9.73758458E-1	2.47191011E+0	1.45318352E+1
9.64550000E+3	7.98318865E+1	-4.61809000E+5	-4.49206000E+5	4.00000000E+1	5.91000000E+2	4.00500000E+1	4.00510000E+1	9.98726624E-1	3.02122347E+0	1.47565543E+1
9.64575000E+3	7.98237329E+1	-4.62494000E+5	-4.49891000E+5	3.90000000E+1	6.03000000E+2	4.00500000E+1	4.00500000E+1	9.73782772E-1	2.92134831E+0	1.50561798E+1
9.64600000E+3	7.98155861E+1	-4.63178000E+5	-4.50576000E+5	5.20000000E+1	5.79000000E+2	4.00500000E+1	4.00500000E+1	1.29837703E+0	3.49563046E+0	1.44569288E+1
9.64625000E+3	7.98074461E+1	-4.63861000E+5	-4.51261000E+5	4.50000000E+1	5.86000000E+2	4.00500000E+1	4.00510000E+1	1.12356745E+0	2.77153558E+0	1.46317104E+1
9.64650000E+3	7.97993128E+1	-4.64543000E+5	-4.51945000E+5	4.80000000E+1	5.91000000E+2	4.00500000E+1	4.00500000E+1	1.19850187E+0	2.72159800E+0	1.47565543E+1
9.64675000E+3	7.97911863E+1	-4.65225000E+5	-4.52628000E+5	4.60000000E+1	5.77000000E+2	4.00500000E+1	4.00510000E+1	1.14853562E+0	2.77153558E+0	1.44069913E+1
9.64700000E+3	7.97830665E+1	-4.65906000E+5	-4.53310000E+5	5.00000000E+1	5.50000000E+2	4.00520000E+1	4.00520000E+1	1.24837711E+0	2.89623489E+0	1.37321482E+1
9.64725000E+3	7.97749534E+1	-4.66587000E+5	-4.53992000E+5	5.30000000E+1	5.95000000E+2	4.00500000E+1	4.00510000E+1	1.32331278E+0	3.82022472E+0	1.48564295E+1
9.64750000E+3	7.97668469E+1	-4.67267000E+5	-4.54674000E+5	5.40000000E+1	5.76000000E+2	4.00510000E+1	4.00520000E+1	1.34824728E+0	2.94624354E+0	1.43816634E+1
9.64775000E+3	7.97587472E+1	-4.67946000E+5	-4.55354000E+5	5.40000000E+1	5.81000000E+2	4.00500000E+1	4.00500000E+1	1.34831461E+0	3.24594257E+0	1.45068664E+1
9.64800000E+3	7.97506541E+1	-4.68625000E+5	-4.56034000E+5	4.60000000E+1	6.03000000E+2	4.00500000E+1	4.00500000E+1	1.14856429E+0	3.52059925E+0	1.50561798E+1
9.64825000E+3	7.97425676E+1	-4.69303000E+5	-4.56714000E+5	5.80000000E+1	6.10000000E+2	4.00490000E+1	4.00490000E+1	1.44822592E+0	3.34590127E+0	1.52313416E+1
9.64850000E+3	7.97344878E+1	-4.69980000E+5	-4.57392000E+5	4.90000000E+1	5.83000000E+2	4.00510000E+1	4.00510000E+1	1.22344011E+0	3.27082969E+0	1.45564405E+1
9.64875000E+3	7.97264146E+1	-4.70657000E+5	-4.58071000E+5	4.60000000E+1	6.04000000E+2	4.00490000E+1	4.00500000E+1	1.14856429E+0	3.22105421E+0	1.50815251E+1
9.64900000E+3	7.97183480E+1	-4.71333000E+5	-4.58748000E+5	5.20000000E+1	5.80000000E+2	4.00490000E+1	4.00500000E+1	1.29837703E+0	3.17111538E+0	1.44822592E+1
9.64925000E+3	7.97102880E+1	-4.72009000E+5	-4.59425000E+5	4.80000000E+1	5.66000000E+2	4.00510000E+1	4.00510000E+1	1.19847195E+0	2.99617987E+0	1.41319817E+1
9.64950000E+3	7.97022345E+1	-4.72684000E+5	-4.60101000E+5	5.30000000E+1	6.02000000E+2	4.00510000E+1	4.00510000E+1	1.32331278E+0	3.34573419E+0	1.50308357E+1
9.64975000E+3	7.96941876E+1	-4.73358000E+5	-4.60777000E+5	5.10000000E+1	6.00000000E+2	4.00500000E+1	4.00510000E+1	1.27337645E+0	3.22097378E+0	1.49812734E+1
9.65000000E+3	7.96861472E+1	-4.74032000E+5	-4.61452000E+5	4.10000000E+1	5.73000000E+2	4.00500000E+1	4.00500000E+1	1.02372035E+0	2.92134831E+0	1.43071161E+1
9.65025000E+3	7.96781134E+1	-4.74705000E+5	-4.62126000E+5	4.20000000E+1	5.51000000E+2	4.00500000E+1	4.00510000E+1	1.04866295E+0	2.59675406E+0	1.37578027E+1
9.65050000E+3	7.96700860E+1	-4.75377000E+5	-4.62800000E+5	5.20000000E+1	5.57000000E+2	4.00510000E+1	4.00510000E+1	1.29834461E+0	3.27082969E+0	1.39072682E+1
9.65075000E+3	7.96620652E+1	-4.76049000E+5	-4.63473000E+5	5.10000000E+1	5.97000000E+2	4.00510000E+1	4.00510000E+1	1.27337645E+0	3.47057502E+0	1.49059949E+1
9.65100000E+3	7.96540508E+1	-4.76720000E+5	-4.64146000E+5	5.40000000E+1	5.56000000E+2	4.00510000E+1	4.00510000E+1	1.34828094E+0	3.32076602E+0	1.38823001E+1
9.65125000E+3	7.96460429E+1	-4.77391000E+5	-4.64818000E+5	4.60000000E+1	5.81000000E+2	4.00520000E+1	4.00520000E+1	1.14850694E+0	3.27074803E+0	1.45061420E+1
9.65150000E+3	7.96380414E+1	-4.78061000E+5	-4.65489000E+5	5.60000000E+1	6.07000000E+2	4.00510000E+1	4.00510000E+1	1.39821727E+0	3.29579786E+0	1.51556765E+1
9.65175000E+3	7.96300464E+1	-4.78730000E+5	-4.66160000E+5	5.90000000E+1	6.04000000E+2	4.00510000E+1	4.00520000E+1	1.47308499E+0	3.77019300E+0	1.50807720E+1
9.65200000E+3	7.96220577E+1	-4.79399000E+5	-4.66830000E+5	6.70000000E+1	5.81000000E+2	4.00500000E+1	4.00510000E+1	1.67286709E+0	3.64544320E+0	1.45068664E+1
9.65225000E+3	7.96140755E+1	-4.80067000E+5	-4.67499000E+5	5.60000000E+1	5.86000000E+2	4.00510000E+1	4.00510000E+1	1.39821727E+0	3.24586153E+0	1.46313450E+1
9.65250000E+3	7.96060997E+1	-4.80735000E+5	-4.68168000E+5	6.50000000E+1	6.43000000E+2	4.00500000E+1	4.00500000E+1	1.62297129E+0	3.47066167E+0	1.60549313E+1
9.65275000E+3	7.95981302E+1	-4.81402000E+5	-4.68836000E+5	6.00000000E+1	5.42000000E+2	4.00510000E+1	4.00510000E+1	1.49808994E+0	3.14598886E+0	1.35327457E+1
9.65300000E+3	7.95901671E+1	-4.82068000E+5	-4.69504000E+5	6.20000000E+1	6.09000000E+2	4.00490000E+1	4.00500000E+1	1.54806492E+0	3.59559540E+0	1.52063722E+1
9.65325000E+3	7.95822103E+1	-4.82734000E+5	-4.70171000E+5	6.60000000E+1	6.28000000E+2	4.00520000E+1	4.00520000E+1	1.64785778E+0	3.74513133E+0	1.56796165E+1
9.65350000E+3	7.95742599E+1	-4.83399000E+5	-4.70838000E+5	5.50000000E+1	6.20000000E+2	4.00500000E+1	4.00510000E+1	1.37324911E+0	3.24594257E+0	1.54806492E+1
9.65375000E+3	7.95663158E+1	-4.84063000E+5	-4.71504000E+5	7.10000000E+1	6.00000000E+2	4.00500000E+1	4.00510000E+1	1.77273976E+0	3.69538077E+0	1.49812734E+1
9.65400000E+3	7.95583780E+1	-4.84727000E+5	-4.72169000E+5	6.80000000E+1	5.77000000E+2	4.00500000E+1	4.00500000E+1	1.69787765E+0	3.57053683E+0	1.44069913E+1
9.65425000E+3	7.95504465E+1	-4.85391000E+5	-4.72834000E+5	7.10000000E+1	6.13000000E+2	4.00490000E+1	4.00490000E+1	1.77282829E+0	3.59559540E+0	1.53062498E+1
9.65450000E+3	7.95425212E+1	-4.86053000E+5	-4.73498000E+5	5.80000000E+1	5.64000000E+2	4.00500000E+1	4.00500000E+1	1.44818976E+0	3.07116105E+0	1.40823970E+1
9.65475000E+3	7.95346022E+1	-4.86716000E+5	-4.74161000E+5	6.60000000E+1	5.51000000E+2	4.00510000E+1	4.00520000E+1	1.64785778E+0	3.47057502E+0	1.37574592E+1
9.65500000E+3	7.95266895E+1	-4.87377000E+5	-4.74824000E+5	8.00000000E+1	6.16000000E+2	4.00490000E+1	4.00500000E+1	1.99750312E+0	3.97013658E+0	1.53811581E+1
9.65525000E+3	7.95187830E+1	-4.88038000E+5	-4.75486000E+5	8.20000000E+1	6.23000000E+2	4.00500000E+1	4.00500000E+1	2.04744070E+0	4.11985019E+0	1.55555556E+1
9.65550000E+3	7.95108827E+1	-4.88698000E+5	-4.76148000E+5	8.00000000E+1	6.27000000E+2	4.00490000E+1	4.00500000E+1	1.99750312E+0	3.84528952E+0	1.56558216E+1
9.65575000E+3	7.95029886E+1	-4.89358000E+5	-4.76809000E+5	7.90000000E+1	5.86000000E+2	4.00490000E+1	4.00500000E+1	1.97253433E+0	3.64553422E+0	1.46320757E+1
9.65600000E+3	7.94951007E+1	-4.90017000E+5	-4.77470000E+5	7.90000000E+1	6.03000000E+2	4.00500000E+1	4.00500000E+1	1.97253433E+0	3.89513109E+0	1.50561798E+1
9.65625000E+3	7.94872189E+1	-4.90676000E+5	-4.78130000E+5	9.00000000E+1	6.19000000E+2	4.00510000E+1	4.00520000E+1	2.24707880E+0	4.34446081E+0	1.54552945E+1
9.65650000E+3	7.94793434E+1	-4.91334000E+5	-4.78789000E+5	9.90000000E+1	6.59000000E+2	4.00510000E+1	4.00510000E+1	2.47184839E+0	4.49426981E+0	1.64540211E+1
9.65675000E+3	7.94714739E+1	-4.91992000E+5	-4.79448000E+5	1.06000000E+2	6.60000000E+2	4.00500000E+1	4.00500000E+1	2.64669164E+0	4.66916355E+0	1.64794007E+1
9.65700000E+3	7.94636106E+1	-4.92648000E+5	-4.80106000E+5	1.25000000E+2	6.51000000E+2	4.00500000E+1	4.00500000E+1	3.12109863E+0	5.09363296E+0	1.62546816E+1
9.65725000E+3	7.94557535E+1	-4.93305000E+5	-4.80764000E+5	1.30000000E+2	6.14000000E+2	4.00510000E+1	4.00510000E+1	3.24586153E+0	4.76891963E+0	1.53304537E+1
9.65750000E+3	7.94479024E+1	-4.93960000E+5	-4.81421000E+5	1.48000000E+2	6.48000000E+2	4.00500000E+1	4.00510000E+1	3.69528851E+0	5.36828964E+0	1.61797753E+1
9.65775000E+3	7.94400575E+1	-4.94615000E+5	-4.82077000E+5	1.33000000E+2	6.44000000E+2	4.00500000E+1	4.00500000E+1	3.32084894E+0	4.81897628E+0	1.60799001E+1
9.65800000E+3	7.94322186E+1	-4.95270000E+5	-4.82733000E+5	1.33000000E+2	6.65000000E+2	4.00490000E+1	4.00500000E+1	3.32084894E+0	5.34345427E+0	1.66046593E+1
9.65825000E+3	7.94243858E+1	-4.95924000E+5	-4.83388000E+5	1.33000000E+2	6.72000000E+2	4.00500000E+1	4.00500000E+1	3.32084894E+0	5.36828964E+0	1.67790262E+1
9.65850000E+3	7.94165590E+1	-4.96577000E+5	-4.84043000E+5	1.28000000E+2	7.13000000E+2	4.00520000E+1	4.00520000E+1	3.19584540E+0	5.31808649E+0	1.78018576E+1
9.65875000E+3	7.94087383E+1	-4.97230000E+5	-4.84697000E+5	1.09000000E+2	6.59000000E+2	4.00500000E+1	4.00510000E+1	2.72153005E+0	4.79400749E+0	1.64544320E+1
9.65900000E+3	7.94009236E+1	-4.97882000E+5	-4.85351000E+5	1.31000000E+2	6.66000000E+2	4.00500000E+1	4.00510000E+1	3.27082969E+0	5.09363296E+0	1.66292135E+1
9.65925000E+3	7.93931149E+1	-4.98534000E+5	-4.86004000E+5	1.02000000E+2	6.23000000E+2	4.00500000E+1	4.00500000E+1	2.54681648E+0	4.54431960E+0	1.55555556E+1
9.65950000E+3	7.93853123E+1	-4.99185000E+5	-4.86656000E+5	1.19000000E+2	6.79000000E+2	4.00500000E+1	4.00500000E+1	2.97128589E+0	4.71910112E+0	1.69538077E+1
9.65975000E+3	7.93775156E+1	-4.99836000E+5	-4.87308000E+5	8.60000000E+1	6.18000000E+2	4.00510000E+1	4.00510000E+1	2.14726224E+0	3.84509750E+0	1.54303263E+1
9.66000000E+3	7.93697249E+1	-5.00486000E+5	-4.87959000E+5	8.40000000E+1	6.09000000E+2	4.00500000E+1	4.00510000E+1	2.09732591E+0	3.87016230E+0	1.52059925E+1
9.66025000E+3	7.93619401E+1	-5.01135000E+5	-4.88610000E+5	8.40000000E+1	6.43000000E+2	4.00510000E+1	4.00510000E+1	2.09732591E+0	4.44433347E+0	1.60545305E+1
9.66050000E+3	7.93541613E+1	-5.01784000E+5	-4.89260000E+5	6.50000000E+1	5.91000000E+2	4.00510000E+1	4.00510000E+1	1.62293076E+0	3.42063869E+0	1.47561859E+1
9.66075000E+3	7.93463884E+1	-5.02432000E+5	-4.89910000E+5	6.50000000E+1	5.82000000E+2	4.00510000E+1	4.00510000E+1	1.62293076E+0	3.27082969E+0	1.45314724E+1
9.66100000E+3	7.93386215E+1	-5.03080000E+5	-4.90559000E+5	4.60000000E+1	6.00000000E+2	4.00490000E+1	4.00500000E+1	1.14856429E+0	2.79657420E+0	1.49816475E+1
9.66125000E+3	7.93308605E+1	-5.03727000E+5	-4.91207000E+5	5.60000000E+1	6.01000000E+2	4.00500000E+1	4.00510000E+1	1.39821727E+0	3.02122347E+0	1.50062422E+1
9.66150000E+3	7.93231054E+1	-5.04374000E+5	-4.91855000E+5	5.60000000E+1	5.68000000E+2	4.00500000E+1	4.00500000E+1	1.39825218E+0	3.22097378E+0	1.41822722E+1
9.66175000E+3	7.93153561E+1	-5.05020000E+5	-4.92503000E+5	4.20000000E+1	5.92000000E+2	4.00500000E+1	4.00510000E+1	1.04866295E+0	3.09612984E+0	1.47815231E+1
9.66200000E+3	7.93076127E+1	-5.05665000E+5	-4.93149000E+5	5.60000000E+1	6.03000000E+2	4.00510000E+1	4.00520000E+1	1.39818236E+0	3.44560685E+0	1.50558039E+1
9.66225000E+3	7.92998752E+1	-5.06310000E+5	-4.93796000E+5	4.50000000E+1	5.76000000E+2	4.00490000E+1	4.00500000E+1	1.12359551E+0	2.99632950E+0	1.43823816E+1
9.66250000E+3	7.92921436E+1	-5.06954000E+5	-4.94441000E+5	5.00000000E+1	5.98000000E+2	4.00510000E+1	4.00510000E+1	1.24840828E+0	3.42063869E+0	1.49309630E+1
9.66275000E+3	7.92844177E+1	-5.07598000E+5	-4.95086000E+5	4.60000000E+1	5.88000000E+2	4.00500000E+1	4.00510000E+1	1.14853562E+0	2.77153558E+0	1.46816479E+1
9.66300000E+3	7.92766977E+1	-5.08241000E+5	-4.95731000E+5	3.80000000E+1	6.24000000E+2	4.00500000E+1	4.00500000E+1	9.48813983E-1	3.14606742E+0	1.55805243E+1
9.66325000E+3	7.92689835E+1	-5.08884000E+5	-4.96375000E+5	3.80000000E+1	5.41000000E+2	4.00500000E+1	4.00500000E+1	9.48813983E-1	2.69662921E+0	1.35081149E+1
9.66350000E+3	7.92612751E+1	-5.09526000E+5	-4.97018000E+5	4.60000000E+1	6.00000000E+2	4.00510000E+1	4.00510000E+1	1.14853562E+0	3.42063869E+0	1.49808994E+1
9.66375000E+3	7.92535725E+1	-5.10168000E+5	-4.97661000E+5	3.70000000E+1	5.63000000E+2	4.00500000E+1	4.00510000E+1	9.23822127E-1	2.64669164E+0	1.40574282E+1
9.66400000E+3	7.92458757E+1	-5.10809000E+5	-4.98304000E+5	4.20000000E+1	5.88000000E+2	4.00510000E+1	4.00510000E+1	1.04866295E+0	2.99617987E+0	1.46812814E+1
9.66425000E+3	7.92381846E+1	-5.11449000E+5	-4.98946000E+5	5.50000000E+1	5.41000000E+2	4.00500000E+1	4.00510000E+1	1.37324911E+0	3.12109863E+0	1.35081149E+1
9.66450000E+3	7.92304993E+1	-5.12089000E+5	-4.99587000E+5	4.00000000E+1	5.65000000E+2	4.00510000E+1	4.00510000E+1	9.98726624E-1	3.12102070E+0	1.41070136E+1
9.66475000E+3	7.92228197E+1	-5.12728000E+5	-5.00227000E+5	4.30000000E+1	5.98000000E+2	4.00500000E+1	4.00500000E+1	1.07365793E+0	2.89637953E+0	1.49313358E+1
9.66500000E+3	7.92151458E+1	-5.13367000E+5	-5.00868000E+5	5.50000000E+1	5.41000000E+2	4.00500000E+1	4.00500000E+1	1.37328340E+0	3.24594257E+0	1.35081149E+1
9.66525000E+3	7.92074777E+1	-5.14006000E+5	-5.01507000E+5	3.90000000E+1	6.05000000E+2	4.00510000E+1	4.00520000E+1	9.73734146E-1	3.04611620E+0	1.51057402E+1
9.66550000E+3	7.91998152E+1	-5.14643000E+5	-5.02146000E+5	4.10000000E+1	5.63000000E+2	4.00500000E+1	4.00510000E+1	1.02369479E+0	2.67166042E+0	1.40574282E+1
9.66575000E+3	7.91921585E+1	-5.15281000E+5	-5.02785000E+5	3.80000000E+1	5.33000000E+2	4.00490000E+1	4.00500000E+1	9.48813983E-1	2.82154361E+0	1.33086968E+1
9.66600000E+3	7.91845074E+1	-5.15917000E+5	-5.03423000E+5	3.60000000E+1	5.54000000E+2	4.00500000E+1	4.00500000E+1	8.98876404E-1	2.94631710E+0	1.38327091E+1
9.66625000E+3	7.91768620E+1	-5.16553000E+5	-5.04060000E+5	3.90000000E+1	5.68000000E+2	4.00500000E+1	4.00510000E+1	9.73758458E-1	3.04619226E+0	1.41822722E+1
9.66650000E+3	7.91692222E+1	-5.17189000E+5	-5.04697000E+5	5.80000000E+1	5.66000000E+2	4.00510000E+1	4.00510000E+1	1.44815360E+0	2.87133904E+0	1.41319817E+1
9.66675000E+3	7.91615881E+1	-5.17824000E+5	-5.05334000E+5	5.20000000E+1	5.71000000E+2	4.00500000E+1	4.00500000E+1	1.29837703E+0	3.04619226E+0	1.42571785E+1
9.66700000E+3	7.91539596E+1	-5.18459000E+5	-5.05970000E+5	4.60000000E+1	5.79000000E+2	4.00490000E+1	4.00500000E+1	1.14856429E+0	3.22105421E+0	1.44572898E+1
9.66725000E+3	7.91463367E+1	-5.19093000E+5	-5.06605000E+5	3.20000000E+1	5.71000000E+2	4.00490000E+1	4.00490000E+1	7.99021199E-1	2.64675772E+0	1.42575345E+1
9.66750000E+3	7.91387194E+1	-5.19726000E+5	-5.07240000E+5	4.50000000E+1	5.31000000E+2	4.00500000E+1	4.00510000E+1	1.12356745E+0	2.89637953E+0	1.32584270E+1
9.66775000E+3	7.91311078E+1	-5.20359000E+5	-5.07874000E+5	2.70000000E+1	5.79000000E+2	4.00500000E+1	4.00510000E+1	6.74140471E-1	2.57178527E+0	1.44569288E+1
9.66800000E+3	7.91235017E+1	-5.20991000E+5	-5.08508000E+5	4.20000000E+1	6.11000000E+2	4.00490000E+1	4.00500000E+1	1.04868914E+0	3.04626832E+0	1.52563110E+1
9.66825000E+3	7.91159011E+1	-5.21623000E+5	-5.09141000E+5	2.70000000E+1	5.33000000E+2	4.00510000E+1	4.00510000E+1	6.74140471E-1	2.47184839E+0	1.33080323E+1
9.66850000E+3	7.91083062E+1	-5.22254000E+5	-5.09773000E+5	4.00000000E+1	5.85000000E+2	4.00500000E+1	4.00500000E+1	9.98751561E-1	3.17103620E+0	1.46067416E+1
9.66875000E+3	7.91007168E+1	-5.22885000E+5	-5.10406000E+5	2.40000000E+1	5.13000000E+2	4.00490000E+1	4.00500000E+1	5.99250936E-1	2.14736947E+0	1.28093086E+1
9.66900000E+3	7.90931329E+1	-5.23515000E+5	-5.11037000E+5	3.30000000E+1	5.89000000E+2	4.00500000E+1	4.00510000E+1	8.23949464E-1	2.57178527E+0	1.47066167E+1
9.66925000E+3	7.90855545E+1	-5.24145000E+5	-5.11668000E+5	4.50000000E+1	5.94000000E+2	4.00500000E+1	4.00510000E+1	1.12356745E+0	3.07116105E+0	1.48314607E+1
9.66950000E+3	7.90779817E+1	-5.24774000E+5	-5.12299000E+5	3.50000000E+1	5.61000000E+2	4.00500000E+1	4.00510000E+1	8.73885796E-1	2.77153558E+0	1.40074906E+1
9.66975000E+3	7.90704143E+1	-5.25403000E+5	-5.12929000E+5	4.60000000E+1	5.83000000E+2	4.00500000E+1	4.00500000E+1	1.14856429E+0	2.89637953E+0	1.45568040E+1
9.67000000E+3	7.90628525E+1	-5.26031000E+5	-5.13558000E+5	3.30000000E+1	5.79000000E+2	4.00500000E+1	4.00500000E+1	8.23970037E-1	2.47191011E+0	1.44569288E+1
9.67025000E+3	7.90552961E+1	-5.26659000E+5	-5.14187000E+5	3.80000000E+1	5.47000000E+2	4.00500000E+1	4.00500000E+1	9.48813983E-1	2.84644195E+0	1.36579276E+1
9.67050000E+3	7.90477452E+1	-5.27286000E+5	-5.14816000E+5	4.20000000E+1	5.56000000E+2	4.00500000E+1	4.00500000E+1	1.04868914E+0	2.42197253E+0	1.38826467E+1
9.67075000E+3	7.90401998E+1	-5.27913000E+5	-5.15444000E+5	3.90000000E+1	5.83000000E+2	4.00500000E+1	4.00510000E+1	9.73758458E-1	2.94631710E+0	1.45568040E+1
9.67100000E+3	7.90326598E+1	-5.28539000E+5	-5.16071000E+5	3.10000000E+1	5.83000000E+2	4.00500000E+1	4.00510000E+1	7.74013133E-1	2.82147316E+0	1.45568040E+1
9.67125000E+3	7.90251252E+1	-5.29164000E+5	-5.16698000E+5	2.80000000E+1	5.55000000E+2	4.00500000E+1	4.00500000E+1	6.99126092E-1	2.29712859E+0	1.38576779E+1
9.67150000E+3	7.90175961E+1	-5.29789000E+5	-5.17324000E+5	4.70000000E+1	5.51000000E+2	4.00520000E+1	4.00520000E+1	1.17347448E+0	3.27074803E+0	1.37571157E+1
9.67175000E+3	7.90100724E+1	-5.30414000E+5	-5.17950000E+5	2.90000000E+1	5.76000000E+2	4.00500000E+1	4.00500000E+1	7.24094881E-1	2.47191011E+0	1.43820225E+1
9.67200000E+3	7.90025541E+1	-5.31038000E+5	-5.18575000E+5	2.60000000E+1	5.26000000E+2	4.00500000E+1	4.00510000E+1	6.49172305E-1	2.57178527E+0	1.31335830E+1
9.67225000E+3	7.89950411E+1	-5.31661000E+5	-5.19200000E+5	3.60000000E+1	5.46000000E+2	4.00500000E+1	4.00510000E+1	8.98853961E-1	2.72159800E+0	1.36329588E+1
9.67250000E+3	7.89875336E+1	-5.32284000E+5	-5.19825000E+5	4.80000000E+1	5.91000000E+2	4.00510000E+1	4.00510000E+1	1.19847195E+0	3.34573419E+0	1.47561859E+1
9.67275000E+3	7.89800314E+1	-5.32907000E+5	-5.20448000E+5	3.10000000E+1	5.73000000E+2	4.00500000E+1	4.00510000E+1	7.74013133E-1	2.89637953E+0	1.43071161E+1
9.67300000E+3	7.89725346E+1	-5.33529000E+5	-5.21072000E+5	4.20000000E+1	6.02000000E+2	4.00510000E+1	4.00510000E+1	1.04866295E+0	2.79643455E+0	1.50308357E+1
9.67325000E+3	7.89650431E+1	-5.34150000E+5	-5.21694000E+5	3.90000000E+1	5.97000000E+2	4.00520000E+1	4.00520000E+1	9.73734146E-1	2.87126735E+0	1.49056227E+1
9.67350000E+3	7.89575570E+1	-5.34771000E+5	-5.22317000E+5	4.60000000E+1	5.74000000E+2	4.00510000E+1	4.00510000E+1	1.14853562E+0	3.27082969E+0	1.43317270E+1
9.67375000E+3	7.89500762E+1	-5.35392000E+5	-5.22938000E+5	4.40000000E+1	5.83000000E+2	4.00500000E+1	4.00510000E+1	1.09859929E+0	3.14606742E+0	1.45568040E+1
9.67400000E+3	7.89426007E+1	-5.36011000E+5	-5.23560000E+5	3.40000000E+1	5.86000000E+2	4.00500000E+1	4.00510000E+1	8.48917630E-1	2.47191011E+0	1.46317104E+1
9.67425000E+3	7.89351305E+1	-5.36631000E+5	-5.24180000E+5	3.30000000E+1	5.35000000E+2	4.00500000E+1	4.00510000E+1	8.23949464E-1	2.57178527E+0	1.33583021E+1
9.67450000E+3	7.89276656E+1	-5.37250000E+5	-5.24801000E+5	4.20000000E+1	5.48000000E+2	4.00500000E+1	4.00510000E+1	1.04866295E+0	2.92134831E+0	1.36828964E+1
9.67475000E+3	7.89202060E+1	-5.37868000E+5	-5.25420000E+5	3.90000000E+1	6.06000000E+2	4.00490000E+1	4.00500000E+1	9.73782772E-1	3.32093186E+0	1.51314640E+1
9.67500000E+3	7.89127517E+1	-5.38486000E+5	-5.26040000E+5	2.60000000E+1	5.49000000E+2	4.00500000E+1	4.00500000E+1	6.49188514E-1	2.42197253E+0	1.37078652E+1
9.67525000E+3	7.89053026E+1	-5.39103000E+5	-5.26658000E+5	3.20000000E+1	5.31000000E+2	4.00500000E+1	4.00500000E+1	7.99001248E-1	2.62172285E+0	1.32584270E+1
9.67550000E+3	7.88978588E+1	-5.39720000E+5	-5.27277000E+5	5.30000000E+1	5.92000000E+2	4.00500000E+1	4.00510000E+1	1.32331278E+0	3.67041199E+0	1.47815231E+1
9.67575000E+3	7.88904202E+1	-5.40337000E+5	-5.27894000E+5	3.80000000E+1	5.90000000E+2	4.00500000E+1	4.00510000E+1	9.48790292E-1	2.99625468E+0	1.47315855E+1
9.67600000E+3	7.88829869E+1	-5.40953000E+5	-5.28512000E+5	4.10000000E+1	5.65000000E+2	4.00510000E+1	4.00510000E+1	1.02369479E+0	3.09605253E+0	1.41070136E+1
9.67625000E+3	7.88755588E+1	-5.41568000E+5	-5.29128000E+5	3.80000000E+1	5.34000000E+2	4.00500000E+1	4.00510000E+1	9.48790292E-1	2.87141074E+0	1.33333333E+1
9.67650000E+3	7.88681359E+1	-5.42183000E+5	-5.29744000E+5	4.60000000E+1	5.91000000E+2	4.00500000E+1	4.00510000E+1	1.14853562E+0	3.22097378E+0	1.47565543E+1
9.67675000E+3	7.88607181E+1	-5.42797000E+5	-5.30360000E+5	3.80000000E+1	5.80000000E+2	4.00500000E+1	4.00510000E+1	9.48790292E-1	2.67166042E+0	1.44818976E+1
9.67700000E+3	7.88533056E+1	-5.43411000E+5	-5.30975000E+5	3.40000000E+1	5.75000000E+2	4.00510000E+1	4.00510000E+1	8.48917630E-1	2.74649821E+0	1.43566952E+1
9.67725000E+3	7.88458983E+1	-5.44025000E+5	-5.31590000E+5	2.20000000E+1	5.76000000E+2	4.00500000E+1	4.00500000E+1	5.49313358E-1	2.64669164E+0	1.43820225E+1
9.67750000E+3	7.88384961E+1	-5.44638000E+5	-5.32204000E+5	2.90000000E+1	5.45000000E+2	4.00500000E+1	4.00510000E+1	7.24076802E-1	2.37203496E+0	1.36079900E+1
9.67775000E+3	7.88310991E+1	-5.45250000E+5	-5.32818000E+5	4.70000000E+1	5.56000000E+2	4.00500000E+1	4.00510000E+1	1.17350378E+0	2.87141074E+0	1.38826467E+1
9.67800000E+3	7.88237072E+1	-5.45862000E+5	-5.33431000E+5	3.80000000E+1	5.60000000E+2	4.00500000E+1	4.00500000E+1	9.48813983E-1	3.12109863E+0	1.39825218E+1
9.67825000E+3	7.88163205E+1	-5.46473000E+5	-5.34044000E+5	3.40000000E+1	5.65000000E+2	4.00500000E+1	4.00500000E+1	8.48938826E-1	2.32209738E+0	1.41073658E+1
9.67850000E+3	7.88089389E+1	-5.47084000E+5	-5.34656000E+5	3.90000000E+1	5.92000000E+2	4.00500000E+1	4.00510000E+1	9.73758458E-1	2.67166042E+0	1.47815231E+1
9.67875000E+3	7.88015625E+1	-5.47695000E+5	-5.35268000E+5	4.50000000E+1	5.78000000E+2	4.00500000E+1	4.00500000E+1	1.12359551E+0	2.99625468E+0	1.44319600E+1
9.67900000E+3	7.87941911E+1	-5.48305000E+5	-5.35880000E+5	3.20000000E+1	5.22000000E+2	4.00510000E+1	4.00510000E+1	7.98981299E-1	2.37197573E+0	1.30333824E+1
9.67925000E+3	7.87868248E+1	-5.48914000E+5	-5.36490000E+5	4.90000000E+1	6.02000000E+2	4.00480000E+1	4.00490000E+1	1.22350121E+0	2.97143428E+0	1.50319616E+1
9.67950000E+3	7.87794637E+1	-5.49523000E+5	-5.37101000E+5	4.00000000E+1	5.76000000E+2	4.00500000E+1	4.00510000E+1	9.98726624E-1	2.79650437E+0	1.43820225E+1
9.67975000E+3	7.87721076E+1	-5.50132000E+5	-5.37711000E+5	3.60000000E+1	6.00000000E+2	4.00500000E+1	4.00510000E+1	8.98853961E-1	2.69662921E+0	1.49812734E+1
9.68000000E+3	7.87647565E+1	-5.50740000E+5	-5.38320000E+5	3.80000000E+1	5.71000000E+2	4.00500000E+1	4.00510000E+1	9.48790292E-1	2.74656679E+0	1.42571785E+1
9.68025000E+3	7.87574106E+1	-5.51347000E+5	-5.38929000E+5	4.10000000E+1	5.59000000E+2	4.00510000E+1	4.00510000E+1	1.02369479E+0	2.72153005E+0	1.39572046E+1
9.68050000E+3	7.87500697E+1	-5.51954000E+5	-5.39537000E+5	3.80000000E+1	5.78000000E+2	4.00500000E+1	4.00500000E+1	9.48813983E-1	2.99625468E+0	1.44319600E+1
9.68075000E+3	7.87427338E+1	-5.52561000E+5	-5.40145000E+5	3.30000000E+1	5.94000000E+2	4.00500000E+1	4.00500000E+1	8.23970037E-1	2.77153558E+0	1.48314607E+1
9.68100000E+3	7.87354030E+1	-5.53167000E+5	-5.40752000E+5	2.80000000E+1	5.69000000E+2	4.00500000E+1	4.00500000E+1	6.99126092E-1	2.77153558E+0	1.42072409E+1
9.68125000E+3	7.87280771E+1	-5.53773000E+5	-5.41359000E+5	2.20000000E+1	5.55000000E+2	4.00500000E+1	4.00510000E+1	5.49299643E-1	2.37203496E+0	1.38576779E+1
9.68150000E+3	7.87207563E+1	-5.54378000E+5	-5.41966000E+5	3.10000000E+1	5.70000000E+2	4.00500000E+1	4.00510000E+1	7.74013133E-1	3.02122347E+0	1.42322097E+1
9.68175000E+3	7.87134405E+1	-5.54982000E+5	-5.42572000E+5	3.70000000E+1	5.67000000E+2	4.00500000E+1	4.00500000E+1	9.23845194E-1	3.04619226E+0	1.41573034E+1
9.68200000E+3	7.87061297E+1	-5.55587000E+5	-5.43177000E+5	3.60000000E+1	5.72000000E+2	4.00500000E+1	4.00500000E+1	8.98876404E-1	2.67166042E+0	1.42821473E+1
9.68225000E+3	7.86988239E+1	-5.56190000E+5	-5.43782000E+5	4.10000000E+1	5.75000000E+2	4.00490000E+1	4.00500000E+1	1.02372035E+0	2.74663537E+0	1.43574122E+1
9.68250000E+3	7.86915230E+1	-5.56794000E+5	-5.44387000E+5	3.30000000E+1	5.49000000E+2	4.00500000E+1	4.00510000E+1	8.23949464E-1	2.34706617E+0	1.37078652E+1
9.68275000E+3	7.86842271E+1	-5.57396000E+5	-5.44991000E+5	3.40000000E+1	5.62000000E+2	4.00510000E+1	4.00510000E+1	8.48917630E-1	2.67159372E+0	1.40321091E+1
9.68300000E+3	7.86769362E+1	-5.57999000E+5	-5.45595000E+5	2.80000000E+1	5.59000000E+2	4.00490000E+1	4.00500000E+1	6.99126092E-1	2.34712477E+0	1.39579016E+1
9.68325000E+3	7.86696502E+1	-5.58600000E+5	-5.46198000E+5	2.40000000E+1	5.51000000E+2	4.00490000E+1	4.00490000E+1	5.99265899E-1	2.32215536E+0	1.37581463E+1
9.68350000E+3	7.86623691E+1	-5.59202000E+5	-5.46800000E+5	2.60000000E+1	5.40000000E+2	4.00500000E+1	4.00510000E+1	6.49172305E-1	2.32209738E+0	1.34831461E+1
9.68375000E+3	7.86550930E+1	-5.59803000E+5	-5.47403000E+5	3.70000000E+1	5.72000000E+2	4.00490000E+1	4.00490000E+1	9.23868261E-1	2.94639067E+0	1.42825039E+1
9.68400000E+3	7.86478217E+1	-5.60403000E+5	-5.48004000E+5	2.80000000E+1	5.26000000E+2	4.00500000E+1	4.00510000E+1	6.99108636E-1	2.62172285E+0	1.31335830E+1
9.68425000E+3	7.86405554E+1	-5.61003000E+5	-5.48606000E+5	3.10000000E+1	5.53000000E+2	4.00510000E+1	4.00510000E+1	7.74013133E-1	2.87133904E+0	1.38073956E+1
9.68450000E+3	7.86332940E+1	-5.61602000E+5	-5.49206000E+5	2.70000000E+1	5.56000000E+2	4.00500000E+1	4.00500000E+1	6.74157303E-1	2.44694132E+0	1.38826467E+1
9.68475000E+3	7.86260375E+1	-5.62201000E+5	-5.49807000E+5	3.90000000E+1	5.81000000E+2	4.00490000E+1	4.00500000E+1	9.73782772E-1	3.04626832E+0	1.45072286E+1
9.68500000E+3	7.86187858E+1	-5.62800000E+5	-5.50406000E+5	3.00000000E+1	5.77000000E+2	4.00510000E+1	4.00510000E+1	7.49044968E-1	2.72153005E+0	1.44066315E+1
9.68525000E+3	7.86115391E+1	-5.63398000E+5	-5.51006000E+5	2.50000000E+1	5.78000000E+2	4.00500000E+1	4.00510000E+1	6.24204140E-1	2.59675406E+0	1.44319600E+1
9.68550000E+3	7.86042971E+1	-5.63995000E+5	-5.51605000E+5	3.00000000E+1	5.55000000E+2	4.00500000E+1	4.00500000E+1	7.49063670E-1	2.22222222E+0	1.38576779E+1
9.68575000E+3	7.85970601E+1	-5.64593000E+5	-5.52203000E+5	2.30000000E+1	5.53000000E+2	4.00490000E+1	4.00500000E+1	5.74282147E-1	2.64675772E+0	1.38080851E+1
9.68600000E+3	7.85898278E+1	-5.65189000E+5	-5.52801000E+5	4.10000000E+1	5.96000000E+2	4.00500000E+1	4.00510000E+1	1.02369479E+0	2.97128589E+0	1.48813983E+1
9.68625000E+3	7.85826004E+1	-5.65785000E+5	-5.53399000E+5	3.80000000E+1	6.05000000E+2	4.00500000E+1	4.00510000E+1	9.48790292E-1	2.92134831E+0	1.51061174E+1
9.68650000E+3	7.85753779E+1	-5.66381000E+5	-5.53996000E+5	3.10000000E+1	5.82000000E+2	4.00500000E+1	4.00500000E+1	7.74032459E-1	2.49687890E+0	1.45318352E+1
9.68675000E+3	7.85681601E+1	-5.66976000E+5	-5.54592000E+5	3.60000000E+1	5.68000000E+2	4.00490000E+1	4.00490000E+1	8.98898849E-1	2.79657420E+0	1.41826263E+1
9.68700000E+3	7.85609472E+1	-5.67571000E+5	-5.55188000E+5	3.00000000E+1	5.70000000E+2	4.00510000E+1	4.00510000E+1	7.49044968E-1	2.79643455E+0	1.42318544E+1
9.68725000E+3	7.85537390E+1	-5.68166000E+5	-5.55784000E+5	2.50000000E+1	5.55000000E+2	4.00510000E+1	4.00510000E+1	6.24204140E-1	2.34700757E+0	1.38573319E+1
9.68750000E+3	7.85465357E+1	-5.68759000E+5	-5.56379000E+5	2.10000000E+1	5.29000000E+2	4.00500000E+1	4.00510000E+1	5.24331477E-1	2.69662921E+0	1.32084894E+1
9.68775000E+3	7.85393371E+1	-5.69353000E+5	-5.56974000E+5	2.70000000E+1	5.36000000E+2	4.00510000E+1	4.00510000E+1	6.74140471E-1	2.47184839E+0	1.33829368E+1
9.68800000E+3	7.85321433E+1	-5.69946000E+5	-5.57568000E+5	2.50000000E+1	5.78000000E+2	4.00500000E+1	4.00510000E+1	6.24204140E-1	2.62172285E+0	1.44319600E+1
9.68825000E+3	7.85249542E+1	-5.70538000E+5	-5.58162000E+5	2.20000000E+1	5.47000000E+2	4.00500000E+1	4.00500000E+1	5.49313358E-1	2.34706617E+0	1.36579276E+1
9.68850000E+3	7.85177699E+1	-5.71130000E+5	-5.58756000E+5	2.70000000E+1	5.35000000E+2	4.00500000E+1	4.00500000E+1	6.74157303E-1	2.74656679E+0	1.33583021E+1
9.68875000E+3	7.85105904E+1	-5.71722000E+5	-5.59349000E+5	2.00000000E+1	5.70000000E+2	4.00500000E+1	4.00510000E+1	4.99363312E-1	2.57178527E+0	1.42322097E+1
9.68900000E+3	7.85034155E+1	-5.72313000E+5	-5.59941000E+5	3.00000000E+1	5.74000000E+2	4.00500000E+1	4.00500000E+1	7.49063670E-1	2.59675406E+0	1.43320849E+1
9.68925000E+3	7.84962455E+1	-5.72904000E+5	-5.60533000E+5	3.40000000E+1	6.04000000E+2	4.00490000E+1	4.00500000E+1	8.48938826E-1	2.79657420E+0	1.50815251E+1
9.68950000E+3	7.84890801E+1	-5.73494000E+5	-5.61125000E+5	2.50000000E+1	5.72000000E+2	4.00500000E+1	4.00510000E+1	6.24204140E-1	2.22222222E+0	1.42821473E+1
9.68975000E+3	7.84819194E+1	-5.74084000E+5	-5.61716000E+5	2.40000000E+1	5.87000000E+2	4.00500000E+1	4.00510000E+1	5.99235974E-1	2.57178527E+0	1.46566792E+1
9.69000000E+3	7.84747634E+1	-5.74673000E+5	-5.62306000E+5	2.20000000E+1	5.67000000E+2	4.00500000E+1	4.00510000E+1	5.49299643E-1	2.47191011E+0	1.41573034E+1
9.69025000E+3	7.84676122E+1	-5.75262000E+5	-5.62897000E+5	3.40000000E+1	5.76000000E+2	4.00500000E+1	4.00510000E+1	8.48917630E-1	3.07116105E+0	1.43820225E+1
9.69050000E+3	7.84604656E+1	-5.75851000E+5	-5.63486000E+5	3.30000000E+1	5.53000000E+2	4.00500000E+1	4.00510000E+1	8.23949464E-1	2.49687890E+0	1.38077403E+1
9.69075000E+3	7.84533237E+1	-5.76439000E+5	-5.64076000E+5	3.00000000E+1	5.43000000E+2	4.00510000E+1	4.00520000E+1	7.49026266E-1	2.72153005E+0	1.35577139E+1
9.69100000E+3	7.84461864E+1	-5.77026000E+5	-5.64665000E+5	2.90000000E+1	5.17000000E+2	4.00500000E+1	4.00500000E+1	7.24094881E-1	2.27215980E+0	1.29088639E+1
9.69125000E+3	7.84390538E+1	-5.77613000E+5	-5.65253000E+5	3.90000000E+1	5.81000000E+2	4.00500000E+1	4.00500000E+1	9.73782772E-1	2.64669164E+0	1.45068664E+1
9.69150000E+3	7.84319259E+1	-5.78200000E+5	-5.65841000E+5	3.20000000E+1	5.94000000E+2	4.00500000E+1	4.00500000E+1	7.99001248E-1	2.69662921E+0	1.48314607E+1
9.69175000E+3	7.84248026E+1	-5.78786000E+5	-5.66429000E+5	2.70000000E+1	5.32000000E+2	4.00500000E+1	4.00500000E+1	6.74157303E-1	2.77153558E+0	1.32833958E+1
9.69200000E+3	7.84176839E+1	-5.79372000E+5	-5.67016000E+5	3.20000000E+1	5.39000000E+2	4.00510000E+1	4.00510000E+1	7.98981299E-1	2.57172106E+0	1.34578413E+1
9.69225000E+3	7.84105698E+1	-5.79957000E+5	-5.67602000E+5	2.70000000E+1	6.01000000E+2	4.00490000E+1	4.00500000E+1	6.74157303E-1	2.62178831E+0	1.50066169E+1
9.69250000E+3	7.84034604E+1	-5.80542000E+5	-5.68189000E+5	2.70000000E+1	5.64000000E+2	4.00500000E+1	4.00510000E+1	6.74140471E-1	2.37203496E+0	1.40823970E+1
9.69275000E+3	7.83963556E+1	-5.81127000E+5	-5.68774000E+5	3.20000000E+1	5.39000000E+2	4.00490000E+1	4.00500000E+1	7.99001248E-1	2.37209418E+0	1.34585133E+1
9.69300000E+3	7.83892553E+1	-5.81711000E+5	-5.69360000E+5	2.50000000E+1	5.83000000E+2	4.00510000E+1	4.00510000E+1	6.24204140E-1	2.44688023E+0	1.45564405E+1
9.69325000E+3	7.83821597E+1	-5.82294000E+5	-5.69944000E+5	2.90000000E+1	6.05000000E+2	4.00480000E+1	4.00490000E+1	7.24112962E-1	2.29724331E+0	1.51068718E+1
9.69350000E+3	7.83750686E+1	-5.82877000E+5	-5.70529000E+5	1.80000000E+1	5.75000000E+2	4.00530000E+1	4.00530000E+1	4.49404539E-1	2.57159264E+0	1.43559783E+1
9.69375000E+3	7.83679821E+1	-5.83460000E+5	-5.71113000E+5	2.50000000E+1	6.06000000E+2	4.00490000E+1	4.00490000E+1	6.24235312E-1	2.54688007E+0	1.51314640E+1
9.69400000E+3	7.83609002E+1	-5.84042000E+5	-5.71696000E+5	2.90000000E+1	5.58000000E+2	4.00500000E+1	4.00510000E+1	7.24076802E-1	2.42197253E+0	1.39325843E+1
9.69425000E+3	7.83538228E+1	-5.84624000E+5	-5.72280000E+5	3.40000000E+1	5.95000000E+2	4.00510000E+1	4.00510000E+1	8.48917630E-1	2.59668922E+0	1.48560585E+1
9.69450000E+3	7.83467500E+1	-5.85205000E+5	-5.72862000E+5	2.30000000E+1	5.88000000E+2	4.00500000E+1	4.00510000E+1	5.74267809E-1	2.39700375E+0	1.46816479E+1
9.69475000E+3	7.83396817E+1	-5.85786000E+5	-5.73445000E+5	3.00000000E+1	5.95000000E+2	4.00500000E+1	4.00510000E+1	7.49044968E-1	2.57178527E+0	1.48564295E+1
9.69500000E+3	7.83326180E+1	-5.86367000E+5	-5.74026000E+5	2.60000000E+1	5.44000000E+2	4.00500000E+1	4.00500000E+1	6.49188514E-1	2.52184769E+0	1.35830212E+1
9.69525000E+3	7.83255588E+1	-5.86947000E+5	-5.74608000E+5	2.90000000E+1	5.35000000E+2	4.00500000E+1	4.00510000E+1	7.24076802E-1	2.32209738E+0	1.33583021E+1
9.69550000E+3	7.83185041E+1	-5.87526000E+5	-5.75189000E+5	3.00000000E+1	6.17000000E+2	4.00510000E+1	4.00510000E+1	7.49044968E-1	2.87133904E+0	1.54053582E+1
9.69575000E+3	7.83114539E+1	-5.88106000E+5	-5.75769000E+5	3.20000000E+1	5.64000000E+2	4.00500000E+1	4.00510000E+1	7.98981299E-1	2.19725343E+0	1.40823970E+1
9.69600000E+3	7.83044082E+1	-5.88684000E+5	-5.76349000E+5	2.70000000E+1	5.42000000E+2	4.00500000E+1	4.00510000E+1	6.74140471E-1	2.64669164E+0	1.35330836E+1
9.69625000E+3	7.82973669E+1	-5.89263000E+5	-5.76929000E+5	2.40000000E+1	5.59000000E+2	4.00500000E+1	4.00510000E+1	5.99235974E-1	2.39700375E+0	1.39575531E+1
9.69650000E+3	7.82903302E+1	-5.89841000E+5	-5.77508000E+5	3.20000000E+1	5.69000000E+2	4.00500000E+1	4.00500000E+1	7.99001248E-1	2.82147316E+0	1.42072409E+1
9.69675000E+3	7.82832980E+1	-5.90418000E+5	-5.78087000E+5	2.60000000E+1	5.55000000E+2	4.00500000E+1	4.00510000E+1	6.49172305E-1	2.49687890E+0	1.38576779E+1
9.69700000E+3	7.82762702E+1	-5.90995000E+5	-5.78665000E+5	2.80000000E+1	5.52000000E+2	4.00500000E+1	4.00500000E+1	6.99126092E-1	2.62172285E+0	1.37827715E+1
9.69725000E+3	7.82692469E+1	-5.91572000E+5	-5.79243000E+5	2.20000000E+1	5.80000000E+2	4.00500000E+1	4.00500000E+1	5.49313358E-1	2.32209738E+0	1.44818976E+1
9.69750000E+3	7.82622280E+1	-5.92148000E+5	-5.79821000E+5	2.30000000E+1	5.10000000E+2	4.00500000E+1	4.00510000E+1	5.74267809E-1	2.29712859E+0	1.27340824E+1
9.69775000E+3	7.82552136E+1	-5.92724000E+5	-5.80398000E+5	3.00000000E+1	5.73000000E+2	4.00500000E+1	4.00510000E+1	7.49044968E-1	2.97128589E+0	1.43071161E+1
9.69800000E+3	7.82482036E+1	-5.93299000E+5	-5.80975000E+5	3.40000000E+1	5.52000000E+2	4.00500000E+1	4.00510000E+1	8.48917630E-1	3.14606742E+0	1.37827715E+1
9.69825000E+3	7.82411980E+1	-5.93874000E+5	-5.81551000E+5	3.50000000E+1	5.76000000E+2	4.00510000E+1	4.00510000E+1	8.73885796E-1	2.29707123E+0	1.43816634E+1
9.69850000E+3	7.82341969E+1	-5.94448000E+5	-5.82127000E+5	3.40000000E+1	5.91000000E+2	4.00500000E+1	4.00510000E+1	8.48917630E-1	2.52184769E+0	1.47565543E+1
9.69875000E+3	7.82272001E+1	-5.95023000E+5	-5.82702000E+5	2.70000000E+1	5.75000000E+2	4.00510000E+1	4.00520000E+1	6.74123639E-1	2.39694390E+0	1.43566952E+1
9.69900000E+3	7.82202078E+1	-5.95596000E+5	-5.83277000E+5	2.20000000E+1	5.65000000E+2	4.00500000E+1	4.00510000E+1	5.49299643E-1	2.37203496E+0	1.41073658E+1
9.69925000E+3	7.82132199E+1	-5.96169000E+5	-5.83851000E+5	2.50000000E+1	5.39000000E+2	4.00500000E+1	4.00510000E+1	6.24204140E-1	2.49687890E+0	1.34581773E+1
9.69950000E+3	7.82062363E+1	-5.96742000E+5	-5.84426000E+5	2.90000000E+1	5.72000000E+2	4.00500000E+1	4.00500000E+1	7.24094881E-1	2.22222222E+0	1.42821473E+1
9.69975000E+3	7.81992572E+1	-5.97315000E+5	-5.84999000E+5	2.20000000E+1	5.41000000E+2	4.00500000E+1	4.00500000E+1	5.49313358E-1	2.04744070E+0	1.35081149E+1
9.70000000E+3	7.81922824E+1	-5.97886000E+5	-5.85573000E+5	2.60000000E+1	5.70000000E+2	4.00500000E+1	4.00500000E+1	6.49188514E-1	2.94631710E+0	1.42322097E+1
