Energy_(eV)	Counts
9543.791946	0.0012775444855442845
9544.028093	0.0014307792463143583
9544.264266	0.0012816295076298154
9544.500467	0.0014068429994070573
9544.736694	0.0014145977590851334
9544.972948	0.0013907001190276826
9545.209228	0.001527699134293066
9545.445534	0.001487225591080891
9545.681867	0.0015719624093608346
9545.918226	0.0016688176047803336
9546.15461	0.0015356041476570466
9546.39102	0.0014791734543161288
9546.627455	0.0013865055369628463
9546.863916	0.0016000848909059776
9547.100402	0.001471130708406736
9547.336913	0.001596140731650982
9547.573448	0.0015035667228513897
9547.810009	0.0014671677674410021
9548.046594	0.001608314410494377
9548.283203	0.001535578061947688
9548.519837	0.0016766746204390944
9548.756495	0.0016809954573372258
9548.993177	0.0017010125872705154
9549.229883	0.0019349127088038685
9549.466613	0.0017009051141479586
9549.703366	0.0019632741354467342
9549.940142	0.0017292248036558512
9550.176942	0.0019388808669114738
9550.413765	0.0017615627358333172
9550.650612	0.0018701898901720912
9550.887481	0.001902471477217343
9551.124373	0.0019308224695764656
9551.361288	0.0018944809027266669
9551.598225	0.002128340330553421
9551.835184	0.0021644492128757424
9552.072166	0.0021040910551338183
9552.309171	0.0022170473937977186
9552.546197	0.0023621100235399818
9552.783245	0.0024506167485364065
9553.020315	0.0024062637386284445
9553.257407	0.0025233134468048706
9553.49452	0.0023861766989940747
9553.731655	0.002563631519189269
9553.968811	0.0026645988658320317
9554.205988	0.0025397808334086643
9554.443187	0.0028457818556087344
9554.680406	0.0026561700514241343
9554.917647	0.002801566578246185
9555.154908	0.0028983737759604644
9555.39219	0.0030268156351279064
9555.629493	0.0030998431001910353
9555.866816	0.003047500559220772
9556.104159	0.00350297478290143
9556.341523	0.003349929926095485
9556.578907	0.0034748919516345116
9556.81631	0.0037164351860098865
9557.053734	0.003555561486111288
9557.291178	0.0038176529554624903
9557.528641	0.003970930496795912
9557.766124	0.004446346723566907
9558.003627	0.004345489980331824
9558.241149	0.004728667138811389
9558.47869	0.004664594376056824
9558.716251	0.005087360250487126
9558.953831	0.005155983404382177
9559.19143	0.005708186568649038
9559.429047	0.006098944234268165
9559.666684	0.005740544325965617
9559.90434	0.006361400903550385
9560.142014	0.006615751177792378
9560.379707	0.006918066810974288
9560.617418	0.007204179044931113
9560.855148	0.007623875153084114
9561.092896	0.008320762182593354
9561.330662	0.00888155171895264
9561.568446	0.009255885821959695
9561.806249	0.009800815247029051
9562.044069	0.010429548665411691
9562.281907	0.011097308391851302
9562.519764	0.011549559465283632
9562.757637	0.012320202272861288
9562.995529	0.013022416004221521
9563.233438	0.013433199147200934
9563.471364	0.01420346214685033
9563.709308	0.014994248339194572
9563.947269	0.01565034253640909
9564.185248	0.016976978240109204
9564.423243	0.01690903331465747
9564.661256	0.018025222036394214
9564.899286	0.01919483429089703
9565.137332	0.020484897830076617
9565.375395	0.022020927696510394
9565.613476	0.022953178777562182
9565.851572	0.024223861678116826
9566.089686	0.02650023527899425
9566.327816	0.02963838993880583
9566.565962	0.03241788592007803
9566.804125	0.03567252788017227
9567.042304	0.039357364924722096
9567.280499	0.043088347589126996
9567.51871	0.04708783567710015
9567.756938	0.0523634241457475
9567.995181	0.0575854054382349
9568.23344	0.062087424282714576
9568.471716	0.06763349025455768
9568.710007	0.07250249120571885
9568.948314	0.07577396470891952
9569.186636	0.08068957351870558
9569.424974	0.08274485612477302
9569.663328	0.08609436241894852
9569.901697	0.09047652681978155
9570.140081	0.09442471892544392
9570.378481	0.09698549875488612
9570.616896	0.09945232620664624
9570.855326	0.10509870738239814
9571.093771	0.10810796003112919
9571.332231	0.11176100903025482
9571.570707	0.11423700404371187
9571.809197	0.11425129379529841
9572.047702	0.11422941414571694
9572.286222	0.11142188437431141
9572.524757	0.10856295427775765
9572.763306	0.10338808899351347
9573.00187	0.09751667475055333
9573.240449	0.08939864965766536
9573.479042	0.0835173969285636
9573.717649	0.07564934597131565
9573.956271	0.07009675022470595
9574.194907	0.06250295085108373
9574.433557	0.058326566177095654
9574.672222	0.05231011121638911
9574.910901	0.048395786708901004
9575.149593	0.045575999784382135
9575.3883	0.04176186839968304
9575.627021	0.03971301748611501
9575.865756	0.037363561118470626
9576.104504	0.035100680089901755
9576.343266	0.03266890139723564
9576.582042	0.03100984193461211
9576.820832	0.029772156412967515
9577.059636	0.0277985377286176
9577.298452	0.02594678939153355
9577.537283	0.024117170083412444
9577.776127	0.022630173003145536
9578.014984	0.020980894638103043
9578.253855	0.01943072736062537
9578.492739	0.018455712411079735
9578.731636	0.016910218649290716
9578.970546	0.015825104267970118
9579.20947	0.01464680025510907
9579.448407	0.013943586919366221
9579.687356	0.013482084809967015
9579.926319	0.012290958105813732
9580.165295	0.01151336397840624
9580.404283	0.011284706041025558
9580.643285	0.010756318085974576
9580.882299	0.00967989859329733
9581.121326	0.009187005984684556
9581.360365	0.008636030935614289
9581.599417	0.008466118015708807
9581.838482	0.007962003334930034
9582.07756	0.007325106132946577
9582.31665	0.006884903526952722
9582.555752	0.006724157125315792
9582.794867	0.006539047714566458
9583.033994	0.005986053631591849
9583.273133	0.0057488740146779535
9583.512285	0.005499153432132896
9583.751449	0.005075362911038994
9583.990625	0.0052369805753684955
9584.229813	0.004398309368069161
9584.469013	0.004567816394337026
9584.708225	0.004228582178414308
9584.94745	0.004115877305988624
9585.186686	0.004071513861796918
9585.425934	0.0032410085249551484
9585.665194	0.003345695693752424
9585.904466	0.0030637383915822114
9586.14375	0.003265186847245296
9586.383045	0.003051393590485425
9586.622352	0.002974754819818714
9586.861671	0.0027893532491245657
9587.101001	0.0025755829477889305
9587.340343	0.0026440652388534454
9587.579696	0.002414195881130158
9587.819061	0.002345863843751548
9588.058437	0.002499178948506445
9588.297825	0.0023541131884790593
9588.537224	0.0021322917938070367
9588.776634	0.002128081560316585
9589.016055	0.0022692647233630613
9589.255488	0.0020073735922597324
9589.494932	0.0019023024418207003
9589.734387	0.0017008925930074666
9589.973854	0.0017413859613587541
9590.213331	0.0016926109020003503
9590.452819	0.0018259735693811677
9590.692319	0.0015922122238216016
9590.931829	0.0014993084916557185
9591.17135	0.0015436385461394448
9591.410882	0.0017009750238490392
9591.650425	0.0014391444115914216
9591.889979	0.0012937854481908466
9592.129543	0.0014711515769742227
9592.369119	0.0013621884386989121
9592.608705	0.0012936852790669104
9592.848301	0.0011767211320171803
9593.087908	0.001152780711396382
9593.327526	0.001172842708749768
9593.567154	0.001055870214273043
9593.806793	0.0010759729053330283
9594.046443	0.0010357852614954217
9594.286102	0.0010639807830267682
9594.525773	0.0009671965407367242
9594.765453	0.000902727275199911
9595.005144	0.0010195787319852126
9595.244845	0.0010399245418564185
9595.484556	0.0008622568622728588
9595.724278	0.0009188795464346545
9595.96401	0.0009269233357724219
9596.203752	0.000870420645873675
9596.443504	0.000785791300716288
9596.683266	0.0008259799879822689
9596.923038	0.0007979441109921961
9597.162821	0.0008099372767268307
9597.402613	0.0007332912020614995
9597.642415	0.0008260446805414778
9597.882227	0.0007495373818499335
9598.122049	0.000709198440898048
9598.361881	0.0006043505841311242
9598.601723	0.00067687929043132
9598.841574	0.0006164919166949148
9599.081436	0.0006567859902267038
9599.321307	0.0005921956869984673
9599.561188	0.0005036096614455928
9599.801078	0.0005883673482930232
9600.040978	0.00043104234829554656
9600.280888	0.000685027422606521
9600.520807	0.00043905796506720683
9600.760735	0.0005964299193415287
9601.000674	0.0006043474538460012
9601.240621	0.0005438630412707826
9601.480579	0.0004995173353614413
9601.720545	0.0005439120824043764
9601.960521	0.000568066405841914
9602.200507	0.00041081027211714355
9602.440501	0.0004389964027931209
9602.680505	0.0004954949189783705
9602.920519	0.00045922952239989826
9603.160541	0.0006124110683228811
9603.400573	0.00036249953838531995
9603.640614	0.000555982461838712
9603.880664	0.00043509606752984754
9604.120723	0.0005035522728850042
9604.360791	0.00030201616923847567
9604.600869	0.0003342633231473744
9604.840955	0.0004148420793555834
9605.081051	0.0004108165326873896
9605.321155	0.00044709027669285643
9605.561268	0.0004672889631632807
9605.801391	0.00039876284810704346
9606.041522	0.00034238223932809403
9606.281662	0.00045112521421641937
9606.521811	0.0003463670922896887
9606.761969	0.00033416002373831493
9607.002135	0.0004753077102200639
9607.24231	0.00045120660162961766
9607.482495	0.0003019963440993632
9607.722687	0.00037456991781965545
9607.962889	0.0002696991056284964
9608.203099	0.00025362717837857675
9608.443318	0.0003665198679116421
9608.683545	0.0003543712313492312
9608.923781	0.0002899624846581295
9609.164025	0.00033432175513633725
9609.404278	0.00028587537571584976
9609.64454	0.0003583946911606764
9609.88481	0.00025764020390627853
9610.125089	0.00029799375285540484
9610.365375	0.0003141053303835493
9610.605671	0.00022138106789805237
9610.845974	0.0003060291947661775
9611.086286	0.0003422622450650452
9611.326607	0.0002818268736234205
9611.566936	0.0002415651463712359
9611.807273	0.0003020808617976846
9612.047618	0.00027386655855560015
9612.287971	0.0003060761490430227
9612.528333	0.0003383003475276859
9612.768703	0.0003100818705721041
9613.009081	0.00027372256543994157
9613.249467	0.00026970432277036806
9613.489861	0.00018917982483762454
9613.730263	0.00015689197722212666
9613.970674	0.00026576955437074154
9614.211092	0.00033423723743801595
9614.451519	0.0002455813021840607
9614.691953	0.0002575880324875617
9614.932396	0.00028993952923389414
9615.172846	0.00016898322522394897
9615.413304	0.00030598432734608094
9615.653771	0.0002657632938004955
9615.894245	0.00026974919019046457
9616.134727	0.0003020339075208394
9616.375216	0.0001649211585626533
9616.615714	0.0002496058054238802
9616.856219	0.0003422758096339116
9617.096733	0.00018509688960884212
9617.337253	0.00022540452770949756
9617.577782	0.00031405837610670414
9617.818318	0.00022539096314063114
9618.058863	0.00022138837189667273
9618.299414	0.0003221814660009211
9618.539974	0.00010450352540339231
9618.78054	0.00016501193683122068
9619.021115	0.00020522357952143706
9619.261697	0.0002011959459964945
9619.502287	0.0001649608088408781
9619.742884	0.00026972310448110615
9619.983489	0.00021582585523307983
9620.224101	0.00021418767268537004
9620.464721	0.00023416828262555773
9620.705348	0.00021908135176101264
9620.945982	0.00021174292000429741
9621.186624	0.00022967736690240938
9621.427274	0.00022193512836482553
9621.66793	0.00023701684208749896
9621.908594	0.0001974698632717355
9622.149266	0.00022519479860625574
9622.389945	0.00021662929508131965
9622.630631	0.0002060332799399229
9622.871324	0.00021051584823607658
9623.112024	0.000187693982832568
9623.352732	0.00023783175964785648
9623.593447	0.00020317950333611002
9623.834169	0.0002007326637982887
9624.074899	0.00018036181164609878
9624.315635	0.0002317256168012338
9624.556379	0.0002174556903537949
9624.797129	0.00019951393945706258
9625.037887	0.00018280134718529973
9625.278652	0.00021703936243243428
9625.519424	0.0002084832497628672
9625.760203	0.00023783802021810254
9626.000989	0.00019788306090797315
9626.241782	0.0002113380697950545
9626.482582	0.00020440657510433085
9626.723389	0.00023986957526293752
9626.964203	0.00019461086952605092
9627.205023	0.00020440240139083348
9627.445851	0.000227638507858954
9627.686686	0.00021745360349704622
9627.927527	0.0002150036336741019
9628.168375	0.00023865189435008573
9628.409231	0.00022764685528594872
9628.650093	0.0002394584644834486
9628.890961	0.00022682567715534517
9629.131837	0.00023783802021810254
9629.372719	0.0002182685210574038
9629.613608	0.00022764163814407702
9629.854504	0.00021460087032160768
9630.095407	0.00024720800701965277
9630.336316	0.0002247868181118898
9630.577232	0.0002048124687419481
9630.818154	0.0002019607789948839
9631.059083	0.00019420288903168498
9631.300019	0.00019584315843614342
9631.540961	0.00022641978351772789
9631.78191	0.00019584002815102044
9632.022866	0.00021459043603786428
9632.263828	0.00018035033393398107
9632.504797	0.00019625009550213506
9632.745772	0.000187693982832568
9632.986754	0.00021052106537794825
9633.227742	0.00022805066206681732
9633.468737	0.00021581750780608512
9633.709738	0.0002198993996064932
9633.950745	0.00021540952731171918
9634.191759	0.00023742899629536227
9634.43278	0.000234571045978052
9634.673806	0.0002121415096432943
9634.914839	0.0002015444510735232
9635.155879	0.00020562529944555697
9635.396925	0.00022967319318891203
9635.637977	0.00020277152284174405
9635.879036	0.00023131346259337048
9636.1201	0.00021623174887069709
9636.361171	0.00021459565317973595
9636.602249	0.00022437779418914953
9636.843332	0.00023456895912130332
9637.084422	0.00021459565317973595
9637.325518	0.0001958473321496408
9637.56662	0.0001815742754170789
9637.807729	0.00022316324356142072
9638.048844	0.00017260600853964857
9638.289964	0.00017749238361667083
9638.531091	0.00020766415848901234
9638.772224	0.00017668059634143627
9639.013363	0.0001999156593811825
9639.254509	0.00021541161416846786
9639.49566	0.0002060332799399229
9639.736817	0.00020522357952143706
9639.977981	0.00019136059013998978
9640.21915	0.0001942112364586797
9640.460326	0.00017830938803377704
9640.701507	0.00022437049019052917
9640.942695	0.0002406876231084181
9641.183888	0.00021012038888220267
9641.425088	0.0001990996983924506
9641.666293	0.00020033303073091748
9641.907505	0.00022356809377066365
9642.148722	0.0002023635423473781
9642.389945	0.00021010995459845932
9642.631174	0.00020766728877413536
9642.872409	0.0002088891434004845
9643.11365	0.0002280423146398226
9643.354897	0.0002651445407745134
9643.596149	0.00024395251049171994
9643.837408	0.000245990326106801
9644.078672	0.00024149732352690394
9644.319942	0.00023457000254967764
9644.561218	0.0002341620220553117
9644.802499	0.00025496589698285167
9645.043786	0.0002472059201629041
9645.285079	0.00029531422879010624
9645.526378	0.0002998020142281316
9645.767683	0.00029613227663558684
9646.008993	0.00028634596191267595
9646.250309	0.0003499460516136661
9646.49163	0.0003915308460445106
9646.732957	0.0003821577289578374
9646.97429	0.00043475799673656224
9647.215628	0.0005081391840185916
9647.456973	0.000498755632648175
9647.698322	0.0005260642400613344
9647.939678	0.0005868074228733888
9648.181038	0.000599457948483856
9648.422405	0.0006459343351335944
9648.663777	0.0007286834223604253
9648.905154	0.000800021576885502
9649.146537	0.0008558929926177748
9649.387926	0.0008958416913576582
9649.62932	0.0009520981321600614
9649.87072	0.0010320174416356893
9650.112125	0.0010984566999432514
9650.353535	0.0011392182293867438
9650.594951	0.0011388112923207522
9650.836373	0.0012794737846084344
9651.0778	0.0012399257623642965
9651.319232	0.0012884483120561105
9651.56067	0.0013500178901406402
9651.802113	0.0013667294389840287
9652.043561	0.001324327640136078
9652.285015	0.0013088369024906643
9652.526474	0.0012745759318192943
9652.767939	0.0012272877578943214
9653.009409	0.001179175275553622
9653.250884	0.0011930393083634434
9653.492364	0.0010927574941626205
9653.73385	0.0010601388797524577
9653.975341	0.0010576962139281338
9654.216838	0.0009843025055056122
9654.458339	0.0009904107352089837
9654.699846	0.0009256138331626283
9654.941358	0.0008403970378304894
9655.182876	0.0008363172328868301
9655.424398	0.0007233796759336681
9655.665926	0.0006871069753565756
9655.907459	0.0006349230354992114
9656.148997	0.0006023012908039255
9656.39054	0.0005733618048416766
9656.632089	0.0005607206700865784
9656.873642	0.0005064978711857588
9657.115201	0.00045757881871169646
9657.356765	0.00044575781865882754
9657.598334	0.0004013088133404268
9657.839908	0.0003886801997258207
9658.081487	0.0004025327548235246
9658.323072	0.0003935686616595916
9658.564661	0.00038134698511097713
9658.806255	0.0003401555631772579
9659.047855	0.0003654378326874542
9659.289459	0.00035605115103191454
9659.531069	0.0003344594876817498
9659.772683	0.0002786068536602151
9660.014303	0.00034382425734142834
9660.255927	0.00033609558337271094
9660.497556	0.00035442235933957374
9660.739191	0.00033201264814392847
9660.98083	0.00035647478295189555
9661.222475	0.00036789197622389585
9661.464124	0.0002949062482957403
9661.705778	0.0003405677173851212
9661.947437	0.0003295553743223638
9662.189101	0.0003605483273253089
9662.43077	0.0003324133246396741
9662.672444	0.00030591233078825164
9662.914123	0.00030346862153555343
9663.155806	0.0003193725568172047
9663.397494	0.0003136576996109585
9663.639188	0.0002998020142281316
9663.880886	0.00025250549287616396
9664.122589	0.00027492876864067565
9664.364296	0.0002476212046558904
9664.606009	0.00022763642100220532
9664.847726	0.00013795270879952775
9665.089448	0.00017423271337524063
9665.331175	0.000131837175097536
9665.572907	0.0001469241059620811
9665.814643	0.00011144649780623366
9666.056384	7.721369970097081e-05
9666.29813	9.192603977912878e-05
9666.53988	7.846581375017575e-05
9666.781636	4.382399172217262e-05
9667.023396	4.298924902270267e-05
9667.26516	4.497176293394381e-05
9667.50693	4.904113359385984e-05
9667.748704	3.485050770287061e-05
9667.990482	3.1511536904990794e-05
9668.232266	4.225884916066647e-06
9668.474054	3.59982789146418e-05
9668.715846	5.039759048049852e-06
9668.957643	1.19994263048806e-05
9669.199445	1.6486168314531608e-05
9669.441252	1.6903539664266587e-05
9669.683063	-1.126902644284439e-05
9669.924878	-1.0434283743374435e-05
9670.166698	3.933724971252162e-05
9670.408523	1.6068796964796633e-05
9670.650352	3.1094165555255815e-05
9670.892186	-7.596158565176588e-06
9671.134025	2.379016693489371e-05
9671.375868	2.7442166245074763e-05
9671.617715	7.491815727742844e-06
9671.859567	2.253805288568878e-05
9672.101424	5.8849360312631814e-05
9672.343284	5.071061899279975e-05
9672.58515	4.538913428367879e-05
9672.82702	3.31810223039307e-05
9673.068894	5.071061899279975e-05
9673.310773	5.43626183029808e-05
9673.552656	7.105747229237991e-05
9673.794544	5.759724626342688e-05
9674.036436	8.128307036088685e-05
9674.278333	5.154536169226971e-05
9674.520234	5.6866846401390674e-05
9674.762139	8.253518441009178e-05
9675.004049	4.98758762933298e-05
9675.245963	4.98758762933298e-05
9675.487882	7.554421430203091e-05
9675.729804	3.683302161411175e-05
9675.971732	6.135358841104167e-05
9676.213663	2.462490963436367e-05
9676.455599	3.0363765693219604e-05
9676.69754	4.215450632323271e-05
9676.939484	2.7024794895339785e-05
9677.181433	5.9266731662366786e-05
9677.423386	1.439931156585672e-05
9677.665344	3.516353621517184e-05
9677.907306	2.1390281673917592e-05
9678.149272	1.7633939526302794e-05
9678.391242	-6.3753473672017795e-06
9678.633217	3.1928908254725766e-05
9678.875196	-1.6173139802230376e-05
9679.117179	3.4120107840834402e-06
9679.359166	-5.9579760174668025e-06
9679.601158	1.7633939526302794e-05
9679.843154	-3.286799379162947e-05
9680.085154	2.191199586108631e-06
9680.327158	2.379016693489371e-05
9680.569166	-1.004821524486958e-05
9680.811179	-3.4954850540304356e-05
9681.053196	-1.2521140492049322e-05
9681.295217	1.512971142789293e-07
9681.537242	-2.702479489533979e-06
9681.779271	-1.0747312255675669e-06
9682.021305	7.491815727742844e-06
9682.263342	-6.364913083458405e-06
9682.505384	-3.6937364451545497e-05
9682.74743	-1.0037780961126206e-05
9682.98948	-2.0242510462146403e-05
9683.231534	-2.0242510462146403e-05
9683.473592	-1.1686397792579366e-05
9683.715654	-1.126902644284439e-05
9683.957721	-3.046810853065335e-05
9684.199791	-1.0851655093109412e-05
9684.441866	-4.737164819491993e-06
9684.683944	-5.144101885483597e-06
9684.926027	-6.563164474582519e-07
9685.168114	-1.4503654403290466e-05
9685.410204	-7.189221499184986e-06
9685.652299	2.379016693489371e-05
9685.894398	4.632821982058249e-06
9686.1365	1.7320911014001562e-05
9686.378607	5.457130397784829e-06
9686.620718	-1.0434283743374435e-05
9686.862833	-3.5163536215171845e-06
9687.104952	5.8640674637764325e-06
9687.347074	1.512971142789293e-07
9687.589201	7.491815727742844e-06
9687.739357	7.491815727742844e-06
