9548.701385	0.001560716	9548.859513	0.002156694
9548.948647	0.001486848	9549.10711	0.001307561
9549.195914	0.001735646	9549.354711	0.00154179
9549.443187	0.001466849	9549.602318	0.001571198
9549.690465	0.001715524	9549.849928	0.001688157
9549.937748	0.001641566	9550.097544	0.001775556
9550.185036	0.001715416	9550.345164	0.001776127
9550.43233	0.001829759	9550.592789	0.002039294
9550.679629	0.001970641	9550.840418	0.001893412
9550.926932	0.001910355	9551.088051	0.002156802
9551.174241	0.001984267	9551.33569	0.002302945
9551.421556	0.001749086	9551.583332	0.002097936
9551.668875	0.001876773	9551.830979	0.001804971
9551.916199	0.00197754	9552.078631	0.001951576
9552.163528	0.001923861	9552.326287	0.00256669
9552.410862	0.002031118	9552.573947	0.002390576
9552.658201	0.002017862	9552.821611	0.002595982
9552.905545	0.002367391	9553.06928	0.002361645
9553.152894	0.002266646	9553.316953	0.002098008
9553.400247	0.00234062	9553.564631	0.002684119
9553.647606	0.002407611	9553.812312	0.002888614
9553.894969	0.002347251	9554.059998	0.002478813
9554.142337	0.002340466	9554.307688	0.003035357
9554.38971	0.002488262	9554.555382	0.002244671
9554.637087	0.002495237	9554.80308	0.002420265
9554.884469	0.003053077	9555.050782	0.003445664
9555.131856	0.002932118	9555.298489	0.002976491
9555.379247	0.003026184	9555.546199	0.002595736
9555.626643	0.002858241	9555.793914	0.003386878
9555.874044	0.003072769	9556.041632	0.003181565
9556.121449	0.003181021	9556.289355	0.003005545
9556.368859	0.003462802	9556.537081	0.003737993
9556.616273	0.003247806	9556.784812	0.003445426
9556.863691	0.003751941	9557.032546	0.003767538
9557.111114	0.003866218	9557.280284	0.004850885
9557.358542	0.003489611	9557.528026	0.004352673
9557.605973	0.003758921	9557.775772	0.003737993
9557.85341	0.003913385	9558.023522	0.004703658
9558.10085	0.004457871	9558.271276	0.004675472
9558.348295	0.004404158	9558.519033	0.004206754
9558.595744	0.004727069	9558.766794	0.004850907
9558.843198	0.004854127	9559.014559	0.004997628
9559.090655	0.005305308	9559.262328	0.005815813
9559.338117	0.005458983	9559.5101	0.005934717
9559.585583	0.005781943	9559.757876	0.006169922
9559.833054	0.006178832	9560.005656	0.006460761
9560.080528	0.006104349	9560.253439	0.007309604
9560.328007	0.006541487	9560.501226	0.006871025
9560.575489	0.007415777	9560.749017	0.006930296
9560.822976	0.007482476	9560.996811	0.007955058
9561.070467	0.007906319	9561.244609	0.008042682
9561.317962	0.008114341	9561.49241	0.008511212
9561.565461	0.009008131	9561.740215	0.009505569
9561.812964	0.009929138	9561.988024	0.008978975
9562.060471	0.010380108	9562.235836	0.010911975
9562.307982	0.01076928	9562.483651	0.011763733
9562.555497	0.011167842	9562.73147	0.012493326
9562.803016	0.012194835	9562.979292	0.012492747
9563.050538	0.012800558	9563.227118	0.013724846
9563.298065	0.013457943	9563.474947	0.013490047
9563.545596	0.014204327	9563.72278	0.014805295
9563.79313	0.0151109	9563.970616	0.016156891
9564.040668	0.01552747	9564.218455	0.016505606
9564.28821	0.016065983	9564.466298	0.016269945
9564.535756	0.018048853	9564.714144	0.018175468
9564.783306	0.018573124	9564.961993	0.018234067
9565.030859	0.019293605	9565.209846	0.0209263
9565.278416	0.019924026	9565.457701	0.02154343
9565.525977	0.021805633	9565.705561	0.022856119
9565.773541	0.02413866	9565.953423	0.024414372
9566.021109	0.025498732	9566.201289	0.027929749
9566.268681	0.027502038	9566.449157	0.031202027
9566.516257	0.030757172	9566.697029	0.031237947
9566.763836	0.034076835	9566.944905	0.036355696
9567.011418	0.039150052	9567.192783	0.040898813
9567.259005	0.041258954	9567.440665	0.047228246
9567.506595	0.047271319	9567.688549	0.052411859
9567.754188	0.050631375	9567.936437	0.055397013
9568.001785	0.056518934	9568.184328	0.05984859
9568.249385	0.062214442	9568.432222	0.064828834
9568.496989	0.068475613	9568.680119	0.070602181
9568.744597	0.07281466	9568.928019	0.07584387
9568.992208	0.077591918	9569.175922	0.081079841
9569.239822	0.081309579	9569.423828	0.083542948
9569.48744	0.084323885	9569.671738	0.082993475
9569.735061	0.089100794	9569.91965	0.090216526
9569.982686	0.091063598	9570.167565	0.092826559
9570.230314	0.094514596	9570.415483	0.094216792
9570.477946	0.097482079	9570.663405	0.10000589
9570.725581	0.102418268	9570.911329	0.101386891
9570.973219	0.107920392	9571.159256	0.103148515
9571.22086	0.110369462	9571.407186	0.114420021
9571.468505	0.115055212	9571.655119	0.113644856
9571.716153	0.115201705	9571.903054	0.115240483
9571.963805	0.117115099	9572.150993	0.113404434
9572.211459	0.115759675	9572.398935	0.114200544
9572.459117	0.110425492	9572.646879	0.10897442
9572.706778	0.105564835	9572.894826	0.104922522
9572.954443	0.098602509	9573.142776	0.093592234
9573.20211	0.090575424	9573.390729	0.087104963
9573.449781	0.083851543	9573.638685	0.079094441
9573.697455	0.076508892	9573.886643	0.069892562
9573.945132	0.0700708	9574.134605	0.062901809
9574.192812	0.061490904	9574.382569	0.060351005
9574.440496	0.056038336	9574.630535	0.050658402
9574.688182	0.050897087	9574.878505	0.050010583
9574.935872	0.047352887	9575.126477	0.0445049
9575.183565	0.043978578	9575.374452	0.04107153
9575.431261	0.041055775	9575.62243	0.041043806
9575.67896	0.038996394	9575.87041	0.038296092
9575.926662	0.035654738	9576.118393	0.0365651
9576.174367	0.034795794	9576.366379	0.032992795
9576.422075	0.032167942	9576.614367	0.031292462
9576.669786	0.03083566	9576.862359	0.0295687
9576.9175	0.028167011	9577.110352	0.026286345
9577.165217	0.026894304	9577.358348	0.026989327
9577.412937	0.025115833	9577.606347	0.025026261
9577.66066	0.022568049	9577.854349	0.02256825
9577.908386	0.021187342	9578.102353	0.020228408
9578.156115	0.019971015	9578.35036	0.020777539
9578.403847	0.01875618	9578.598369	0.017942837
9578.651581	0.017362894	9578.846381	0.016709957
9578.899319	0.015743648	9579.094395	0.015597881
9579.14706	0.015414247	9579.342412	0.01501094
9579.394803	0.013975759	9579.590432	0.013781602
9579.642549	0.013215466	9579.838453	0.012989796
9579.890298	0.012726382	9580.086478	0.012346264
9580.13805	0.011576616	9580.334505	0.011235085
9580.385805	0.01109195	9580.582534	0.010209636
9580.633563	0.010741659	9580.830566	0.011029643
9580.881323	0.009363918	9581.078601	0.009155986
9581.129087	0.009236987	9581.326637	0.00789531
9581.376853	0.008807573	9581.574677	0.008569377
9581.624621	0.008357006	9581.822718	0.009065637
9581.872393	0.007885327	9582.070763	0.007193159
9582.120167	0.00740842	9582.318809	0.007047088
9582.367944	0.006682583	9582.566858	0.006636644
9582.615724	0.006387556	9582.814909	0.006079854
9582.863507	0.005714965	9583.062963	0.006022369
9583.111292	0.006071245	9583.311019	0.005787873
9583.35908	0.00578147	9583.559078	0.005319335
9583.60687	0.005109473	9583.807138	0.005201336
9583.854664	0.004793587	9584.055202	0.004440687
9584.102459	0.004693056	9584.303267	0.004704714
9584.350258	0.004706365	9584.551335	0.004176985
9584.598059	0.004209083	9584.799405	0.004557942
9584.845863	0.003980589	9585.047478	0.004206371
9585.09367	0.004027707	9585.295552	0.00321072
9585.341479	0.003536855	9585.543629	0.003854764
9585.58929	0.003496562	9585.791709	0.003239882
9585.837105	0.003267935	9586.03979	0.002595787
9586.084921	0.003503141	9586.287874	0.003210734
9586.332741	0.003005932	9586.53596	0.003416054
9586.580563	0.002985673	9586.784049	0.00265427
9586.828387	0.00299253	9587.032139	0.002566227
9587.076214	0.00285808	9587.280232	0.002332338
9587.324044	0.002851264	9587.528327	0.002185682
9587.571876	0.002743679	9587.776424	0.001951584
9587.819711	0.002259751	9588.024524	0.001922313
9588.067548	0.002441411	9588.272625	0.002654342
9588.315387	0.002293472	9588.520729	0.001981129
9588.563229	0.002380828	9588.768835	0.002068875
9588.811074	0.002105204	9589.016944	0.002478467
9589.058921	0.002058129	9589.265054	0.002010356
9589.30677	0.001977834	9589.513166	0.001922682
9589.554622	0.002091978	9589.761281	0.00203941
9589.802477	0.001896852	9590.009398	0.0017463
9590.050333	0.001849795	9590.257517	0.001922501
9590.298193	0.001755682	9590.505638	0.001424433
9590.546054	0.001634678	9590.753761	0.001980847
9590.793918	0.001547394	9591.001886	0.00148335
9591.041785	0.001587585	9591.250013	0.001424556
9591.289653	0.001446541	9591.498143	0.001453827
9591.537524	0.001433117	9591.746274	0.001424715
9591.785398	0.001197844	9591.994408	0.001219858
9592.033274	0.001413049	9592.242544	0.00092659
9592.281152	0.001191062	9592.490681	0.001190342
9592.529032	0.001285212	9592.738821	0.00130746
9592.776915	0.00124489	9592.986963	0.001571024
9593.0248	0.001130627	9593.235107	0.001453682
9593.272688	0.001050035	9593.483253	0.000809638
9593.520578	0.001003044	9593.731401	0.000809529
9593.76847	0.001244892	9593.97955	0.000838785
9594.016364	0.001083598	9594.227702	0.00148301
9594.264261	0.001097058	9594.475856	0.000780295
9594.51216	0.001218047	9594.724012	0.000663163
9594.760061	0.001056692	9594.97217	0.001161071
9595.007964	0.000996226	9595.22033	0.00095599
9595.25587	0.000895439	9595.468492	0.000897478
9595.503778	0.000855051	9595.716655	0.001043903
9595.751688	0.000848306	9595.964821	0.000868179
9595.9996	0.000915603	9596.212989	0.000750952
9596.247515	0.000895433	9596.461159	0.000721725
9596.495432	0.000935838	9596.70933	0.001102422
9596.743351	0.000908874	9596.957504	0.000487446
9596.991272	0.000888524	9597.205679	0.000721855
9597.239195	0.000754223	9597.453856	0.000780237
9597.487121	0.000734021	9597.702036	0.000809529
9597.735048	0.000774411	9597.950217	0.00075096
9597.982978	0.00082813	9598.1984	0.000487439
9598.23091	0.000834898	9598.446585	0.000399634
9598.478844	0.000707222	9598.694771	0.000692599
9598.72678	0.000639954	9598.94296	0.000780114
9598.974719	0.000512247	9599.191151	0.000487482
9599.222659	0.000633306	9599.439343	0.000575402
9599.470602	0.000673604	9599.687537	0.000692281
9599.718547	0.000619802	9599.935733	0.000604745
9599.966493	0.000599634	9600.183931	0.000604571
9600.214442	0.000532439	9600.432131	0.000663155
9600.462393	0.000485349	9600.680333	0.00069244
9600.710346	0.000646609	9600.928536	0.000751003
9600.958302	0.000559282	9601.176741	0.000487554
9601.206259	0.000586154	9601.424948	0.000575337
9601.454218	0.000418217	9601.673157	0.000604658
9601.702179	0.000505509	9601.921368	0.000516919
9601.950143	0.000398014	9602.16958	0.000428963
9602.198108	0.000391322	9602.417795	0.000575228
9602.446076	0.000639944	9602.666011	0.000780136
9602.694045	0.000431604	9602.914228	0.000223954
9602.942016	0.00035766	9603.162448	0.000516861
9603.18999	0.000653426	9603.410669	0.00054616
9603.437965	0.000606339	9603.658892	0.000546182
9603.685943	0.000599662	9603.907117	0.000311845
9603.933922	0.000384549	9604.155344	0.000253159
9604.181904	0.000431639	9604.403572	0.000428876
9604.429887	0.000451815	9604.651802	0.000311715
9604.677872	0.000478632	9604.900034	0.000487446
9604.92586	0.000512202	9605.148267	0.000370357
9605.173849	0.000465177	9605.396503	0.000399606
9605.42184	0.000471917	9605.64474	0.000487511
9605.669833	0.000485384	9605.892978	0.000282509
9605.917828	0.000478631	9606.141218	0.000516803
9606.165826	0.000431635	9606.38946	0.000341014
9606.413824	0.000424855	9606.637704	0.000633805
9606.661825	0.000465204	9606.88595	0.000223889
9606.909828	0.000330785	9607.134197	0.000458161
9607.157833	0.000445035	9607.382445	0.000516774
9607.405839	0.000290417	9607.630696	0.000282444
9607.653848	0.000545891	9607.878948	0.000106821
9607.901858	0.000539151	9608.127202	0.000428775
9608.14987	0.000424834	9608.375457	0.000370328
9608.397885	0.000465214	9608.623714	0.00025321
9608.645901	0.000317324	9608.871973	0.000458161
9608.893918	0.000518969	9609.120233	0.000399613
9609.141938	0.000350912	9609.368495	0.000223853
9609.38996	0.000344219	9609.616758	0.000311736
9609.637983	0.00041815	9609.865023	0.000194582
9609.886008	0.000310682	9610.11329	0.000165297
9610.134035	0.000330812	9610.361559	0.000136012
9610.382064	0.000216517	9610.609829	0.000575424
9610.630095	0.000357617	9610.8581	7.74786E-05
9610.878128	0.000344212	9611.106373	0.00031178
9611.126162	0.000377817	9611.354648	0.000253275
9611.374198	0.000371148	9611.602924	5.17E-04
9611.622236	0.000391277	9611.851202	1.65E-04
9611.870276	0.000303893	9612.099482	0.000341101
9612.118317	0.000424945	9612.347763	0.000223903
9612.36636	0.000317368	9612.596045	0.000341065
9612.614406	0.000223227	9612.84433	0.000136114
9612.862452	0.0003509	9613.092615	0.000370429
9613.110501	0.000256815	9613.340903	0.00051681
9613.358551	0.000377853	9613.589191	4.82009E-05
9613.606603	0.000324085	9613.837482	0.000223983
9613.854657	0.000223253	9614.085774	0.000428869
9614.102713	0.000250176	9614.334067	2.53E-04
9614.35077	0.000230005	9614.582362	0.000194669
9614.598829	0.000263593	9614.830658	0.000223954
9614.84689	0.000418154	9615.078956	0.000311736
9615.094953	0.00033751	9615.327256	0.00042884
9615.343017	0.000418198	9615.575557	0.000458298
9615.591083	0.000162751	9615.823859	0.000341007
9615.839151	0.000324054	9616.072163	0.000458277
9616.08722	0.000256855	9616.320469	2.53E-04
9616.335291	0.000283747	9616.568776	0.000458146
9616.583364	0.000310657	9616.817084	1.8887E-05
9616.831438	0.000364384	9617.065394	0.000223838
9617.079514	0.000209787	9617.313706	0.000165427
9617.327592	0.000229957	9617.562019	0.000253195
9617.575672	0.000223232	9617.810333	0.000282531
9617.823753	0.000317343	9618.058649	2.82E-04
9618.071835	0.000243432	9618.306966	0.000399663
9618.31992	0.000196307	9618.555285	7.74569E-05
9618.568006	0.000297144	9618.803605	0.000428833
9618.816094	3.17E-04	9619.051927	0.000165398
9619.064183	0.000223286	9619.30025	0.000311751
9619.312274	0.00032407	9619.548574	0.000487395
9619.560367	0.000216556	9619.7969	0.000428977
9619.808461	0.00026354	9620.045227	3.41E-04
9620.056557	0.000182931	9620.293556	4.8172E-05
9620.304654	0.000263547	9620.541886	0.000106764
9620.552754	0.000256877	9620.790218	0.000370342
9620.800854	0.000236702	9621.038551	7.75147E-05
9621.048957	0.000115678	9621.286885	0.000253289
9621.297061	0.000310623	9621.535221	0.000106764
9621.545166	0.000203115	9621.783559	1.89955E-05
9621.793273	0.000229897	9622.031897	0.000165362
9622.041382	0.00019633	9622.280237	0.000399685
9622.289492	0.00030393	9622.528579	0.000165398
9622.537604	0.00014259	9622.776921	0.000165297
9622.785717	0.00018963	9623.025266	0.000223925
9623.033832	0.000283752	9623.273611	1.95E-04
9623.281949	3.04E-04	9623.521958	0.000311874
9623.530067	0.000216548	9623.770306	0.000223867
9623.778187	0.000303917	9624.018656	-1.03545E-05
9624.026308	0.000162755	9624.267007	0.000575373
9624.274431	0.00027696	9624.515359	1.07E-04
9624.522555	0.00027029	9624.763713	7.75292E-05
9624.770681	0.000324083	9625.012068	0.000136135
9625.018808	0.000162718	9625.260424	0.000311823
9625.266937	0.000263575	9625.508782	0.000282394
9625.515067	0.000250128	9625.757141	-3.96322E-05
9625.763199	0.000297154	9626.005502	0.00019472
9626.011333	0.000223255	9626.253863	0.000311744
9626.259468	0.000277005	9626.502226	0.000165341
9626.507604	0.000283732	9626.750591	4.00E-04
9626.755742	0.000223222	9626.998956	0.000341007
9627.003882	0.00025014	9627.247323	0.000136041
9627.252023	0.00025686	9627.495692	0.000282502
9627.500165	0.000182921	9627.744061	0.000428869
9627.748309	0.000263626	9627.992432	0.00013615
9627.996454	0.000275746	9628.240804	0.000288434
9628.244601	0.000245157	9628.489178	0.000403933
9628.492749	0.000220009	9628.737553	0.000252897
9628.740899	0.000287299	9628.985929	0.000211438
9628.98905	0.000282534	9629.234306	0.000326935
9629.237203	0.000243799	9629.482685	0.000279547
9629.485357	0.000251949	9629.731065	0.000329896
9629.733513	0.000258069	9629.979446	0.000306207
9629.98167	0.000283904	9630.227828	0.000297317
9630.229829	0.000270982	9630.476212	0.000276591
9630.477989	0.000256032	9630.724597	0.000270662
9630.72615	0.000246516	9630.972983	0.000244017
9630.974313	0.000270983	9631.221371	0.000279543
9631.222477	0.000241756	9631.46976	0.00029732
9631.470643	0.000250595	9631.71815	0.000235132
9631.71881	0.000250594	9631.966541	0.000241052
9631.966978	0.000241757	9632.214933	0.000241055
9632.215148	0.000253313	9632.463327	0.000273627
9632.46332	0.000249911	9632.711722	0.000255851
9632.711492	0.000253991	9632.960118	0.000318054
9632.959666	0.000256027	9633.208516	0.000344702
9633.207842	0.000275062	9633.456914	0.000241056
9633.456019	0.000226801	9633.705314	0.00017887
9633.704197	0.000258074	9633.953716	0.000220325
9633.952377	0.000239036	9634.202118	0.000341731
9634.200558	0.000273701	9634.450521	0.000332852
9634.44874	0.000290015	9634.698926	0.000208483
9634.696924	0.000294776	9634.947332	0.000267706
9634.94511	0.000279138	9635.195739	0.000199601
9635.193296	0.000278462	9635.444148	0.000261781
9635.441484	0.000252632	9635.692557	0.000175903
9635.689673	0.000250592	9635.940968	0.000167018
9635.937864	0.000269624	9636.18938	0.000356541
9636.186056	0.000256031	9636.437793	0.000270659
9636.434249	0.000247191	9636.686207	0.00043057
9636.682444	0.000246516	9636.934623	0.00024698
9636.93064	0.000268948	9637.18304	0.000246972
9637.178838	0.000253311	9637.431457	0.000362477
9637.427036	0.000271662	9637.679876	0.000264743
9637.675236	0.000215245	9637.928297	0.000312126
9637.923438	0.000231563	9638.176718	0.000300279
9638.17164	0.000233602	9638.42514	0.000249936
9638.419844	0.00023904	9638.673564	0.000276594
9638.66805	0.000249914	9638.921989	0.000329897
9638.916256	0.000259431	9639.170415	0.000258817
9639.164464	0.000224091	9639.418842	0.000226248
9639.412674	0.000213212	9639.66727	0.000244007
9639.660884	0.000240395	9639.9157	0.000255862
9639.909096	0.000264186	9640.16413	0.000261792
9640.157309	0.000246509	9640.412562	0.00031804
9640.405524	0.000270305	9640.660995	0.000309163
9640.65374	0.000226121	9640.909429	0.000273627
9640.901957	0.000263509	9641.157864	0.000255859
9641.150175	0.000248554	9641.4063	0.000359517
9641.398395	0.00026419	9641.654738	0.000235135
9641.646616	0.000291374	9641.903176	0.000371358
9641.894838	0.000280503	9642.151616	0.000377285
9642.143061	0.000311773	9642.400057	0.000374316
9642.391286	0.000296814	9642.648498	0.000436497
9642.639512	0.000296812	9642.896941	0.000344705
9642.887739	0.00025331	9643.145385	0.000258826
9643.135968	0.000270986	9643.393831	0.000350626
9643.384197	0.00031585	9643.642277	0.000398022
9643.632429	0.000249235	9643.890724	0.000368401
9643.880661	0.000340316	9644.139173	0.000398011
9644.128894	0.000304286	9644.387622	0.00047204
9644.377129	0.000321965	9644.636073	0.000418736
9644.625365	0.000312454	9644.884525	0.000350621
9644.873602	0.000290016	9645.132977	0.000279553
9645.121841	0.000316525	9645.381431	0.000421699
9645.37008	0.000343713	9645.629886	0.000403927
9645.618321	0.000398771	9645.878342	0.000486839
9645.866564	0.000402847	9646.1268	0.000377289
9646.114807	0.000453146	9646.375258	0.000374316
9646.363052	0.000406927	9646.623717	0.000418741
9646.611297	0.000472181	9646.872177	0.000466114
9646.859544	0.000515001	9647.120639	0.000415771
9647.107793	0.000572088	9647.369101	0.00030917
9647.356042	0.000574819	9647.617565	0.000371352
9647.604293	0.000587727	9647.866029	0.000469083
9647.852545	0.000682882	9648.114495	0.000495731
9648.100798	0.000694445	9648.362962	0.000430577
9648.349052	0.000804558	9648.61143	0.000501659
9648.597307	0.000864373	9648.859898	0.000560887
9648.845564	0.000931664	9649.108368	0.000614182
9649.093822	0.001007784	9649.356839	0.000643806
9649.342081	0.001081894	9649.605311	0.000673414
9649.590341	0.001157998	9649.853784	0.000637882
9649.838602	0.001199465	9650.102258	0.000525346
9650.086865	0.001253175	9650.350733	0.000765204
9650.335128	0.001319106	9650.599209	0.000785945
9650.583393	0.001427844	9650.847686	0.000700075
9650.831659	0.001523014	9651.096164	0.00064082
9651.079926	0.001484279	9651.344643	0.000750398
9651.328195	0.001518271	9651.593123	0.000634902
9651.576464	0.001487683	9651.841604	0.000605316
9651.824735	0.001501954	9652.090087	0.000691182
9652.073007	0.001401346	9652.33857	0.000768181
9652.32128	0.001405428	9652.587054	0.000833332
9652.569554	0.001346972	9652.835539	0.000954743
9652.817829	0.001294643	9653.084025	0.001043602
9653.066106	0.001270144	9653.332513	0.001061343
9653.314383	0.001213064	9653.581001	0.001256816
9653.562662	0.001118588	9653.82949	0.001393016
9653.810942	0.001120625	9654.07798	0.001573684
9654.059223	0.001008471	9654.326471	0.001872763
9654.307505	0.000955459	9654.574964	0.0020001
9654.555788	0.000953415	9654.823457	0.002077086
9654.804072	0.000831063	9655.071951	0.002044491
9655.052358	0.000785526	9655.320446	0.002118548
9655.300644	0.000736581	9655.568942	0.002124478
9655.548932	0.000690368	9655.817439	0.001929029
9655.797221	0.000621708	9656.065937	0.001748369
9656.045511	0.000572784	9656.314436	0.001532198
9656.293802	0.000561223	9656.562936	0.001475966
9656.542094	0.000524518	9656.811437	0.001301216
9656.790387	0.000473534	9657.059939	0.001010996
9657.038681	0.000480338	9657.308442	0.001011007
9657.286977	0.000421201	9657.556946	0.000919201
9657.535273	0.000466067	9657.805451	0.000750409
9657.783571	0.000404887	9658.053957	0.00076521
9658.031869	0.000375658	9658.302463	0.00063197
9658.280169	0.000409649	9658.550971	0.00062306
9658.52847	0.000391972	9658.79948	0.000516454
9658.776772	0.000374297	9659.047989	0.000427619
9659.025075	0.000367506	9659.2965	0.000483898
9659.273379	0.000398768	9659.545011	0.000412803
9659.521684	0.0003342	9659.793524	0.000525341
9659.76999	0.000362068	9660.042037	0.000323973
9660.018298	0.000372941	9660.290552	0.000374305
9660.266606	0.000357988	9660.539067	0.000332861
9660.514916	0.000365474	9660.787583	0.000288443
9660.763226	0.000369539	9661.0361	0.000439466
9661.011538	0.000362747	9661.284618	0.000350621
9661.25985	0.000398095	9661.533137	0.000383201
9661.508164	0.00038789	9661.781657	0.000326938
9661.756479	0.000394007	9662.030178	0.000306199
9662.004794	0.000385179	9662.2787	0.000217367
9662.253111	0.000373615	9662.527222	0.000359505
9662.501429	0.000328756	9662.775746	0.000350624
9662.749748	0.000336917	9663.02427	0.000356548
9662.998068	0.000336914	9663.272796	0.000309162
9663.246389	0.000307688	9663.521322	0.000315087
9663.494711	0.00028322	9663.769849	0.000241049
9663.743034	0.000268264	9664.018378	0.000288443
9663.991358	0.000230199	9664.266907	0.000294362
9664.239683	0.000215929	9664.515437	0.000303252
9664.488009	0.000175823	9664.763968	0.000321003
9664.736337	0.000169707	9665.012499	0.000261781
9664.984665	0.000171069	9665.261032	0.000270678
9665.232994	0.000142521	9665.509565	0.000282523
9665.481324	9.62995E-05	9665.7581	0.000249935
9665.729656	7.59058E-05	9666.006635	0.000383199
9665.977988	0.000105812	9666.255171	0.000252901
9666.226321	6.77492E-05	9666.503709	0.000380244
9666.474655	7.86E-05	9666.752247	0.000270672
9666.722991	5.41577E-05	9667.000785	0.000255858
9666.971327	4.73597E-05	9667.249325	0.000158134
9667.219664	5.76E-05	9667.497866	0.000167018
9667.468003	3.72E-05	9667.746407	0.000172945
9667.716342	4.40E-05	9667.99495	0.000152211
9667.964682	3.44E-05	9668.243493	8.70683E-05
9668.213023	4.12E-05	9668.492037	9.00321E-05
9668.461366	2.22E-05	9668.740582	0.000226248
9668.709709	4.12E-05	9668.989128	1.55E-04
9668.958053	4.12E-05	9669.237675	0.000187748
9669.206399	7.26E-06	9669.486223	0.000152211
9669.454745	1.68E-05	9669.734771	9.00E-05
9669.703092	3.78E-05	9669.98332	0.000167025
9669.95144	2.97E-05	9670.231871	0.000178866
9670.199789	4.46E-05	9670.480422	1.52E-04
9670.448139	6.98E-05	9670.728973	0.000172937
9670.696491	3.51E-05	9670.977526	0.000146288
9670.944843	4.94E-05	9671.22608	0.000140371
9671.193196	3.72E-05	9671.474634	0.000244013
9671.44155	4.46E-05	9671.72319	0.00021737
9671.689905	7.18E-05	9671.971746	0.000273619
9671.938261	5.89E-05	9672.220303	0.000110761
9672.186617	5.14E-05	9672.468861	0.000211444
9672.434975	4.26E-05	9672.717419	0.000140371
9672.683334	6.78E-05	9672.965979	0.000161096
9672.931694	6.71E-05	9673.214539	0.00020848
9673.180055	6.29919E-05	9673.4631	0.000196638
9673.428416	5.69E-05	9673.711662	0.000110757
9673.676779	7.86279E-05	9673.960225	0.000143329
9673.925142	0.000100377	9674.208789	0.000149256
9674.173507	5.21E-05	9674.457353	0.000158142
9674.421872	6.71E-05	9674.705919	0.000211442
9674.670239	9.62962E-05	9674.954485	0.000101874
9674.918606	6.30E-05	9675.203052	0.000146286
9675.166974	6.84E-05	9675.45162	0.000134446
9675.415344	7.11E-05	9675.700188	0.000172944
9675.663714	6.64E-05	9675.948758	0.000128519
9675.912085	8.33834E-05	9676.197328	9.0015E-05
9676.160457	4.46E-05	9676.445899	0.000131479
9676.40883	2.43E-05	9676.694471	8.11E-05
9676.657203	9.22189E-05	9676.943044	9.29895E-05
9676.905578	5.69E-05	9677.191617	8.41006E-05
9677.153954	3.64818E-05	9677.440192	9.00E-05
9677.40233	4.53E-05	9677.688767	6.93E-05
9677.650708	2.42E-05	9677.937343	0.000181824
9677.899086	5.21E-05	9678.185919	0.000122595
9678.147466	5.62E-05	9678.434497	-4.7402E-06
9678.395846	2.42E-05	9678.683075	1.49E-04
9678.644227	6.03E-05	9678.931654	8.41E-05
9678.892609	1.81E-05	9679.180234	7.11E-06
9679.140992	2.08E-05	9679.428815	1.60E-05
9679.389376	3.38E-05	9679.677397	6.93E-05
9679.637761	2.83E-05	9679.925979	7.52197E-05
9679.886146	2.22E-05	9680.174562	7.10E-06
9680.134533	2.02E-05	9680.423146	1.02E-04
9680.38292	9.29E-06	9680.671731	-4.73E-06
9680.631309	3.44E-05	9680.920316	9.30E-05
9680.879698	1.95E-05	9681.168902	3.37602E-05
9681.128088	1.34E-05	9681.417489	-1.66E-05
9681.376479	5.89E-06	9681.666077	2.19E-05
9681.624871	-2.33E-05	9681.914666	-7.28E-05
9681.873264	5.90E-06	9682.163255	5.45E-05
9682.121658	1.74E-05	9682.411845	3.67197E-05
9682.370052	-2.94E-06	9682.660436	1.90E-05
9682.618448	2.36E-05	9682.909028	-1.66E-05
9682.866844	2.15E-05	9683.15762	-1.78E-06
9683.115241	1.47E-05	9683.406213	1.90E-05
9683.363639	1.41E-05	9683.654807	4.86E-05
9683.612038	8.62E-06	9683.903402	-2.25E-05
9683.860438	4.59E-07	9684.151998	7.10E-06
9684.108839	-4.30E-06	9684.400594	-2.25E-05
9684.35724	1.13E-05	9684.649191	4.86E-05
9684.605643	4.19E-05	9684.897789	3.08E-05
9684.854046	1.14E-06	9685.146387	2.19E-05
9685.10245	1.61E-05	9685.394986	4.26418E-05
9685.350855	2.49E-05	9685.643586	2.49E-05
9685.599261	-2.26E-06	9685.892187	-3.44E-05
9685.847668	4.54E-06	9686.140789	3.08E-05
9686.096075	1.82E-06	9686.389391	2.49E-05
9686.344484	2.50E-06	9686.637994	1.30E-05
9686.592893	7.94E-06	9686.886598	-7.70462E-06
9686.841303	1.82E-06	9687.135203	-4.03E-05
9687.089714	2.56E-05	9687.383808	1.90E-05
9687.338126	2.09E-05	9687.632414	3.97E-05
9687.586538	1.74E-05	9687.881021	-2.55E-05
9687.834952	3.24E-05	9688.129628	-2.25E-05
9688.083366	-1.04E-05	9688.378237	4.26E-05
9688.331781	2.56E-05	9688.626845	-4.92E-05
9688.580197	-3.76E-05	9688.875455	-1.07E-05
9688.828614	-6.34E-06	9689.124066	6.34E-05
9689.077032	-4.30E-06	9689.372677	2.78E-05
9689.325451	2.97E-05	9689.621289	3.08E-05
9689.57387	2.50E-06	9689.869901	3.67E-05
9689.82229	6.57E-06	9690.118515	-5.51E-05
9690.070711	4.60E-07	9690.367129	-1.95E-05
9690.319133	-2.13E-05	9690.615744	3.08E-05
9690.567556	-3.62E-06	9690.864359	-3.14E-05
9690.815979	1.34E-05	9691.112976	-6.99E-05
9691.064403	1.07E-05	9691.361593	-6.99E-05
9691.312829	-1.86E-05	9691.61021	2.49E-05
9691.561255	-3.62E-06	9691.858829	-4.74E-06
9691.809681	-1.59E-05	9692.107448	4.14E-06
9692.058109	-4.30E-06	9692.356068	1.30E-05
9692.306537	-4.30E-06	9692.604689	1.30E-05
9692.554966	-1.11E-05	9692.85331	-1.78E-06
9692.803397	1.68E-05	9693.101932	-4.74E-06
9693.051827	-1.18E-05	9693.350555	-2.55E-05
9693.300259	-3.15E-05	9693.599178	7.52E-05
9693.548691	1.82E-06	9693.847802	1.60E-05
9693.797125	2.08E-05	9694.096427	3.08E-05
9694.045559	-1.11E-05	9694.345053	-1.07E-05
9694.293994	-1.59E-05	9694.593679	-2.84E-05
9694.542429	1.07E-05	9694.842306	1.59963E-05
9694.790866	-2.94E-06	9695.090933	-3.44E-05
9695.039303	-5.66E-06	9695.339562	-2.55E-05
9695.287741	4.54E-06	9695.588191	4.56E-05
9695.53618	-2.40E-05	9695.836821	-4.74E-06
9695.784619	1.27E-05	9696.085451	3.67E-05
9696.03306	-1.52E-05	9696.334082	-5.21E-05
9696.281501	-2.94E-06	9696.582714	2.78E-05
9696.529943	-2.06E-05	9696.831347	-7.70E-06
9696.778386	-7.02E-06	9697.07998	-1.66E-05
9697.026829	-7.70E-06	9697.328614	-8.47E-05
9697.275274	-3.35E-05	9697.577248	9.59E-05
9697.523719	-3.48858E-05	9697.825884	-1.36304E-05
