9543.791946	0.001277544	9546.469039	0.001475753
9544.028093	0.001430779	9546.711526	0.001607007
9544.264266	0.00128163	9546.954027	0.00158729
9544.500467	0.001406843	9547.196544	0.001607009
9544.736694	0.001414598	9547.439075	0.001534795
9544.972948	0.0013907	9547.68162	0.001744791
9545.209228	0.001527699	9547.92418	0.001777722
9545.445534	0.001487226	9548.166754	0.001725284
9545.681867	0.001571962	9548.409343	0.001876153
9545.918226	0.001668818	9548.651945	0.001771105
9546.15461	0.001535604	9548.894562	0.00176451
9546.39102	0.001479173	9549.137192	0.001836878
9546.627455	0.001386506	9549.379836	0.001790797
9546.863916	0.001600085	9549.622494	0.001830243
9547.100402	0.001471131	9549.865166	0.001823575
9547.336913	0.001596141	9550.107851	0.002040255
9547.573448	0.001503567	9550.35055	0.002053699
9547.810009	0.001467168	9550.593263	0.001948504
9548.046594	0.001608314	9550.835988	0.002138655
9548.283203	0.001535578	9551.078727	0.001856682
9548.519837	0.001676675	9551.321479	0.002230765
9548.756495	0.001680995	9551.564245	0.002211087
9548.993177	0.001701013	9551.807023	0.002224367
9549.229883	0.001934913	9552.049815	0.001994368
9549.466613	0.001700905	9552.292619	0.002217682
9549.703366	0.001963274	9552.535436	0.002204518
9549.940142	0.001729225	9552.778266	0.002243826
9550.176942	0.001938881	9553.021108	0.002237394
9550.413765	0.001761563	9553.263964	0.002598292
9550.650612	0.00187019	9553.506831	0.002243664
9550.887481	0.001902471	9553.749712	0.00254617
9551.124373	0.001930822	9553.992604	0.002900502
9551.361288	0.001894481	9554.235509	0.002434493
9551.598225	0.00212834	9554.478426	0.002677199
9551.835184	0.002164449	9554.721356	0.003228454
9552.072166	0.002104091	9554.964298	0.003359932
9552.309171	0.002217047	9555.207251	0.002907101
9552.546197	0.00236211	9555.450217	0.003235373
9552.783245	0.002450617	9555.693194	0.003570025
9553.020315	0.002406264	9555.936184	0.003156257
9553.257407	0.002523313	9556.179185	0.003209235
9553.49452	0.002386177	9556.422198	0.003379637
9553.731655	0.002563632	9556.665223	0.003734336
9553.968811	0.002664599	9556.908259	0.003786762
9554.205988	0.002539781	9557.151307	0.003852801
9554.443187	0.002845782	9557.394366	0.004076212
9554.680406	0.00265617	9557.637437	0.004377292
9554.917647	0.002801567	9557.880519	0.004252978
9555.154908	0.002898374	9558.123612	0.004811453
9555.39219	0.003026816	9558.366717	0.005060002
9555.629493	0.003099843	9558.609833	0.004975239
9555.866816	0.003047501	9558.85296	0.004817895
9556.104159	0.003502975	9559.096098	0.005257984
9556.341523	0.00334993	9559.339247	0.00613703
9556.578907	0.003474892	9559.582407	0.005966022
9556.81631	0.003716435	9559.825578	0.006498798
9557.053734	0.003555561	9560.06876	0.006866348
9557.291178	0.003817653	9560.311952	0.00735139
9557.528641	0.00397093	9560.555156	0.007674124
9557.766124	0.004446347	9560.79837	0.008284704
9558.003627	0.00434549	9561.041594	0.008606651
9558.241149	0.004728667	9561.28483	0.009032772
9558.47869	0.004664594	9561.528075	0.009551261
9558.716251	0.00508736	9561.771331	0.010346411
9558.953831	0.005155983	9562.014598	0.01041218
9559.19143	0.005708187	9562.257875	0.01125333
9559.429047	0.006098944	9562.501162	0.012039501
9559.666684	0.005740544	9562.74446	0.01289955
9559.90434	0.006361401	9562.987767	0.013410878
9560.142014	0.006615751	9563.231085	0.014529244
9560.379707	0.006918067	9563.474413	0.014789604
9560.617418	0.007204179	9563.717751	0.014745254
9560.855148	0.007623875	9563.961099	0.016700461
9561.092896	0.008320762	9564.204457	0.016741978
9561.330662	0.008881552	9564.447825	0.017090396
9561.568446	0.009255886	9564.691203	0.018814295
9561.806249	0.009800815	9564.934591	0.019630045
9562.044069	0.010429549	9565.177988	0.021266491
9562.281907	0.011097308	9565.421395	0.02232311
9562.519764	0.011549559	9565.664812	0.024193736
9562.757637	0.012320202	9565.908238	0.025986917
9562.995529	0.013022416	9566.151674	0.028389525
9563.233438	0.013433199	9566.39512	0.02893581
9563.471364	0.014203462	9566.638575	0.033760191
9563.709308	0.014994248	9566.882039	0.037451167
9563.947269	0.015650343	9567.125513	0.0406236
9564.185248	0.016976978	9567.368996	0.045890922
9564.423243	0.016909033	9567.612489	0.049842643
9564.661256	0.018025222	9567.85599	0.054192079
9564.899286	0.019194834	9568.099501	0.060161194
9565.137332	0.020484898	9568.343022	0.066198956
9565.375395	0.022020928	9568.586551	0.070119503
9565.613476	0.022953179	9568.830089	0.075567941
9565.851572	0.024223862	9569.073637	0.07993718
9566.089686	0.026500235	9569.317193	0.083176427
9566.327816	0.02963839	9569.560759	0.086201876
9566.565962	0.032417886	9569.804333	0.089406136
9566.804125	0.035672528	9570.047917	0.092908478
9567.042304	0.039357365	9570.291509	0.096440021
9567.280499	0.043088348	9570.53511	0.099280564
9567.51871	0.047087836	9570.77872	0.1038545
9567.756938	0.052363424	9571.022338	0.106011037
9567.995181	0.057585405	9571.265965	0.111020793
9568.23344	0.062087424	9571.509601	0.113115228
9568.471716	0.06763349	9571.753246	0.116465908
9568.710007	0.072502491	9571.996899	0.117208513
9568.948314	0.075773965	9572.24056	0.113053324
9569.186636	0.080689574	9572.48423	0.110785617
9569.424974	0.082744856	9572.727909	0.104315934
9569.663328	0.086094362	9572.971596	0.096695963
9569.901697	0.090476527	9573.215291	0.089844081
9570.140081	0.094424719	9573.458995	0.080628939
9570.378481	0.096985499	9573.702707	0.074517501
9570.616896	0.099452326	9573.946427	0.067366387
9570.855326	0.105098707	9574.190156	0.06112848
9571.093771	0.10810796	9574.433893	0.055933329
9571.332231	0.111761009	9574.677638	0.050723988
9571.570707	0.114237004	9574.921391	0.047715191
9571.809197	0.114251294	9575.165152	0.04314954
9572.047702	0.114229414	9575.408922	0.041018696
9572.286222	0.111421884	9575.652699	0.038438083
9572.524757	0.108562954	9575.896484	0.036146494
9572.763306	0.103388089	9576.140278	0.035159526
9573.00187	0.097516675	9576.384079	0.033834231
9573.240449	0.08939865	9576.627888	0.031222842
9573.479042	0.083517397	9576.871705	0.028585709
9573.717649	0.075649346	9577.11553	0.027146637
9573.956271	0.07009675	9577.359363	0.024908793
9574.194907	0.062502951	9577.603203	0.023963384
9574.433557	0.058326566	9577.847051	0.021999142
9574.672222	0.052310111	9578.090907	0.020738018
9574.910901	0.048395787	9578.334771	0.019012423
9575.149593	0.045576	9578.578642	0.017305333
9575.3883	0.041761868	9578.822521	0.01666935
9575.627021	0.039713017	9579.066407	0.015572364
9575.865756	0.037363561	9579.310301	0.013983115
9576.104504	0.03510068	9579.554203	0.014029503
9576.343266	0.032668901	9579.798112	0.012794467
9576.582042	0.031009842	9580.042028	0.012171767
9576.820832	0.029772156	9580.285952	0.011658642
9577.059636	0.027798538	9580.529883	0.010418137
9577.298452	0.025946789	9580.773822	0.009478001
9577.537283	0.02411717	9581.017768	0.009328121
9577.776127	0.022630173	9581.261721	0.009079243
9578.014984	0.020980895	9581.505682	0.008422366
9578.253855	0.019430727	9581.74965	0.008179323
9578.492739	0.018455712	9581.993625	0.007746104
9578.731636	0.016910219	9582.237607	0.007240695
9578.970546	0.015825104	9582.481596	0.006176895
9579.20947	0.0146468	9582.725593	0.00633423
9579.448407	0.013943587	9582.969597	0.005762158
9579.687356	0.013482085	9583.213607	0.005560296
9579.926319	0.012290958	9583.457625	0.00536259
9580.165295	0.011513364	9583.70165	0.005034188
9580.404283	0.011284706	9583.945682	0.004929151
9580.643285	0.010756318	9584.18972	0.004817214
9580.882299	0.009679899	9584.433766	0.004206979
9581.121326	0.009187006	9584.677819	0.003990414
9581.360365	0.008636031	9584.921878	0.004023072
9581.599417	0.008466118	9585.165945	0.0036027
9581.838482	0.007962003	9585.410018	0.003721192
9582.07756	0.007325106	9585.654098	0.0036227
9582.31665	0.006884904	9585.898185	0.003287954
9582.555752	0.006724157	9586.142278	0.003208803
9582.794867	0.006539048	9586.386379	0.00292699
9583.033994	0.005986054	9586.630486	0.002834634
9583.273133	0.005748874	9586.874599	0.002749662
9583.512285	0.005499153	9587.11872	0.002486678
9583.751449	0.005075363	9587.362847	0.002749497
9583.990625	0.005236981	9587.60698	0.002434504
9584.229813	0.004398309	9587.851121	0.002217623
9584.469013	0.004567816	9588.095267	0.002125689
9584.708225	0.004228582	9588.339421	0.002322391
9584.94745	0.004115877	9588.58358	0.002033466
9585.186686	0.004071514	9588.827747	0.00196175
9585.425934	0.003241009	9589.07192	0.001909189
9585.665194	0.003345696	9589.316099	0.001922247
9585.904466	0.003063738	9589.560284	0.001751323
9586.14375	0.003265187	9589.804476	0.001771322
9586.383045	0.003051394	9590.048675	0.001738261
9586.622352	0.002974755	9590.292879	0.00162033
9586.861671	0.002789353	9590.53709	0.00166606
9587.101001	0.002575583	9590.781308	0.001449649
9587.340343	0.002644065	9591.025531	0.001246089
9587.579696	0.002414196	9591.269761	0.001620271
9587.819061	0.002345864	9591.513997	0.001364118
9588.058437	0.002499179	9591.758239	0.001390484
9588.297825	0.002354113	9592.002488	0.001265771
9588.537224	0.002132292	9592.246742	0.001370573
9588.776634	0.002128082	9592.491003	0.001219673
9589.016055	0.002269265	9592.73527	0.001154122
9589.255488	0.002007374	9592.979543	0.001088468
9589.494932	0.001902302	9593.223822	0.001127847
9589.734387	0.001700893	9593.468107	0.001009548
9589.973854	0.001741386	9593.712398	0.000937284
9590.213331	0.001692611	9593.956695	0.001108264
9590.452819	0.001825974	9594.200998	0.001009655
9590.692319	0.001592212	9594.445308	0.000989974
9590.931829	0.001499308	9594.689623	0.000898046
9591.17135	0.001543639	9594.933944	0.00091109
9591.410882	0.001700975	9595.17827	0.000950463
9591.650425	0.001439144	9595.422603	0.000786325
9591.889979	0.001293785	9595.666942	0.000845481
9592.129543	0.001471152	9595.911286	0.000773266
9592.369119	0.001362188	9596.155636	0.000786445
9592.608705	0.001293685	9596.399992	0.000681345
9592.848301	0.001176721	9596.644354	0.000668238
9593.087908	0.001152781	9596.888722	0.00095061
9593.327526	0.001172843	9597.133095	0.00064839
9593.567154	0.00105587	9597.377474	0.000747125
9593.806793	0.001075973	9597.621859	0.00072723
9594.046443	0.001035785	9597.86625	0.000694513
9594.286102	0.001063981	9598.110646	0.000655121
9594.525773	0.000967197	9598.355047	0.000596024
9594.765453	0.000902727	9598.599455	0.000746976
9595.005144	0.001019579	9598.843868	0.000543486
9595.244845	0.001039925	9599.088286	0.000635386
9595.484556	0.000862257	9599.332711	0.00062877
9595.724278	0.00091888	9599.57714	0.000602422
9595.96401	0.000926923	9599.821576	0.000595958
9596.203752	0.000870421	9600.066016	0.000477796
9596.443504	0.000785791	9600.310463	0.000484351
9596.683266	0.00082598	9600.554914	0.000504104
9596.923038	0.000797944	9600.799371	0.000635386
9597.162821	0.000809937	9601.043834	0.00060907
9597.402613	0.000733291	9601.288302	0.000582791
9597.642415	0.000826045	9601.532775	0.00055653
9597.882227	0.000749537	9601.777254	0.000563183
9598.122049	0.000709198	9602.021738	0.000504106
9598.361881	0.000604351	9602.266228	0.000431869
9598.601723	0.000676879	9602.510723	0.00040563
9598.841574	0.000616492	9602.755223	0.000471277
9599.081436	0.000656786	9602.999729	0.000530364
9599.321307	0.000592196	9603.244239	0.000491013
9599.561188	0.00050361	9603.488755	0.000582909
9599.801078	0.000588367	9603.733277	0.000353039
9600.040978	0.000431042	9603.977803	0.000438436
9600.280888	0.000685027	9604.222335	0.000497503
9600.520807	0.000439058	9604.466872	0.000385981
9600.760735	0.00059643	9604.711414	0.000451558
9601.000674	0.000604347	9604.955961	0.000464657
9601.240621	0.000543863	9605.200513	0.000431844
9601.480579	0.000499517	9605.445071	0.000438395
9601.720545	0.000543912	9605.689634	0.000438442
9601.960521	0.000568066	9605.934201	0.000385858
9602.200507	0.00041081	9606.178774	0.000385904
9602.440501	0.000438996	9606.423352	0.000451627
9602.680505	0.000495495	9606.667935	0.000517246
9602.920519	0.00045923	9606.912523	0.000353122
9603.160541	0.000612411	9607.157116	0.000333376
9603.400573	0.0003625	9607.401714	0.000399066
9603.640614	0.000555982	9607.646317	0.000438379
9603.880664	0.000435096	9607.890924	0.000359638
9604.120723	0.000503552	9608.135537	0.000392476
9604.360791	0.000302016	9608.380155	0.000300504
9604.600869	0.000334263	9608.624778	0.000372683
9604.840955	0.000414842	9608.869405	0.000320217
9605.081051	0.000410817	9609.114038	0.00037932
9605.321155	0.00044709	9609.358675	0.000293972
9605.561268	0.000467289	9609.603318	0.000300592
9605.801391	0.000398763	9609.847965	0.000372795
9606.041522	0.000342382	9610.092617	0.000379302
9606.281662	0.000451125	9610.337273	0.000392426
9606.521811	0.000346367	9610.581935	0.000412202
9606.761969	0.00033416	9610.826601	0.000247991
9607.002135	0.000475308	9611.071272	0.000451507
9607.24231	0.000451207	9611.315948	0.000215208
9607.482495	0.000301996	9611.560629	0.000241445
9607.722687	0.00037457	9611.805314	0.000366216
9607.962889	0.000269699	9612.050004	0.00026114
9608.203099	0.000253627	9612.294699	0.000234928
9608.443318	0.00036652	9612.539398	0.000320201
9608.683545	0.000354371	9612.784102	0.000261187
9608.923781	0.000289962	9613.028811	0.000142953
9609.164025	0.000334322	9613.273524	0.00034648
9609.404278	0.000285875	9613.518242	0.000248033
9609.64454	0.000358395	9613.762965	0.000287436
9609.88481	0.00025764	9614.007692	0.00027427
9610.125089	0.000297994	9614.252424	0.000136453
9610.365375	0.000314105	9614.49716	0.000248024
9610.605671	0.000221381	9614.741901	0.000247956
9610.845974	0.000306029	9614.986647	0.000267714
9611.086286	0.000342262	9615.231397	0.000228349
9611.326607	0.000281827	9615.476151	0.000313679
9611.566936	0.000241565	9615.72091	0.000267716
9611.807273	0.000302081	9615.965674	0.000300489
9612.047618	0.000273867	9616.210442	0.000169289
9612.287971	0.000306076	9616.455214	0.000234892
9612.528333	0.0003383	9616.699991	0.00021521
9612.768703	0.000310082	9616.944772	0.000188978
9613.009081	0.000273723	9617.189558	0.000195498
9613.249467	0.000269704	9617.434348	0.000221749
9613.489861	0.00018918	9617.679143	0.000221777
9613.730263	0.000156892	9617.923942	0.000234876
9613.970674	0.00026577	9618.168745	0.000307053
9614.211092	0.000334237	9618.413553	0.000267709
9614.451519	0.000245581	9618.658365	0.000280854
9614.691953	0.000257588	9618.903181	0.000261063
9614.932396	0.00028994	9619.148002	0.000359592
9615.172846	0.000168983	9619.392827	0.000346459
9615.413304	0.000305984	9619.637656	0.000366228
9615.653771	0.000265763	9619.88249	0.000208621
9615.894245	0.000269749	9620.127328	0.000142958
9616.134727	0.000302034	9620.37217	0.000274223
9616.375216	0.000164921	9620.617016	0.000366228
9616.615714	0.000249606	9620.861867	0.000241451
9616.856219	0.000342276	9621.106722	0.000228304
9617.096733	0.000185097	9621.351581	0.000156104
9617.337253	0.000225405	9621.596444	0.000254549
9617.577782	0.000314058	9621.841312	0.000320238
9617.818318	0.000225391	9622.086183	0.000221759
9618.058863	0.000221388	9622.331059	0.000254599
9618.299414	0.000322181	9622.575939	0.000162643
9618.539974	0.000104504	9622.820823	0.000261136
9618.78054	0.000165012	9623.065712	3.46E-04
9619.021115	0.000205224	9623.310604	2.81E-04
9619.261697	0.000201196	9623.5555	9.69862E-05
9619.502287	0.000164961	9623.800401	0.000149531
9619.742884	0.000269723	9624.045306	0.000267752
9619.983489	0.000215826	9624.290214	0.000142962
9620.224101	0.000214188	9624.535127	0.0002501
9620.464721	0.000234168	9624.780044	0.000232837
9620.705348	0.000219081	9625.024965	0.000244791
9620.945982	0.000211743	9625.26989	0.000270016
9621.186624	0.000229677	9625.514819	0.000234825
9621.427274	0.000221935	9625.759752	0.000242794
9621.66793	0.000237017	9626.004689	0.000270687
9621.908594	0.00019747	9626.24963	0.000212924
9622.149266	0.000225195	9626.494574	0.000211591
9622.389945	0.000216629	9626.739523	0.000252088
9622.630631	0.000206033	9626.984476	0.000236822
9622.871324	0.000210516	9627.229433	0.000238815
9623.112024	0.000187694	9627.474394	0.000244784
9623.352732	0.000237832	9627.719358	0.000228849
9623.593447	0.00020318	9627.964327	0.000210931
9623.834169	0.000200733	9628.209299	0.000246117
9624.074899	0.000180362	9628.454275	0.000225534
9624.315635	0.000231726	9628.699255	0.000240136
9624.556379	0.000217456	9628.94424	0.000206944
9624.797129	0.000199514	9629.189227	0.000224204
9625.037887	0.000182801	9629.434219	0.00024014
9625.278652	0.000217039	9629.679215	0.000246782
9625.519424	0.000208483	9629.924214	0.000244792
9625.760203	0.000237838	9630.169217	0.000248773
9626.000989	0.000197883	9630.414224	0.000187017
9626.241782	0.000211338	9630.659235	0.000232172
9626.482582	0.000204407	9630.90425	0.000185701
9626.723389	0.00023987	9631.149268	0.000227527
9626.964203	0.000194611	9631.39429	0.000245457
9627.205023	0.000204402	9631.639316	0.00022222
9627.445851	0.000227639	9631.884346	0.000226865
9627.686686	0.000217454	9632.129379	0.000203627
9627.927527	0.000215004	9632.374416	0.000251427
9628.168375	0.000238652	9632.619457	0.000222882
9628.409231	0.000227647	9632.864502	0.000270017
9628.650093	0.000239458	9633.10955	0.000248111
9628.890961	0.000226826	9633.354602	0.000247443
9629.131837	0.000237838	9633.599657	0.000222876
9629.372719	0.000218269	9633.844717	0.000205619
9629.613608	0.000227642	9634.089779	0.000239474
9629.854504	0.000214601	9634.334846	0.000235494
9630.095407	0.000247208	9634.579916	0.000228856
9630.336316	0.000224787	9634.82499	0.000213585
9630.577232	0.000204812	9635.070067	0.000287944
9630.818154	0.000201961	9635.315148	0.000234158
9631.059083	0.000194203	9635.560233	0.000248107
9631.300019	0.000195843	9635.805321	0.000224207
9631.540961	0.00022642	9636.050413	0.000260056
9631.78191	0.00019584	9636.295509	0.0002408
9632.022866	0.00021459	9636.540608	0.000242797
9632.263828	0.00018035	9636.78571	0.000242127
9632.504797	0.00019625	9637.030816	0.000230182
9632.745772	0.000187694	9637.275926	0.0002647
9632.986754	0.000210521	9637.521039	0.000228188
9633.227742	0.000228051	9637.766155	0.000277324
9633.468737	0.000215818	9638.011276	0.000240806
9633.709738	0.000219899	9638.256399	0.000262717
9633.950745	0.00021541	9638.501526	0.000259393
9634.191759	0.000237429	9638.746657	0.00024014
9634.43278	0.000234571	9638.991791	0.000249441
9634.673806	0.000212142	9639.236929	0.000277982
9634.914839	0.000201544	9639.48207	0.000261382
9635.155879	0.000205625	9639.727214	0.000293916
9635.396925	0.000229673	9639.972362	0.000234171
9635.637977	0.000202772	9640.217514	0.00026272
9635.879036	0.000231313	9640.462668	0.000237484
9636.1201	0.000216232	9640.707826	0.000250099
9636.361171	0.000214596	9640.952988	0.000240804
9636.602249	0.000224378	9641.198153	0.000279974
9636.843332	0.000234569	9641.443321	0.000256738
9637.084422	0.000214596	9641.688493	0.000287271
9637.325518	0.000195847	9641.933668	0.000325127
9637.56662	0.000181574	9642.178847	0.000292591
9637.807729	0.000223163	9642.424029	0.000291262
9638.048844	0.000172606	9642.669214	0.00031915
9638.289964	0.000177492	9642.914402	0.000284624
9638.531091	0.000207664	9643.159594	0.000339065
9638.772224	0.000176681	9643.404789	0.000313838
9639.013363	0.000199916	9643.649988	0.00029525
9639.254509	0.000215412	9643.89519	0.000348364
9639.49566	0.000206033	9644.140395	0.000358985
9639.736817	0.000205224	9644.385603	0.000378241
9639.977981	0.000191361	9644.630815	0.000388864
9640.21915	0.000194211	9644.87603	0.000399489
9640.460326	0.000178309	9645.121248	0.000373595
9640.701507	0.00022437	9645.366469	0.000421393
9640.942695	0.000240688	9645.611694	0.000398816
9641.183888	0.00021012	9645.856922	0.000390861
9641.425088	0.0001991	9646.102153	0.000382223
9641.666293	0.000200333	9646.347388	0.000377577
9641.907505	0.000223568	9646.592625	0.00032845
9642.148722	0.000202364	9646.837866	0.000383556
9642.389945	0.00021011	9647.08311	0.00034371
9642.631174	0.000207667	9647.328357	0.000358314
9642.872409	0.000208889	9647.573608	0.000391518
9643.11365	0.000228042	9647.818861	0.000394836
9643.354897	0.000265145	9648.064118	0.000420738
9643.596149	0.000243953	9648.309378	0.000453927
9643.837408	0.00024599	9648.554641	0.000511693
9644.078672	0.000241497	9648.799908	0.000517668
9644.319942	0.00023457	9649.045177	0.000524975
9644.561218	0.000234162	9649.290449	0.00054356
9644.802499	0.000254966	9649.535725	0.000560824
9645.043786	0.000247206	9649.781004	0.000652442
9645.285079	0.000295314	9650.026286	0.000615934
9645.526378	0.000299802	9650.271571	0.000631201
9645.767683	0.000296132	9650.516859	0.000610617
9646.008993	0.000286346	9650.76215	0.000638507
9646.250309	0.000349946	9651.007444	0.000583389
9646.49163	0.000391531	9651.252742	0.000608616
9646.732957	0.000382158	9651.498042	0.000603312
9646.97429	0.000434758	9651.743345	0.00056414
9647.215628	0.000508139	9651.988652	0.000674358
9647.456973	0.000498756	9652.233962	0.000652441
9647.698322	0.000526064	9652.479274	0.000717517
9647.939678	0.000586807	9652.72459	0.000782568
9648.181038	0.000599458	9652.969909	0.000846981
9648.422405	0.000645934	9653.21523	0.001022934
9648.663777	0.000728683	9653.460555	0.001081352
9648.905154	0.000800022	9653.705883	0.001233393
9649.146537	0.000855893	9653.951213	0.001423938
9649.387926	0.000895842	9654.196547	0.001535481
9649.62932	0.000952098	9654.441884	0.001724719
9649.87072	0.001032017	9654.687223	0.001868794
9650.112125	0.001098457	9654.932566	0.001915259
9650.353535	0.001139218	9655.177912	0.001900001
9650.594951	0.001138811	9655.42326	0.001953093
9650.836373	0.001279474	9655.668612	0.001844893
9651.0778	0.001239926	9655.913966	0.001813687
9651.319232	0.001288448	9656.159323	0.001652323
9651.56067	0.001350018	9656.404684	0.001413318
9651.802113	0.001366729	9656.650047	0.001307751
9652.043561	0.001324328	9656.895413	0.001135816
9652.285015	0.001308837	9657.140782	0.001032894
9652.526474	0.001274576	9657.386154	0.000899438
9652.767939	0.001227288	9657.631529	0.000800492
9653.009409	0.001179175	9657.876907	0.000688293
9653.250884	0.001193039	9658.122287	0.000623889
9653.492364	0.001092757	9658.367671	0.000548207
9653.73385	0.001060139	9658.613057	0.000481815
9653.975341	0.001057696	9658.858447	0.000477833
9654.216838	0.000984303	9659.103839	0.000443304
9654.458339	0.000990411	9659.349234	0.000441971
9654.699846	0.000925614	9659.594631	0.000358985
9654.941358	0.000840397	9659.840032	0.000360306
9655.182876	0.000836317	9660.085436	0.000341058
9655.424398	0.00072338	9660.330842	0.000336413
9655.665926	0.000687107	9660.576251	0.000298564
9655.907459	0.000634923	9660.821663	0.000319144
9656.148997	0.000602301	9661.067078	0.000288607
9656.39054	0.000573362	9661.312495	0.00027666
9656.632089	0.000560721	9661.557916	0.000284625
9656.873642	0.000506498	9661.803339	0.000287941
9657.115201	0.000457579	9662.048765	0.000265371
9657.356765	0.000445758	9662.294193	0.000270687
9657.598334	0.000401309	9662.539625	0.000294581
9657.839908	0.00038868	9662.785059	0.000245451
9658.081487	0.000402533	9663.030496	0.000268685
9658.323072	0.000393569	9663.275936	0.000265364
9658.564661	0.000381347	9663.521378	0.000239476
9658.806255	0.000340156	9663.766823	0.000236815
9659.047855	0.000365438	9664.012271	0.000270016
9659.289459	0.000356051	9664.257722	0.000283295
9659.531069	0.000334459	9664.503175	0.000274668
9659.772683	0.000278607	9664.748632	0.000262055
9660.014303	0.000343824	9664.99409	0.000242795
9660.255927	0.000336096	9665.239552	0.000232836
9660.497556	0.000354422	9665.485016	0.00026205
9660.739191	0.000332013	9665.730483	0.000249434
9660.98083	0.000356475	9665.975953	0.000214249
9661.222475	0.000367892	9666.221425	0.000250764
9661.464124	0.000294906	9666.4669	0.000216897
9661.705778	0.000340568	9666.712378	0.000190346
9661.947437	0.000329555	9666.957858	0.000190347
9662.189101	0.000360548	9667.203341	0.000159806
9662.43077	0.000332413	9667.448827	0.000137232
9662.672444	0.000305912	9667.694315	0.000150516
9662.914123	0.000303469	9667.939806	0.000134573
9663.155806	0.000319373	9668.185299	0.000125277
9663.397494	0.000313658	9668.430795	1.37E-04
9663.639188	0.000299802	9668.676294	1.09E-04
9663.880886	0.000252505	9668.921796	9.41E-05
9664.122589	0.000274929	9669.1673	6.75E-05
9664.364296	0.000247621	9669.412806	7.55E-05
9664.606009	0.000227636	9669.658315	7.75E-05
9664.847726	0.000137953	9669.903827	8.54E-05
9665.089448	0.000174233	9670.149342	6.75E-05
9665.331175	0.000131837	9670.394859	9.54E-05
9665.572907	0.000146924	9670.640378	8.08E-05
9665.814643	0.000111446	9670.8859	1.13E-04
9666.056384	7.72E-05	9671.131425	9.40712E-05
9666.29813	9.19E-05	9671.376953	1.04E-04
9666.53988	7.85E-05	9671.622482	1.07E-04
9666.781636	4.38E-05	9671.868015	9.14E-05
9667.023396	4.30E-05	9672.11355	1.01E-04
9667.26516	4.50E-05	9672.359087	9.74E-05
9667.50693	4.90E-05	9672.604627	1.01E-04
9667.748704	3.49E-05	9672.85017	1.52E-04
9667.990482	3.15E-05	9673.095715	9.2749E-05
9668.232266	4.23E-06	9673.341263	0.000102706
9668.474054	3.60E-05	9673.586813	0.000156113
9668.715846	5.04E-06	9673.832365	0.000103597
9668.957643	1.20E-05	9674.07792	0.000123294
9669.199445	1.65E-05	9674.323478	1.50E-04
9669.441252	1.69E-05	9674.569038	1.17E-04
9669.683063	-1.13E-05	9674.814601	3.79E-05
9669.924878	-1.04E-05	9675.060166	7.73E-05
9670.166698	3.93E-05	9675.305734	8.39E-05
9670.408523	1.61E-05	9675.551304	7.72793E-05
9670.650352	3.11E-05	9675.796876	1.50E-04
9670.892186	-7.60E-06	9676.042451	1.95E-04
9671.134025	2.38E-05	9676.288029	3.14E-05
9671.375868	2.74E-05	9676.533608	7.08E-05
9671.617715	7.49E-06	9676.779191	2.28E-04
9671.859567	2.25E-05	9677.024776	9.70073E-05
9672.101424	5.88E-05	9677.270363	0.000116706
9672.343284	5.07E-05	9677.515953	1.50E-04
9672.58515	4.54E-05	9677.761545	1.43E-04
9672.82702	3.32E-05	9678.007139	2.48E-05
9673.068894	5.07E-05	9678.252736	6.42E-05
9673.310773	5.44E-05	9678.498336	1.36E-04
9673.552656	7.11E-05	9678.743937	7.08E-05
9673.794544	5.76E-05	9678.989541	1.17E-05
9674.036436	8.13E-05	9679.235148	1.56E-04
9674.278333	5.15E-05	9679.480757	-8.06E-06
9674.520234	5.69E-05	9679.726368	2.48E-05
9674.762139	8.25E-05	9679.971982	4.45E-05
9675.004049	4.99E-05	9680.217598	6.41E-05
9675.245963	4.99E-05	9680.463217	5.76E-05
9675.487882	7.55E-05	9680.708838	3.13E-05
9675.729804	3.68E-05	9680.954461	1.82E-05
9675.971732	6.14E-05	9681.200087	7.07E-05
9676.213663	2.46E-05	9681.445715	-8.04E-06
9676.455599	3.04E-05	9681.691345	3.79E-05
9676.69754	4.22E-05	9681.936977	3.79E-05
9676.939484	2.70E-05	9682.182612	-8.03E-06
9677.181433	5.93E-05	9682.42825	9.70E-05
9677.423386	1.44E-05	9682.67389	-8.08E-06
9677.665344	3.52E-05	9682.919532	5.09E-06
9677.907306	2.14E-05	9683.165176	-8.06E-06
9678.149272	1.76E-05	9683.410822	3.79E-05
9678.391242	-6.38E-06	9683.656471	5.11E-05
9678.633217	3.19E-05	9683.902123	1.17E-05
9678.875196	-1.62E-05	9684.147776	6.42E-05
9679.117179	3.41E-06	9684.393432	-8.04E-06
9679.359166	-5.96E-06	9684.63909	-1.46E-05
9679.601158	1.76E-05	9684.884751	-7.37E-05
9679.843154	-3.29E-05	9685.130414	-2.12E-05
9680.085154	2.19E-06	9685.376079	7.08E-05
9680.327158	2.38E-05	9685.621746	4.45E-05
9680.569166	-1.00E-05	9685.867416	-2.77E-05
9680.811179	-3.50E-05	9686.113087	-2.12E-05
9681.053196	-1.25E-05	9686.358762	-4.09E-05
9681.295217	1.51E-07	9686.604438	9.05E-05
9681.537242	-2.70E-06	9686.850117	-4.09E-05
9681.779271	-1.07E-06	9687.095797	4.45E-05
9682.021305	7.49E-06	9687.341481	5.76E-05
9682.263342	-6.36E-06	9687.587166	-1.46E-05
9682.505384	-3.69E-05	9687.832854	-2.77E-05
9682.74743	-1.00E-05	9688.078543	4.45E-05
9682.98948	-2.02E-05	9688.324236	-4.74E-05
9683.231534	-2.02E-05	9688.56993	3.80E-05
9683.473592	-1.17E-05	9688.815626	-1.48E-06
9683.715654	-1.13E-05	9689.061325	1.16E-05
9683.957721	-3.05E-05	9689.307026	1.17E-05
9684.199791	-1.09E-05	9689.552729	-1.20E-04
9684.441866	-4.74E-06	9689.798435	-4.09E-05
9684.683944	-5.14E-06	9690.044142	-8.02E-06
9684.926027	-6.56E-07	9690.289852	-8.03E-05
9685.168114	-1.45E-05	9690.535564	4.45E-05
9685.410204	-7.19E-06	9690.781278	-4.09E-05
9685.652299	2.38E-05	9691.026995	3.14E-05
9685.894398	4.63E-06	9691.272713	-2.77E-05
9686.1365	1.73E-05	9691.518434	-6.06E-05
9686.378607	5.46E-06	9691.764157	3.14E-05
9686.620718	-1.04E-05	9692.009882	-5.40E-05
9686.862833	-3.52E-06	9692.255609	-2.11E-05
9687.104952	5.86E-06	9692.501338	-1.42E-06
9687.347074	1.51E-07	9692.74707	2.48E-05
9687.589201	7.49E-06	9692.992803	-8.05E-06
9687.739357	7.49182E-06	9693.238539	-1.45888E-05
