9548.398567	0.001826598	9548.377392	0.001586203
9548.645186	0.001541742	9548.623966	0.001774717
9548.891812	0.001986155	9548.870547	0.001774587
9549.138445	0.001576021	9549.117135	0.001699077
9549.385084	0.00183781	9549.363729	0.001962619
9549.631729	0.001621483	9549.61033	0.001473356
9549.878381	0.001951786	9549.856938	0.00203824
9550.12504	0.001951978	9550.103552	0.002038036
9550.371705	0.001963246	9550.350172	0.001850042
9550.618376	0.001655727	9550.596799	0.00200042
9550.865053	0.001610099	9550.843432	0.002075512
9551.111737	0.00167836	9551.090072	0.001887499
9551.358427	0.002191098	9551.336718	0.002113249
9551.605123	0.002122848	9551.58337	0.002301661
9551.851825	0.002327994	9551.830028	0.001887518
9552.098534	0.002077239	9552.076693	0.001887499
9552.345248	0.002122997	9552.323364	0.001811933
9552.591969	0.0024535	9552.570041	0.002790553
9552.838696	0.00219107	9552.816724	0.002451826
9553.085428	0.002396179	9553.063413	0.001925133
9553.332167	0.002635727	9553.310108	0.001812231
9553.578911	0.002385051	9553.556809	0.002790999
9553.825661	0.002339451	9553.803516	0.001811868
9554.072418	0.002772291	9554.050229	0.002828382
9554.31918	0.00263576	9554.296948	0.002677817
9554.565947	0.002749852	9554.543673	0.002150864
9554.812721	0.002818544	9554.790403	0.003129428
9555.0595	0.003149044	9555.037139	0.003129688
9555.306285	0.002840996	9555.283881	0.002075512
9555.553075	0.002989068	9555.530629	0.002677817
9555.799871	0.003103351	9555.777383	0.003054522
9556.046673	0.002932152	9556.024142	0.002978668
9556.29348	0.00323991	9556.270906	0.002941285
9556.540293	0.003262759	9556.517677	0.003919439
9556.787111	0.003502273	9556.764453	0.002753253
9557.033935	0.003809567	9557.011234	0.003468544
9557.280764	0.003935214	9557.258021	0.003430678
9557.527598	0.004208739	9557.504813	0.003731575
9557.774438	0.00394635	9557.751611	0.003693829
9558.021284	0.004208491	9557.998414	0.004597496
9558.268134	0.004573433	9558.245223	0.004558951
9558.51499	0.004539313	9558.492037	0.005049413
9558.761851	0.00512041	9558.738856	0.004710064
9559.008717	0.004756031	9558.985681	0.005650371
9559.255589	0.005416947	9559.232511	0.005651895
9559.502465	0.005599159	9559.479346	0.005952113
9559.749347	0.005816049	9559.726186	0.005725871
9559.996234	0.006328385	9559.973032	0.005801892
9560.243126	0.006625108	9560.219882	0.005951286
9560.490023	0.00687582	9560.466738	0.007494632
9560.736925	0.007616517	9560.713599	0.007382473
9560.983832	0.007343737	9560.960465	0.00790897
9561.230744	0.00844832	9561.207336	0.008096695
9561.477661	0.008835591	9561.454212	0.009226678
9561.724583	0.009063811	9561.701093	0.009564345
9561.97151	0.009975702	9561.947979	0.010165945
9562.218442	0.010284003	9562.194869	0.011408365
9562.465378	0.011412513	9562.441765	0.011033241
9562.71232	0.01187874	9562.688666	0.013027259
9562.959266	0.012061776	9562.935571	0.013064828
9563.206217	0.013086917	9563.182482	0.014343544
9563.453173	0.013851138	9563.429397	0.014231255
9563.700133	0.014796738	9563.676317	0.015396689
9563.947098	0.014968909	9563.923242	0.016454313
9564.194068	0.015628716	9564.170171	0.014383586
9564.441043	0.016598967	9564.417106	0.016640765
9564.688022	0.01811416	9564.664045	0.018295126
9564.935006	0.018353333	9564.910988	0.01788101
9565.181994	0.0190954	9565.157937	0.020102284
9565.428987	0.021328125	9565.404889	0.022285271
9565.675984	0.022630395	9565.651847	0.021344518
9565.922986	0.023856995	9565.898809	0.024545646
9566.169993	0.025877504	9566.145776	0.027665455
9566.417004	0.028920712	9566.392747	0.028381927
9566.664019	0.032225106	9566.639723	0.032637992
9566.911039	0.034331932	9566.886703	0.036326515
9567.158063	0.039255206	9567.133687	0.038245915
9567.405092	0.042965523	9567.380677	0.042496971
9567.652125	0.048696932	9567.62767	0.046335724
9567.899162	0.051977164	9567.874668	0.052736381
9568.146204	0.058899506	9568.121671	0.056538412
9568.39325	0.063473222	9568.368677	0.061775628
9568.640301	0.071469959	9568.615688	0.069631906
9568.887355	0.072713273	9568.862704	0.075172423
9569.134414	0.077496601	9569.109723	0.082056431
9569.381477	0.08411138	9569.356747	0.083561966
9569.628544	0.085234994	9569.603776	0.085184567
9569.875616	0.087450165	9569.850808	0.086677341
9570.122691	0.092568895	9570.097845	0.087693624
9570.369771	0.09437756	9570.344886	0.092698812
9570.616855	0.097319524	9570.591931	0.095187493
9570.863943	0.10266815	9570.83898	0.103209284
9571.111035	0.107680349	9571.086034	0.104371392
9571.358132	0.11179231	9571.333091	0.111107947
9571.605232	0.112955546	9571.580153	0.112606561
9571.852336	0.117994391	9571.827219	0.114882307
9572.099444	0.117768607	9572.074288	0.114790085
9572.346557	0.116408211	9572.321362	0.11260722
9572.593673	0.111166837	9572.56844	0.106403266
9572.840793	0.106234752	9572.815522	0.107876242
9573.087917	0.096007287	9573.062608	0.098725191
9573.335046	0.091043149	9573.309698	0.087689416
9573.582178	0.081254911	9573.556792	0.079794421
9573.829314	0.072465319	9573.80389	0.071439228
9574.076453	0.065849551	9574.050991	0.064391227
9574.323597	0.060017681	9574.298097	0.062779627
9574.570745	0.054008736	9574.545207	0.055331143
9574.817896	0.049868115	9574.79232	0.051072958
9575.065051	0.045448784	9575.039437	0.047949292
9575.31221	0.042203136	9575.286558	0.043922704
9575.559373	0.039966837	9575.533683	0.040205179
9575.806539	0.036256491	9575.780812	0.039289657
9576.053709	0.03609863	9576.027945	0.034894371
9576.300883	0.033184023	9576.275081	0.033613126
9576.548061	0.032786126	9576.522221	0.031471388
9576.795242	0.03013817	9576.769365	0.031654588
9577.042427	0.027630761	9577.016513	0.031355074
9577.289616	0.025386887	9577.263664	0.026466589
9577.536808	0.024416757	9577.510819	0.026047315
9577.784004	0.023003251	9577.757977	0.023563561
9578.031204	0.021362898	9578.00514	0.022058453
9578.278407	0.020018261	9578.252306	0.021040185
9578.525614	0.01721334	9578.499475	0.018332713
9578.772824	0.016200169	9578.746648	0.015397377
9579.020038	0.015024927	9578.993825	0.016227002
9579.267255	0.015047343	9579.241006	0.014194634
9579.514476	0.013612431	9579.48819	0.012950708
9579.761701	0.012208933	9579.735377	0.013480848
9580.008929	0.011959445	9579.982568	0.013102489
9580.25616	0.011389211	9580.229763	0.012310797
9580.503395	0.010785461	9580.476961	0.011371289
9580.750633	0.010774564	9580.724163	0.009715867
9580.997875	0.010397839	9580.971368	0.010505972
9581.24512	0.009565917	9581.218576	0.009038935
9581.492369	0.007993836	9581.465788	0.008247678
9581.739621	0.00822068	9581.713004	0.007532628
9581.986877	0.00775341	9581.960223	0.00745697
9582.234135	0.007171772	9582.207445	0.00741902
9582.481397	0.006692581	9582.454671	0.00670437
9582.728663	0.005724351	9582.7019	0.006667395
9582.975932	0.006716269	9582.949132	0.006554799
9583.223204	0.005474067	9583.196368	0.005538007
9583.470479	0.005451234	9583.443607	0.004785342
9583.717758	0.005371119	9583.69085	0.005237184
9583.96504	0.004835797	9583.938095	0.005387526
9584.212325	0.004584958	9584.185344	0.004973215
9584.459614	0.004516081	9584.432597	0.003769423
9584.706905	0.003604595	9584.679852	0.00425824
9584.9542	0.003866666	9584.927111	0.004484575
9585.201498	0.003547944	9585.174374	0.003618477
9585.4488	0.003821201	9585.421639	0.00369369
9585.696104	0.003262784	9585.668908	0.0033554
9585.943412	0.003524869	9585.91618	0.002715507
9586.190723	0.00310312	9586.163455	0.003166848
9586.438037	0.002909398	9586.410733	0.003054568
9586.685354	0.002305449	9586.658014	0.002564915
9586.932674	0.002829595	9586.905299	0.002903353
9587.179998	0.002920751	9587.152587	0.002903622
9587.427324	0.002692384	9587.399878	0.002715266
9587.674654	0.002202617	9587.647172	0.002489637
9587.921986	0.00293205	9587.894469	0.002602549
9588.169322	0.002191286	9588.141769	0.002753086
9588.416661	0.002191041	9588.389072	0.002075744
9588.664003	0.00236194	9588.636379	0.002414564
9588.911348	0.002407782	9588.883688	0.00226399
9589.158695	0.002111231	9589.131001	0.00196261
9589.406046	0.001906383	9589.378317	0.002075763
9589.6534	0.00170131	9589.625635	0.001736665
9589.900757	0.001883449	9589.872957	0.001925254
9590.148117	0.001541678	9590.120281	0.001586342
9590.395479	0.00153017	9590.367609	0.001510823
9590.642845	0.001666866	9590.61494	0.001586463
9590.890214	0.001701063	9590.862273	0.001887611
9591.137585	0.001381727	9591.10961	0.001210065
9591.38496	0.001233841	9591.35695	0.001623948
9591.632337	0.001518845	9591.604292	0.001925133
9591.879718	0.001610037	9591.851638	0.001473579
9592.127101	0.001393296	9592.098986	0.001548922
9592.374487	0.001279466	9592.346337	0.001323023
9592.621876	0.001279413	9592.593691	0.000720672
9592.869267	0.001347896	9592.841048	0.001134815
9593.116662	0.001199562	9593.088408	0.001586546
9593.364059	0.001165495	9593.335771	0.001398208
9593.61146	0.001336329	9593.583137	0.001398097
9593.858863	0.001085555	9593.830505	0.001096939
9594.106269	0.00122237	9594.077877	0.0013605
9594.353677	0.000948912	9594.325251	0.001247718
9594.601089	0.000903309	9594.572628	0.001059603
9594.848503	0.000948828	9594.820008	0.000795996
9595.09592	0.000994459	9595.06739	0.000795912
9595.34334	0.00081205	9595.314776	0.001135057
9595.590762	0.000800719	9595.562164	0.000871432
9595.838187	0.000869118	9595.809555	0.000946616
9596.085615	0.000869082	9596.056948	0.000720793
9596.333046	0.00092608	9596.304345	0.000607936
9596.580479	0.000766543	9596.551744	0.000720988
9596.827915	0.000994549	9596.799146	0.000607936
9597.075354	0.000869141	9597.046551	0.000720839
9597.322795	0.000960271	9597.293958	0.00083363
9597.570239	0.000869121	9597.541368	0.000796089
9597.817686	0.000960454	9597.788781	0.000570302
9598.065136	0.000709418	9598.036196	0.000758715
9598.312588	0.001028594	9598.283614	0.000946607
9598.560042	0.000755091	9598.531035	0.000796126
9598.807499	0.00058426	9598.778458	0.00075852
9599.054959	0.000812123	9599.025884	0.000758362
9599.302422	0.000686706	9599.273313	0.00053278
9599.549887	0.000561405	9599.520744	0.000570349
9599.797354	0.000447333	9599.768178	0.000419691
9600.044825	0.000493043	9600.015615	0.001172449
9600.292297	0.000606921	9600.263054	0.000758408
9600.539773	0.000504396	9600.510496	0.000495034
9600.78725	0.000470219	9600.75794	0.00053265
9601.034731	0.000629745	9601.005387	0.000758483
9601.282214	0.000606876	9601.252836	0.00068327
9601.529699	0.000424579	9601.500288	0.001322986
9601.777187	0.000515828	9601.747743	0.001021792
9602.024678	0.000504356	9601.9952	0.000796173
9602.272171	0.000550064	9602.24266	0.000382196
9602.519666	0.000378996	9602.490122	0.000720811
9602.767164	0.000572679	9602.737586	0.000118664
9603.014664	0.00031069	9602.985053	0.000495127
9603.262167	0.000880457	9603.232523	0.000607974
9603.509673	0.000584243	9603.479995	0.000419738
9603.75718	0.000424585	9603.72747	0.000344562
9604.004691	0.000470222	9603.974947	0.000344469
9604.252203	0.000504289	9604.222426	0.000532668
9604.499718	0.000515732	9604.469908	0.000344395
9604.747236	0.000493023	9604.717393	0.000570302
9604.994756	0.000504469	9604.96488	0.000382094
9605.242278	0.000413156	9605.212369	0.000156326
9605.489803	0.000458829	9605.459861	0.000419821
9605.73733	0.000356226	9605.707355	0.000532622
9605.984859	0.000344814	9605.954851	0.000457205
9606.232391	0.000447403	9606.20235	0.000532761
9606.479925	0.000265034	9606.449852	0.000231595
9606.727461	0.000390394	9606.697355	0.000608002
9606.975	0.000401798	9606.944861	0.000457372
9607.222541	0.000504444	9607.19237	0.000494997
9607.470085	0.000504328	9607.439881	0.000419775
9607.717631	0.000356152	9607.687394	0.000156308
9607.965179	0.000458754	9607.934909	0.000457455
9608.212729	0.000493035	9608.182427	0.000419812
9608.460282	0.000401798	9608.429947	-0.000107095
9608.707837	0.000538502	9608.67747	0.000344395
9608.955394	0.000401806	9608.924995	0.000344627
9609.202954	0.00027637	9609.172522	0.000382066
9609.450516	0.000390411	9609.420051	0.000231567
9609.69808	0.000447432	9609.667583	0.000607983
9609.945646	0.000447398	9609.915117	0.000269182
9610.193215	0.000390391	9610.162653	0.00060789
9610.440786	0.000424622	9610.410192	0.00015627
9610.688359	0.000390417	9610.657733	0.000419766
9610.935934	0.000287847	9610.905276	0.000570237
9611.183512	0.000458807	9611.152821	5.75221E-06
9611.431092	0.000379052	9611.400369	-3.18541E-05
9611.678674	0.000470211	9611.647918	0.000419747
9611.926258	0.000413083	9611.89547	0.00079621
9612.173844	0.000401786	9612.143025	0.000796108
9612.421433	0.000356178	9612.390581	0.000495136
9612.669023	0.000413184	9612.63814	0.000231604
9612.916616	0.000276454	9612.885701	0.000758473
9613.164211	0.000333399	9613.133264	0.000231567
9613.411809	0.00036766	9613.380829	0.00026934
9613.659408	0.000116849	9613.628396	0.000382057
9613.907009	0.000333444	9613.875966	8.10206E-05
9614.154613	0.000458779	9614.123538	0.000419831
9614.402219	0.000333404	9614.371112	0.00030677
9614.649827	0.000401803	9614.618688	0.000457446
9614.897437	0.000230891	9614.866266	0.000156373
9615.145049	0.000219408	9615.113846	0.0005702
9615.392663	0.000276468	9615.361429	0.000118692
9615.64028	0.000322015	9615.609013	0.000344441
9615.887898	0.0002194	9615.8566	8.10578E-05
9616.135519	0.000413218	9616.104189	-0.000107076
9616.383141	0.000344828	9616.35178	0.000231595
9616.630766	0.000367528	9616.599373	0.000306937
9616.878393	0.000242232	9616.846968	0.000495025
9617.126022	0.000413243	9617.094566	0.000118673
9617.373652	0.00023086	9617.342165	0.000382057
9617.621285	0.000401882	9617.589766	8.09927E-05
9617.86892	0.000299191	9617.83737	0.000118599
9618.116557	0.000322012	9618.084975	0.000457539
9618.364196	0.000242218	9618.332583	0.00045739
9618.611837	7.12549E-05	9618.580193	0.000382131
9618.859481	0.00034478	9618.827805	0.000683084
9619.107126	0.000287816	9619.075418	0.000344367
9619.354773	0.000310634	9619.323034	0.000118692
9619.602422	0.000390343	9619.570652	-3.18262E-05
9619.850073	0.000401809	9619.818272	0.000156373
9620.097726	0.000333472	9620.065894	0.000231715
9620.345381	0.000253627	9620.313518	0.000306789
9620.593038	0.000128247	9620.561143	0.000306807
9620.840697	0.00025365	9620.808771	0.000193932
9621.088358	0.000390369	9621.056401	0.000344525
9621.336021	0.000242179	9621.304033	0.000306789
9621.583686	0.000242213	9621.551667	0.000194007
9621.831353	0.000276437	9621.799303	0.000118664
9622.079022	0.000265051	9622.046941	0.000156317
9622.326693	0.000310735	9622.29458	0.000193979
9622.574365	0.000287827	9622.542222	0.000194044
9622.82204	0.000356206	9622.789866	8.10578E-05
9623.069716	2.56886E-05	9623.037511	0.000118599
9623.317395	0.000196643	9623.285159	0.000532575
9623.565075	0.000230834	9623.532808	0.000231548
9623.812758	0.00040175	9623.78046	0.000532668
9624.060442	0.000344831	9624.028113	4.34236E-05
9624.308128	0.000265084	9624.275768	0.000495006
9624.555816	0.000173867	9624.523426	0.000419858
9624.803506	0.000242168	9624.771085	0.000457474
9625.051197	0.000230854	9625.018746	0.000344516
9625.298891	0.000344836	9625.266409	0.000382085
9625.546586	0.000208036	9625.514073	0.000156308
9625.794284	0.000139659	9625.76174	0.000532557
9626.041983	0.000242241	9626.009409	0.000269229
9626.289684	0.000253605	9626.257079	8.0937E-05
9626.537387	0.000333388	9626.504752	0.00034446
9626.785092	0.000470219	9626.752426	0.000156373
9627.032798	0.000321984	9627.000102	0.000419886
9627.280507	0.000253647	9627.24778	0.000645552
9627.528217	0.000286162	9627.495459	0.000335178
9627.775929	0.000287314	9627.743141	0.00026668
9628.023643	0.000261953	9627.990824	0.000281894
9628.271358	0.000213548	9628.23851	0.000350418
9628.519076	0.000305742	9628.486197	0.000209599
9628.766795	0.00027232	9628.733886	0.000365635
9629.014516	0.000283854	9628.981577	0.000171542
9629.262239	0.000326503	9629.229269	0.000259071
9629.509964	0.000257342	9629.476964	0.000221015
9629.75769	0.000275784	9629.72466	0.000217207
9630.005418	0.000272324	9629.972358	0.000228623
9630.253148	0.000273475	9630.220057	0.000289505
9630.50088	0.000255033	9630.467759	0.000255271
9630.748614	0.000287313	9630.715462	0.000266691
9630.996349	0.000280406	9630.963168	0.000221008
9631.244086	0.000287309	9631.210874	0.000209591
9631.491825	0.000326492	9631.458583	0.000240033
9631.739565	0.000301138	9631.706294	0.000304734
9631.987308	0.000301139	9631.954006	0.000251465
9632.235052	0.000249275	9632.20172	0.000331374
9632.482797	0.000251576	9632.449436	0.000274293
9632.730545	0.000222766	9632.697153	0.000380854
9632.978294	0.000303448	9632.944872	0.000247648
9633.226045	0.00024236	9633.192593	0.000251447
9633.473797	0.000301141	9633.440316	0.000289518
9633.721552	0.000296527	9633.68804	0.000213398
9633.969308	0.000285005	9633.935767	0.000179153
9634.217065	0.000264259	9634.183494	0.000285705
9634.464825	0.000234293	9634.431224	0.000163936
9634.712586	0.000227376	9634.678955	0.000274295
9634.960349	0.000259648	9634.926688	0.000201991
9635.208113	0.000240053	9635.174423	0.000358016
9635.455879	0.000267714	9635.422159	0.0002781
9635.703647	0.000275784	9635.669898	0.000293319
9635.951417	0.000285001	9635.917637	0.000262879
9636.199188	0.000253886	9636.165379	0.000217196
9636.44696	0.000276931	9636.413122	0.000255255
9636.694735	0.000249276	9636.660867	0.000247659
9636.942511	0.000251583	9636.908613	0.000354205
9637.190289	0.000252733	9637.156361	0.000285708
9637.438068	0.000256195	9637.404111	0.000308527
9637.685849	0.000238903	9637.651863	0.000266678
9637.933632	0.000184733	9637.899616	0.000251462
9638.181416	0.000208934	9638.147371	0.000274299
9638.429202	0.000213546	9638.395127	0.000266685
9638.676989	0.000244672	9638.642885	0.000300929
9638.924779	0.000252733	9638.890645	0.000171541
9639.172569	0.000217005	9639.138406	0.000251461
9639.420362	0.000230833	9639.386169	0.000392261
9639.668156	0.000236589	9639.633934	0.000297129
9639.915951	0.000241206	9639.8817	0.000293323
9640.163748	0.000257345	9640.129468	0.000163918
9640.411547	0.00022507	9640.377237	0.000293319
9640.659347	0.000200865	9640.625008	0.000346608
9640.907149	0.000258494	9640.872781	0.000266676
9641.154953	0.000222769	9641.120555	0.000338987
9641.402758	0.000240056	9641.368331	0.00014489
9641.650564	0.000212397	9641.616109	0.000274311
9641.898373	0.0002608	9641.863888	0.000285704
9642.146182	0.000235443	9642.111668	0.000327575
9642.393994	0.000268868	9642.35945	0.000319955
9642.641807	0.00026541	9642.607234	0.000285704
9642.889621	0.000279242	9642.855019	0.000365623
9643.137437	0.00025965	9643.102806	0.000262878
9643.385254	0.000281541	9643.350595	0.000331372
9643.633073	0.00027578	9643.598385	0.000403683
9643.880894	0.000242361	9643.846176	0.00031996
9644.128716	0.00027809	9644.09397	0.000361821
9644.37654	0.000263101	9644.341764	0.000297121
9644.624365	0.000291919	9644.589561	0.000453151
9644.872192	0.00025388	9644.837358	0.00039607
9645.12002	0.000314969	9645.085158	0.000342793
9645.36785	0.000306902	9645.332958	0.000392265
9645.615681	0.000361071	9645.580761	0.000373253
9645.863514	0.000318422	9645.828565	0.000388467
9646.111348	0.000351853	9646.07637	0.000418902
9646.359183	0.000387578	9646.324177	0.000415106
9646.607021	0.000431385	9646.571985	0.000434123
9646.854859	0.000416396	9646.819795	0.000418905
9647.1027	0.000472884	9647.067607	0.000418906
9647.350541	0.000393346	9647.31542	0.000293327
9647.598384	0.000529355	9647.563234	0.000373229
9647.846229	0.000565086	9647.81105	0.00041129
9648.094075	0.000618103	9648.058868	0.00043032
9648.341923	0.000625006	9648.306687	0.000392271
9648.589772	0.000669963	9648.554507	0.000369419
9648.837622	0.000771399	9648.802329	0.000548287
9649.085474	0.000883197	9649.050152	0.000559699
9649.333328	0.000913162	9649.297977	0.000670078
9649.581183	0.001066455	9649.545804	0.000620594
9649.829039	0.001088367	9649.793631	0.000662472
9650.076897	0.001122948	9650.041461	0.000673883
9650.324756	0.001308504	9650.289291	0.000624416
9650.572616	0.001262397	9650.537124	0.000704335
9650.820479	0.001381104	9650.784957	0.000612988
9651.068342	0.001453734	9651.032792	0.000563514
9651.316207	0.001465249	9651.280629	0.000765226
9651.564073	0.001422594	9651.528467	0.00057875
9651.811941	0.001363835	9651.776306	0.000620606
9652.05981	0.00143414	9652.024147	0.000689105
9652.307681	0.001459496	9652.271989	0.000662473
9652.555553	0.001286594	9652.519833	0.000887009
9652.803426	0.001235901	9652.767678	0.000856562
9653.051301	0.001322333	9653.015525	0.000791854
9653.299177	0.001166731	9653.263372	0.001001177
9653.547055	0.001201328	9653.511222	0.001263742
9653.794934	0.001150602	9653.759073	0.001218091
9654.042814	0.001003067	9654.006925	0.001400763
9654.290696	0.000961561	9654.254778	0.001670988
9654.538579	0.000888968	9654.502633	0.001788952
9654.786464	0.000935071	9654.75049	0.001876469
9655.03435	0.000778304	9654.998348	0.002013498
9655.282237	0.000766773	9655.246207	0.002104847
9655.530126	0.000696473	9655.494067	0.001967816
9655.778016	0.00064345	9655.741929	0.001815553
9656.025907	0.00063769	9655.989793	0.001849843
9656.2738	0.000598507	9656.237657	0.001876468
9656.521694	0.000515528	9656.485524	0.001480663
9656.76959	0.000460197	9656.733391	0.00144645
9657.017486	0.000476333	9656.98126	0.001145811
9657.265385	0.000498231	9657.22913	0.00107347
9657.513284	0.000396793	9657.477002	0.001077267
9657.761185	0.000410632	9657.724875	0.000814707
9658.009087	0.000406028	9657.972749	0.000818514
9658.256991	0.000421002	9658.220624	0.000639632
9658.504896	0.00036799	9658.468501	0.00059016
9658.752802	0.000318431	9658.71638	0.000510246
9659.000709	0.000342632	9658.96426	0.00046839
9659.248618	0.000367996	9659.212141	0.000491218
9659.496528	0.000349554	9659.460023	0.000308538
9659.74444	0.000364539	9659.707907	0.00040748
9659.992353	0.000377212	9659.955792	0.000300934
9660.240267	0.000303445	9660.203678	0.000262865
9660.488182	0.000379518	9660.451566	0.00030854
9660.736099	0.000273477	9660.699455	0.000297125
9660.984017	0.000320735	9660.947345	0.000312346
9661.231936	0.000370299	9661.195237	0.000240033
9661.479857	0.000358777	9661.44313	0.00038465
9661.727779	0.000364535	9661.691024	0.000289512
9661.975702	0.000391044	9661.938919	0.000358016
9662.223626	0.000377213	9662.186816	0.00033138
9662.471552	0.000341484	9662.434715	0.000304729
9662.719479	0.000338021	9662.682614	0.000182949
9662.967408	0.000339176	9662.930515	0.000342802
9663.215337	0.000355317	9663.178417	0.000259067
9663.463268	0.000319588	9663.42632	0.000285703
9663.7112	0.000280399	9663.674225	0.000373232
9663.959134	0.000238901	9663.922131	0.000243854
9664.207068	0.000234289	9664.170038	0.000255257
9664.455004	0.000226225	9664.417947	0.000198185
9664.702942	0.000215842	9664.665856	0.000297124
9664.95088	0.000212391	9664.913767	0.000205798
9665.19882	0.000203174	9665.16168	0.000228627
9665.446761	0.000173207	9665.409593	0.000209599
9665.694703	0.000132866	9665.657508	0.000236243
9665.942647	0.000122486	9665.905424	0.000255265
9666.190591	9.1372E-05	9666.153342	0.000224814
9666.438537	0.000109811	9666.40126	0.000228618
9666.686484	0.000102896	9666.64918	0.000186761
9666.934433	9.48256E-05	9666.897101	0.000259077
9667.182383	8.67594E-05	9667.145024	0.000190566
9667.430333	5.67936E-05	9667.392947	0.000217209
9667.678286	4.75713E-05	9667.640872	0.00011446
9667.926239	6.08018E-06	9667.888798	0.00022862
9668.174194	5.79477E-05	9668.136726	0.000110648
9668.422149	3.71978E-05	9668.384654	9.5432E-05
9668.670106	8.09957E-05	9668.632584	0.00034278
9668.918065	1.87576E-05	9668.880515	0.000201983
9669.166024	8.5607E-05	9669.128448	8.78086E-05
9669.413985	7.86908E-05	9669.376381	0.000224818
9669.661947	2.10638E-05	9669.624316	0.000201986
9669.90991	2.91319E-05	9669.872252	9.9229E-05
9670.157874	5.44906E-05	9670.120189	0.000182956
9670.405839	7.75394E-05	9670.368127	0.000224816
9670.653806	6.37084E-05	9670.616067	0.0002134
9670.901774	6.94737E-05	9670.864008	0.000228623
9671.149743	5.10297E-05	9671.11195	0.000179143
9671.397713	6.60155E-05	9671.359893	0.000175337
9671.645684	6.6012E-05	9671.607837	0.0001411
9671.893657	9.59818E-05	9671.855783	0.000217203
9672.141631	5.33374E-05	9672.10373	0.000114465
9672.389606	6.25508E-05	9672.351678	0.000198182
9672.637582	8.09967E-05	9672.599627	0.00024004
9672.885559	0.000120186	9672.847577	0.000171535
9673.133538	9.71345E-05	9673.095529	0.000175341
9673.381517	0.000104048	9673.343482	0.000179147
9673.629498	0.000110965	9673.591436	0.000232432
9673.87748	5.33371E-05	9673.839391	0.000198181
9674.125463	5.79477E-05	9674.087347	0.000167727
9674.373447	0.000110961	9674.335304	0.000129683
9674.621433	9.82807E-05	9674.583263	0.000125864
9674.869419	9.13725E-05	9674.831223	0.000205784
9675.117407	9.71327E-05	9675.079184	0.000152508
9675.365396	9.02164E-05	9675.327146	0.00015251
9675.613386	0.000110967	9675.575109	0.000167727
9675.861377	8.4458E-05	9675.823074	0.000201985
9676.109369	6.94723E-05	9676.071039	8.78146E-05
9676.357363	0.000102893	9676.319006	0.000179165
9676.605357	6.83168E-05	9676.566974	0.000167726
9676.853353	0.000112117	9676.814943	6.87864E-05
9677.10135	5.44906E-05	9677.062913	6.49793E-05
9677.349348	9.59808E-05	9677.310884	0.000148704
9677.597347	2.91346E-05	9677.558857	0.000190574
9677.845347	4.29632E-05	9677.806831	0.000122058
9678.093349	8.79071E-05	9678.054805	3.83411E-05
9678.341351	6.71664E-05	9678.302781	-3.77773E-05
9678.589355	5.90989E-05	9678.550758	8.02064E-05
9678.837359	3.14356E-05	9678.798736	4.21445E-05
9679.085365	1.76091E-05	9679.046716	6.87853E-05
9679.333372	4.52666E-05	9679.294696	0.000122069
9679.58138	4.75757E-05	9679.542678	1.16995E-05
9679.829389	4.29648E-05	9679.79066	7.89548E-06
9680.0774	2.79793E-05	9680.038644	2.693E-05
9680.325411	6.08298E-06	9680.286629	7.63999E-05
9680.573423	3.25903E-05	9680.534615	0.000103038
9680.821437	-1.00566E-05	9680.782602	9.54328E-05
9681.069452	4.64179E-05	9681.03059	-3.39706E-05
9681.317467	1.53029E-05	9681.27858	7.64006E-05
9681.565484	6.48627E-05	9681.52657	-1.1135E-05
9681.813502	2.62129E-06	9681.774562	0.000114458
9682.061521	3.7199E-05	9682.022554	8.02092E-05
9682.309541	2.22185E-05	9682.270548	3.45287E-05
9682.557562	-2.3888E-05	9682.518543	7.8989E-06
9682.805585	2.10601E-05	9682.766539	6.87816E-05
9683.053608	2.33641E-05	9683.014536	3.83385E-05
9683.301632	3.95063E-05	9683.262534	2.69208E-05
9683.549658	4.41158E-05	9683.510533	1.93157E-05
9683.797684	2.10633E-05	9683.758533	4.21478E-05
9684.045712	3.72035E-05	9684.006535	2.31098E-05
9684.29374	8.38564E-06	9684.254537	5.73749E-05
9684.54177	3.02828E-05	9684.502541	7.8933E-06
9684.789801	1.41456E-05	9684.750545	0.00010684
9685.037833	-1.46635E-05	9684.998551	4.08731E-06
9685.285866	1.53018E-05	9685.246558	4.0893E-06
9685.5339	7.23137E-06	9685.494565	1.55151E-05
9685.781935	4.7572E-05	9685.742574	2.79226E-07
9686.029971	1.06906E-05	9685.990584	7.25953E-05
9686.278008	5.3337E-05	9686.238595	0.000106844
9686.526046	3.02809E-05	9686.486607	2.89203E-07
9686.774085	1.99108E-05	9686.73462	-7.32439E-06
9687.022126	2.56731E-05	9686.982635	1.16934E-05
9687.270167	-1.98974E-06	9687.23065	-1.87436E-05
9687.518209	-2.61901E-05	9687.478666	-1.11352E-05
9687.766253	2.56742E-05	9687.726683	1.93044E-05
9688.014297	3.37383E-05	9687.974702	-1.49329E-05
9688.262342	-5.44463E-06	9688.222721	6.49859E-05
9688.510389	-1.12098E-05	9688.470742	3.07347E-05
9688.758436	6.082E-06	9688.718763	4.59497E-05
9689.006485	5.90977E-05	9688.966786	1.931E-05
9689.254535	1.41492E-05	9689.214809	-1.49332E-05
9689.502585	-6.59991E-06	9689.462834	3.0729E-05
9689.750637	3.83469E-05	9689.71086	-3.51878E-06
9689.998689	1.47002E-06	9689.958886	6.11836E-05
9690.246743	2.10651E-05	9690.206914	-2.63545E-05
9690.494798	-1.12083E-05	9690.454943	1.93132E-05
9690.742853	-3.42621E-05	9690.702973	-6.82078E-05
9690.99091	-1.98528E-06	9690.951004	-3.52619E-06
9691.238968	-3.31067E-05	9691.199035	-5.29968E-05
9691.487026	-1.92728E-05	9691.447068	-6.82148E-05
9691.735086	2.6217E-06	9691.695102	-1.49407E-05
9691.983147	-8.90384E-06	9691.943137	3.07384E-05
9692.231208	-2.84958E-05	9692.191173	-7.32458E-06
9692.479271	-6.59732E-06	9692.43921	-1.1132E-05
9692.727335	1.29977E-05	9692.687248	1.55064E-05
9692.975399	-1.98816E-06	9692.935287	7.89491E-06
9693.223465	2.56751E-05	9693.183327	-1.87436E-05
9693.471532	-5.44391E-06	9693.431368	-3.01534E-05
9693.719599	-7.75158E-06	9693.67941	-4.91886E-05
9693.967668	-5.7313E-05	9693.927453	1.55043E-05
9694.215738	1.46697E-06	9694.175496	-0.0001291
9694.463808	-3.08083E-05	9694.423541	-7.20197E-05
9694.71188	-3.19545E-05	9694.671587	-1.49356E-05
9694.959952	-2.15808E-05	9694.919634	1.55077E-05
9695.208026	-1.23608E-05	9695.167682	5.35635E-05
9695.456101	-2.27332E-05	9695.415731	6.1169E-05
9695.704176	4.9239E-06	9695.663781	-4.53907E-05
9695.952253	1.87616E-05	9695.911832	-2.636E-05
9696.20033	-1.98902E-06	9696.159884	2.84927E-07
9696.448408	2.33664E-05	9696.407937	-2.25517E-05
9696.696488	-1.46654E-05	9696.655991	2.81317E-07
9696.944568	1.87551E-05	9696.904045	-4.91843E-05
