Energy_(eV)	Live_Counts
9550.0	0.0017485042108025372
9550.25	0.0016008485609294114
9550.5	0.0016746289518954232
9550.75	0.001748478725938329
9551.0	0.001615777567094471
9551.25	0.0016008085542346044
9551.5	0.001719240831141354
9551.75	0.0019557006934257932
9552.0	0.0016158688301603304
9552.25	0.001748828873981512
9552.5	0.001792937276507389
9552.75	0.0019703158713838495
9553.0	0.00176378345956096
9553.25	0.002014843902572079
9553.5	0.002073735394602207
9553.75	0.0018818217907462097
9554.0	0.002251157765015487
9554.25	0.002058970517976115
9554.5	0.0025021964207925652
9554.75	0.0024724771255458886
9555.0	0.002280793246314337
9555.25	0.002945670312575643
9555.5	0.0023397394697338672
9555.75	0.0028569682406899
9556.0	0.002768521579361549
9556.25	0.0027827281449501404
9556.5	0.0031522355769958072
9556.75	0.0028715068707019895
9557.0	0.002576250395698483
9557.25	0.0032113897396009996
9557.5	0.0034474629167800283
9557.75	0.0029159144216216906
9558.0	0.003683955551473614
9558.25	0.0032265559368626854
9558.5	0.004097666299466094
9558.75	0.003772960352093252
9559.0	0.004260353014644884
9559.25	0.004216558470845372
9559.5	0.004496955159392363
9559.75	0.004068475846119907
9560.0	0.004541293431360052
9560.25	0.005073027897149096
9560.5	0.005456895293475233
9560.75	0.005532036554168129
9561.0	0.005531529430085093
9561.25	0.0066545246540317265
9561.5	0.0062111930393259195
9561.75	0.006773070234369556
9562.0	0.007215697707549371
9562.25	0.0076442132550841105
9562.5	0.008042776352610791
9562.75	0.00879663994557485
9563.0	0.009180828327796035
9563.25	0.008899741926798727
9563.5	0.01105832946357977
9563.75	0.011308496124331291
9564.0	0.011263260361702295
9564.25	0.013110349904619541
9564.5	0.013805204209193551
9564.75	0.01442691073591902
9565.0	0.01492922508118564
9565.25	0.01495760154723896
9565.5	0.016393635729532143
9565.75	0.017159812000092166
9566.0	0.01848888109022528
9566.25	0.018180887718492352
9566.5	0.02066426191199699
9566.75	0.020499246892634642
9567.0	0.021564613057366816
9567.25	0.02318926267230308
9567.5	0.02621843826811156
9567.75	0.029157679449514425
9568.0	0.03203901686752281
9568.25	0.034346979704737594
9568.5	0.03765845663546006
9568.75	0.041809110020562194
9569.0	0.04691131741147133
9569.25	0.05154277022428842
9569.5	0.059135263193526924
9569.75	0.0628837070217321
9570.0	0.06655152342272554
9570.25	0.07295020594312634
9570.5	0.07743426058955066
9570.75	0.07898825169352827
9571.0	0.0846409726044423
9571.25	0.0877766791993661
9571.5	0.08911051864532422
9571.75	0.09446029060420216
9572.0	0.09788127639796483
9572.25	0.10142365822064542
9572.5	0.10549634705272265
9572.75	0.10998336620636276
9573.0	0.11231981361399884
9573.25	0.11466930415921855
9573.5	0.11529463655372114
9573.75	0.11429514743148429
9574.0	0.1099505515488439
9574.25	0.10616580015204616
9574.5	0.09918162120304767
9574.75	0.09152287638362605
9575.0	0.08161746033107349
9575.25	0.07752820732465229
9575.5	0.06825483900342266
9575.75	0.062012020181889706
9576.0	0.05751743815079063
9576.25	0.05249321371428651
9576.5	0.04774935276485391
9576.75	0.04219353555617962
9577.0	0.040420413457398816
9577.25	0.039502417853997183
9577.5	0.03712512373304045
9577.75	0.03332600821893533
9578.0	0.03297393767136974
9578.25	0.03094912070564487
9578.5	0.029248891577959856
9578.75	0.02660810835264688
9579.0	0.02433982125468589
9579.25	0.02354113793784042
9579.5	0.021491055745583753
9579.75	0.019495165713473636
9580.0	0.018577414612051903
9580.25	0.01735256488880013
9580.5	0.01585754904113171
9580.75	0.01494285130614305
9581.0	0.013658530327105761
9581.25	0.013082355355470114
9581.5	0.012743402729893733
9581.75	0.011058289327626486
9582.0	0.01124798880202787
9582.25	0.010909214648893816
9582.5	0.009240354518433377
9582.75	0.00984459655561652
9583.0	0.008722732086004803
9583.25	0.00820634589718869
9583.5	0.007748008743930747
9583.75	0.007408370438050362
9584.0	0.0073182161226643845
9584.25	0.006299355176420672
9584.5	0.006225954219518682
9584.75	0.006003817797617701
9585.0	0.0062695555925117025
9585.25	0.004969334858210582
9585.5	0.004881388025640885
9585.75	0.005073221533525464
9586.0	0.004674279050406689
9586.25	0.004216058517017177
9586.5	0.0038027820487761227
9586.75	0.003344481209370171
9587.0	0.003920539368446512
9587.25	0.0036396538339223
9587.5	0.0032408174127679192
9587.75	0.003226256754957405
9588.0	0.0029898116748157716
9588.25	0.002989968447393212
9588.5	0.002620563073291312
9588.75	0.002694328819152438
9589.0	0.00291596543682994
9589.25	0.0024283648793756406
9589.5	0.0025911101151320855
9589.75	0.002428127794797573
9590.0	0.001925853592066841
9590.25	0.0021624447959222104
9590.5	0.0020295284468513017
9590.75	0.001999699679849538
9591.0	0.00199955378951916
9591.25	0.0017632835996845267
9591.5	0.002073403484570776
9591.75	0.0019113003552486735
9592.0	0.0016159929069262384
9592.25	0.0013350196058975953
9592.5	0.0015419862765272511
9592.75	0.0014529084436724798
9593.0	0.001601082107655149
9593.25	0.0013941336864072035
9593.5	0.0014824709765148371
9593.75	0.0012907105559199275
9594.0	0.00124622997396193
9594.25	0.0013940023071358847
9594.5	0.0012166894054855973
9594.75	0.001349620307504886
9595.0	0.00124618620381088
9595.25	0.0011575316092810558
9595.5	0.0009803827725404985
9595.75	0.0011281952566282068
9596.0	0.001054181379376763
9596.25	0.0008473752741033148
9596.5	0.0009654793164673028
9596.75	0.0009802551411665316
9597.0	0.0007735109991744695
9597.25	0.0010394092523077017
9597.5	0.0009062924125707442
9597.75	0.0008915895022181332
9598.0	0.0006848271712846663
9598.25	0.0007143933299469275
9598.5	0.0008178054626923013
9598.75	0.0009802477955749627
9599.0	0.0006552318444900829
9599.25	0.0007881518038220047
9599.5	0.0007143750416679913
9599.75	0.0007291873088792667
9600.0	0.000625683920907321
9600.25	0.0005518378881193176
9600.5	0.0005814697292362116
9600.75	0.0007882539138282128
9601.0	0.0005813639030488514
9601.25	0.0007734015734976359
9601.5	0.0006995409082313852
9601.75	0.0007290231566003824
9602.0	0.0006256073250280035
9602.25	0.000610889909061944
9602.5	0.0007881663759197888
9602.75	0.00046321973251102673
9603.0	0.0005814003702755971
9603.25	0.0004779882191587643
9603.5	0.000670011244143612
9603.75	0.0005518196513044038
9604.0	0.0005962162864655864
9604.25	0.0004040509786586466
9604.5	0.00064049616950777
9604.75	0.0004632306674787904
9605.0	0.0005961761630791006
9605.25	0.00046313946000604394
9605.5	0.00047796267116136614
9605.75	0.0004337302080268907
9606.0	0.0002711164143159033
9606.25	0.0004040874367295838
9606.5	0.0005222790523087087
9606.75	0.0003449296262826736
9607.0	0.0003597491695492461
9607.25	0.0005222899740514157
9607.5	0.0004188376739357696
9607.75	0.0004040327305336164
9608.0	0.00041885956744900033
9608.25	0.0007291800099643692
9608.5	0.00046326351050136357
9608.75	0.00050752879661138
9609.0	0.000537021979529248
9609.25	0.00024157946268319114
9609.5	0.0005074886675399151
9609.75	0.0003153926667508323
9610.0	0.00019720834691498487
9610.25	0.00040413852123473784
9610.5	0.00031539996841845654
9610.75	0.00044839651219989577
9611.0	0.0004779407659789676
9611.25	0.0004631868763232385
9611.5	0.00043363532745915
9611.75	0.0003745650727535459
9612.0	0.0004779262273926399
9612.25	0.0003450427177537912
9612.5	0.00043369006602957816
9612.75	0.00035971998089115654
9613.0	0.0004631613441839404
9613.25	0.00027112005509627863
9613.5	0.00033013927245213514
9613.75	0.0004040874421153535
9614.0	0.0002563661763317731
9614.25	0.00030065701582495763
9614.5	0.00021201695748778528
9614.75	0.000433504033761729
9615.0	0.0001676932850853065
9615.25	0.0003597418800295247
9615.5	0.00016766774947517884
9615.75	0.00044841110189119433
9616.0	0.00025629320746919687
9616.25	7.899486014365263e-05
9616.5	0.00025629321638563797
9616.75	0.0001824033926814502
9617.0	0.0003006314747692183
9617.25	0.0002710835712933303
9617.5	0.0004484111018911942
9617.75	0.0004188084888083512
9618.0	0.00018246905766225232
9618.25	0.00019721200349361812
9618.5	0.0002859067771227248
9618.75	0.00018246540862369666
9619.0	0.00040410567420275827
9619.25	0.0003302706038499447
9619.5	0.00028590313370930643
9619.75	0.00019715364748115058
9620.0	0.000123365960053759
9620.25	0.00012336595999391705
9620.5	0.0002267234213114594
9620.75	0.0003006241781881544
9621.0	0.00012332947469492165
9621.25	0.00037456143622194467
9621.5	0.0003006606685737101
9621.75	0.0003302450735059032
9622.0	0.00021195129412271402
9622.25	0.00031538171550607534
9622.5	0.0004336499244511587
9622.75	0.00028591042622112226
9623.0	0.0003744921081995856
9623.25	0.00022678543318445764
9623.5	7.900215151847255e-05
9623.75	0.0003450427181128425
9624.0	0.000256355235738872
9624.25	0.000330226802042537
9624.5	0.00013810890002061995
9624.75	0.00027113100275052233
9625.0	0.0002563552281987943
9625.25	0.0002711018087665049
9625.5	0.00025630416032968465
9625.75	0.00013810891246773233
9626.0	0.00027110546349003964
9626.25	0.00016765315038870412
9626.5	0.0002857936921743728
9626.75	0.0001381198389379482
9627.0	0.00025632604157532887
9627.25	0.00031545467676873194
9627.5	0.00010851357855196431
9627.75	0.00038934814616032974
9628.0	9.378522995197468e-05
9628.25	0.00019720105727557972
9628.5	0.00028587759576534523
9628.75	0.0002267343721971649
9629.0	0.00015286278614567745
9629.25	0.00018242892506011588
9629.5	0.00015289927359898092
9629.75	0.0001676385608170893
9630.0	0.0002843691528943913
9630.25	0.00027540463662809245
9630.5	0.0002604735485638011
9630.75	0.0002709251943549128
9631.0	0.00024104265044183764
9631.25	0.00026644425962508354
9631.5	0.0002918458329031976
9631.75	0.0002515061215283006
9632.0	0.00027390907657830806
9632.25	0.00021265570326162332
9632.5	0.00024104813375389853
9632.75	0.00024254320848598332
9633.0	0.00024702026306789123
9633.25	0.0002873651225804428
9633.5	0.0003023061336263551
9633.75	0.0002276004812944496
9634.0	0.0003082835972461112
9634.25	0.00024253440454764005
9634.5	0.00021713376540137447
9634.75	0.0002769103811685419
9635.0	0.0002754076580449424
9635.25	0.00027540504594659624
9635.5	0.0002574797804607544
9635.75	0.0002724237752231282
9636.0	0.00029782851952280827
9636.25	0.00029932023772347865
9636.5	0.0003037931871519721
9636.75	0.0002455333956505413
9637.0	0.00025001097205369963
9637.25	0.000257481720534715
9637.5	0.00026644448403215795
9637.75	0.00028438049353030363
9638.0	0.00024403791159995284
9638.25	0.0002305869748980884
9638.5	0.0002963281098865412
9638.75	0.0002559895930155409
9639.0	0.0002634534399317851
9639.25	0.00021265913501428903
9639.5	0.0002530035469095293
9639.75	0.0003082788595639563
9640.0	0.00025598966781789894
9640.25	0.0002081750674420172
9640.5	0.00019621931845371926
9640.75	0.00025000951729743854
9641.0	0.00025598522814833884
9641.25	0.00022609712480432326
9641.5	0.0002694437731476541
9641.75	0.0002559897420218383
9642.0	0.0003037990815777933
9642.25	0.0002500091815844552
9642.5	0.00027541358897431427
9642.75	0.00028138620360600657
9643.0	0.00024104223980681247
9643.25	0.0002739177686123237
9643.5	0.0002769085524004901
9643.75	0.0003710410355210168
9644.0	0.00032471192272826585
9644.25	0.00026195795408594
9644.5	0.0003486233839619432
9644.75	0.0002739197086862843
9645.0	0.0002888571752972587
9645.25	0.0003157516588264225
9645.5	0.00032769785692994953
9645.75	0.00035161461536742085
9646.0	0.0003112761715035221
9646.25	0.0004083868303251466
9646.5	0.00035609954095266143
9646.75	0.0003471291296621225
9647.0	0.00034862308415409195
9647.25	0.0003680521553032602
9647.5	0.00034114707557125225
9647.75	0.00034414356767697285
9648.0	0.0004293136242098776
9648.25	0.00040988854511295837
9648.5	0.00042482545280071276
9648.75	0.00037402100109294
9649.0	0.0004771201655592193
9649.25	0.00048460098722499095
9649.5	0.0005533357036098046
9649.75	0.0005249330495501125
9650.0	0.0006026372077869033
9650.25	0.0005578020506829592
9650.5	0.0006638750241878779
9650.75	0.0007460684728771114
9651.0	0.0007445659364601979
9651.25	0.0007864158325836813
9651.5	0.0008685978652362253
9651.75	0.0008611226399836801
9652.0	0.0009701951647115576
9652.25	0.0010239758502512113
9652.5	0.001044894326113717
9652.75	0.0010479028302813167
9653.0	0.001150983826152433
9653.25	0.0011778968881936823
9653.5	0.0012600511649824258
9653.75	0.0011121478816034783
9654.0	0.0012316694783229285
9654.25	0.0012690167643868704
9654.5	0.001197294472935845
9654.75	0.0011330657237404065
9655.0	0.0011913265582859192
9655.25	0.0011868377537495951
9655.5	0.0011495138969810595
9655.75	0.0013317769631680004
9656.0	0.0010374188770525166
9656.25	0.0012720167249283328
9656.5	0.0013512081233974268
9656.75	0.0012481175031557035
9657.0	0.001280988032051913
9657.25	0.0012899416941968367
9657.5	0.001198815177349503
9657.75	0.0011196188173895982
9658.0	0.0011121364296616568
9658.25	0.0010209925275494545
9658.5	0.0008685973434149749
9658.75	0.0008865280557093268
9659.0	0.0007998704980334939
9659.25	0.0007281507055796492
9659.5	0.0006340109097805912
9659.75	0.0006160837784247279
9660.0	0.0005712553355804503
9660.25	0.0005368959620909606
9660.5	0.0004711499027136671
9660.75	0.0004636757228988791
9661.0	0.0004547075490964768
9661.25	0.00041585989049823784
9661.5	0.0004367780300493419
9661.75	0.0003904573854819509
9662.0	0.0003964395873822809
9662.25	0.00037402928321003296
9662.5	0.0004352863130455092
9662.75	0.0003650616324257189
9663.0	0.0003456420001373096
9663.25	0.00035011241406507164
9663.5	0.0003157518084311387
9663.75	0.0003710353289987192
9664.0	0.0003262087879295949
9664.25	0.0003127634865381832
9664.5	0.00029633012476286
9664.75	0.0003441431954604388
9665.0	0.0003306933047947506
9665.25	0.0003052947912322939
9665.5	0.00025897422086884213
9665.75	0.00022311626411746155
9666.0	0.00023805943904599004
9666.25	0.00022311439944427787
9666.5	0.00023656212622734992
9666.75	0.00014542169482488108
9667.0	0.00014093900636872578
9667.25	0.0001782918145222707
9667.5	0.00011702918941056393
9667.75	0.0001603615121448414
9668.0	0.00012300545918468434
9668.25	0.00011105415010531412
9668.5	0.00012001762254958652
9668.75	0.00014242665765494718
9669.0	0.00011404250880102978
9669.25	7.220787241844823e-05
9669.5	6.174951129051619e-05
9669.75	8.565485285351163e-05
9670.0	6.323988568178317e-05
9670.25	6.0252459262817404e-05
9670.5	6.174943678736749e-05
9670.75	6.772350575642763e-05
9671.0	7.220593216496191e-05
9671.25	5.8758317286217647e-05
9671.5	5.427488343952401e-05
9671.75	6.323928869912333e-05
9672.0	5.726428697457817e-05
9672.25	6.323962411289718e-05
9672.5	6.323787062593868e-05
9672.75	3.186226655788816e-05
9673.0	2.2897861417972673e-05
9673.25	5.875980950349965e-05
9673.5	3.933443203493433e-05
9673.75	4.231887383981037e-05
9674.0	5.875641461343608e-05
9674.25	6.025790619101125e-05
9674.5	7.818238888513562e-05
9674.75	5.128465929268018e-05
9675.0	8.116895717144885e-05
9675.25	7.070835795696145e-05
9675.5	5.72608171624727e-05
9675.75	9.611112406339919e-05
9676.0	7.370078308839106e-05
9676.25	8.565209222760324e-05
9676.5	0.00010059392430419838
9676.75	4.231887389965226e-05
9677.0	0.00013197053539151514
9677.25	6.323839346450111e-05
9677.5	9.312466750188807e-05
9677.75	6.0248691258591454e-05
9678.0	9.162895892454139e-05
9678.25	7.967574759128288e-05
9678.5	8.565313670789033e-05
9678.75	9.461873605249305e-05
9679.0	0.00010358314083335725
9679.25	9.01338094499404e-05
9679.5	8.565369658858044e-05
9679.75	7.220175376507822e-05
9680.0	5.1287867715425376e-05
9680.25	1.542838194400256e-05
9680.5	3.336170645638435e-05
9680.75	3.335805017696056e-05
9681.0	9.76031402766644e-05
9681.25	5.8756936733895866e-05
9681.5	2.738136946860561e-05
9681.75	3.47468517336065e-06
9682.0	3.7839170715847384e-05
9682.25	1.3932822013901998e-05
9682.5	6.473298305841195e-05
9682.75	4.083129765515663e-05
9683.0	-1.2960505190488678e-05
9683.25	1.6919912540358797e-05
9683.5	3.634458118177844e-05
9683.75	4.232178377122567e-05
9684.0	3.78401780941649e-05
9684.25	4.3814396368731854e-05
9684.5	4.680633678088077e-05
9684.75	2.439517453582227e-05
9685.0	-1.2958266685039974e-05
9685.25	7.955134346122715e-06
9685.5	3.185887172766653e-05
9685.75	-9.978749328846644e-06
9686.0	3.783984208197215e-05
9686.25	-8.478339931947124e-06
9686.5	4.966812812218508e-06
9686.75	2.290181594935884e-05
9687.0	5.4273242275786496e-05
9687.25	-1.7445393733601454e-05
9687.5	5.278044285191064e-05
9687.75	1.9911330532838522e-05
9688.0	1.094520930714352e-05
9688.25	2.2899129886440998e-05
9688.5	2.439140659143821e-05
9688.75	1.5424688502767206e-05
9689.0	3.7841371879958846e-05
9689.25	1.98169964121771e-06
9689.5	9.449276502248143e-06
9689.75	-5.492070196805705e-06
9690.0	-6.9866226887469165e-06
9690.25	3.186271423504119e-05
9690.5	4.969051138141538e-06
9690.75	4.9793874804964975e-05
9691.0	-3.995204696267138e-06
9691.25	4.851697938206032e-07
9691.5	6.460768321499936e-06
9691.75	3.335685633132467e-05
9692.0	-1.595151278731073e-05
9692.25	4.970095857796242e-06
9692.5	6.464461762735292e-06
9692.75	4.965730990594236e-06
9693.0	-2.7903083016673638e-05
9693.25	-1.011882114194451e-06
9693.5	-2.6409090166055073e-05
9693.75	6.462297999802857e-06
9694.0	4.861024296218481e-07
9694.25	4.082827581941354e-05
9694.5	-8.478563860286422e-06
9694.75	6.463305198594697e-06
9695.0	-2.640890345936918e-05
9695.25	-5.490316769689107e-06
9695.5	1.980393831412195e-06
9695.75	-1.0089349611257436e-06
9696.0	-4.000129144949902e-06
9696.25	-1.7443603144673314e-05
9696.5	1.2436180381860837e-05
9696.75	-8.479682963406072e-06
9697.0	-2.5037113215643617e-06
9697.25	-4.284375811023516e-05
9697.5	-1.2963526966389845e-05
9697.75	-2.192703681184133e-05
9698.0	4.843491221889804e-07
9698.25	4.970357067630836e-06
9698.5	-1.744177503488234e-05
9698.75	-9.972929765225499e-06
9699.0	4.858786808081719e-07
9699.25	-1.0080397265035791e-06
9699.5	-5.479853670250137e-05
9699.75	1.2440507907725707e-05
9700.0	-4.28433851755984e-05
