Energy_(eV)	counts
9546.48614528638	0.0015978532537079698
9546.728669279493	0.001511259458019655
9546.97120793741	0.0015363097843551748
9547.213761168545	0.001585471473154765
9547.456328882248	0.0017398027367665696
9547.698910988793	0.0015359439155982325
9547.941507399366	0.001511558310100581
9548.184118026047	0.001492811645191792
9548.426742781803	0.0015855994454520932
9548.669381580477	0.001474159617404599
9548.912034336765	0.0016842413703717992
9549.154700966215	0.0015917080463900854
9549.397381385215	0.00173971442550668
9549.640075510973	0.001820184366223418
9549.882783261519	0.0017456493120508955
9550.125504555672	0.0019496071540344624
9550.368239313057	0.0020054322286950977
9550.610987454074	0.0019127252075733215
9550.85374889989	0.0018939923501367303
9551.096523572438	0.0020920749231593673
9551.339311394397	0.001968484812140859
9551.582112289188	0.00219636662850132
9551.824926180963	0.002289288623148317
9552.067752994592	0.002264718396909187
9552.310592655656	0.002116504799686805
9552.553445090438	0.0022831646263962208
9552.796310225913	0.002474541011094151
9553.03918798974	0.0024248443436350052
9553.28207831025	0.0024190390719917047
9553.524981116443	0.002128706822295299
9553.767896337977	0.0022953087527919696
9554.01082390515	0.002462102731128877
9554.25376374891	0.0026656964844886935
9554.496715800833	0.0027892955616872633
9554.739679993116	0.0027090481738772836
9554.982656258575	0.0030177321764736837
9555.225644530638	0.002912797220415524
9555.468644743327	0.002937367461907936
9555.711656831258	0.0032091100672458116
9555.954680729637	0.002962574779287362
9556.197716374241	0.003443955647626747
9556.440763701428	0.0034502288855045023
9556.683822648116	0.0036415549616230026
9556.92689315177	0.0038510865124036305
9557.169975150422	0.0038574434875566794
9557.413068582635	0.003919162310656138
9557.656173387515	0.004011919817645507
9557.899289504696	0.004333177844177439
9558.142416874338	0.004252569034817824
9558.385555437111	0.0044565772496446545
9558.628705134213	0.005031093522569679
9558.87186590733	0.005357181293752884
9559.115037698652	0.005445006914103888
9559.358220450864	0.005406454132728672
9559.601414107143	0.006124012962007352
9559.84461861114	0.006037319985469359
9560.087833906982	0.006684763306677413
9560.331059939273	0.007389720573342583
9560.574296653078	0.007529970533561741
9560.817543993919	0.007815065795693731
9561.060801907772	0.007882730268654319
9561.304070341068	0.009167570365950211
9561.547349240678	0.009415078056978233
9561.790638553905	0.009797870559427034
9562.033938228495	0.01036429546310318
9562.27724821262	0.011586604822526768
9562.520568454873	0.011940203143133337
9562.763898904268	0.01229212769344396
9563.007239510229	0.01328675439187729
9563.250590222593	0.013742225786691053
9563.493950991602	0.014249129412811593
9563.737321767896	0.014613804270254488
9563.980702502513	0.016009816435959914
9564.22409314688	0.016523408079243636
9564.467493652814	0.017367672965779696
9564.71090397251	0.018207286318526167
9564.954324058546	0.019349710524364346
9565.197753863866	0.02081931220095456
9565.441193341796	0.02248671279825839
9565.684642446024	0.023979062811657646
9565.92810113059	0.025537624940382853
9566.171569349908	0.026725427461861375
9566.415047058734	0.03035717991572404
9566.65853421218	0.032846502299986285
9566.902030765705	0.03577877088038689
9567.145536675107	0.03989039424130453
9567.38905189653	0.044560120794565984
9567.632576386442	0.04963115693126477
9567.876110101655	0.05359312656020649
9568.119652999305	0.05994482807805139
9568.363205036849	0.06398688264608438
9568.606766172072	0.06862821806536776
9568.850336363077	0.07583015360466525
9569.093915568274	0.07836492201414301
9569.33750374639	0.08238263754295218
9569.581100856461	0.08537452537699873
9569.824706857831	0.08841714568172154
9570.068321710138	0.08957601779063681
9570.311945373322	0.0933278380077971
9570.555577807623	0.0970963338145463
9570.799218973567	0.10069694450733065
9571.042868831977	0.10661053564249484
9571.286527343957	0.11016567522216326
9571.530194470894	0.11284693033938299
9571.77387017446	0.11343976332766584
9572.017554416605	0.11449014178222724
9572.26124715955	0.11125510738342911
9572.504948365793	0.10797684690478108
9572.748657998101	0.1014819003019862
9572.992376019509	0.09575422898793959
9573.236102393308	0.08565086721236728
9573.479837083061	0.07953040357080861
9573.723580052587	0.07182668186697583
9573.96733126596	0.06592307695644727
9574.211090687508	0.059563092280569004
9574.454858281813	0.05395151198128475
9574.698634013705	0.048676621232823736
9574.942417848262	0.044926712127049476
9575.1862097508	0.042777803465276015
9575.430009686883	0.03934489455949355
9575.673817622313	0.03650391620773583
9575.917633523131	0.03474436776467837
9576.161457355609	0.03315406754650915
9576.405289086255	0.03188415015897711
9576.649128681807	0.029414869608921916
9576.892976109228	0.028426051693387716
9577.136831335709	0.025779060041724672
9577.380694328667	0.024246044214598663
9577.624565055738	0.022301269559730046
9577.868443484778	0.02079414111762488
9578.11232958386	0.020026376736094465
9578.356223321278	0.018201475427673277
9578.60012466553	0.016611791609690417
9578.844033585336	0.015583678605491869
9579.087950049616	0.014729042101360463
9579.331874027499	0.0137416929644957
9579.575805488328	0.012496785603124165
9579.819744401642	0.012464428397909231
9580.063690737183	0.011811567262962102
9580.307644464892	0.010957970805211175
9580.551605554914	0.01081382672674377
9580.795573977583	0.009723687465767565
9581.039549703435	0.009086522517082914
9581.28353270319	0.008599482416786743
9581.527522947761	0.007839767052888594
9581.771520408261	0.0073648636651422695
9582.015525055973	0.007364660861486736
9582.25953686238	0.00690178120196924
9582.503555799145	0.006152664719587289
9582.747581838112	0.006376094642632791
9582.991614951305	0.005728174031183197
9583.235655110931	0.005426734405762084
9583.47970228937	0.005394726108153037
9583.723756459181	0.004975526007351313
9583.967817593099	0.004659853938753192
9584.211885664028	0.004512362723030715
9584.455960645044	0.003925301595949247
9584.700042509397	0.004073763584140293
9584.944131230506	0.0038513516212209786
9585.188226781947	0.0034936737256947427
9585.432329137473	0.0036537876008220257
9585.676438270993	0.00332671957012807
9585.920554156584	0.0032094317357382004
9586.16467676848	0.0030675052001192683
9586.408806081081	0.002826243092015993
9586.652942068937	0.0027024900974351542
9586.897084706761	0.0028940279183838663
9587.141233969422	0.0022833369099820007
9587.38538983194	0.0022583308459243833
9587.629552269487	0.0023443852149956754
9587.873721257394	0.0020055587954398665
9588.117896771137	0.002097974690143744
9588.362078786338	0.0021782602281659414
9588.606267278776	0.0020671069007906074
9588.850462224369	0.002196497805988598
9589.094663599184	0.0019805268508111947
9589.338871379432	0.0016780641666663695
9589.583085541464	0.0019063788552069352
9589.827306061774	0.001703047428815646
9590.071532917002	0.0016532866980662308
9590.315766083922	0.0016471475352994966
9590.560005539446	0.001461974344401627
9590.804251260624	0.001653451341757447
9591.048503224645	0.0015608098259863585
9591.292761408833	0.0015176470105047826
9591.537025790638	0.0014125443908553422
9591.781296347646	0.001412579456903663
9592.025573057585	0.0013938786631190966
9592.269855898301	0.0011657300733329636
9592.51414484777	0.0011655639100646435
9592.758439884105	0.0010361121825240302
9593.00274098554	0.0011222990171098615
9593.247048130435	0.0011655959389591864
9593.491361297278	0.0010668824046248312
9593.73568046468	0.0009927923702473102
9593.980005611378	0.0009125937231792676
9594.224336716225	0.0007828401614157921
9594.468673758205	0.0010483522800785404
9594.713016716407	0.000918699313469187
9594.957365570057	0.0010360161313480456
9595.20172029849	0.000998966577057628
9595.44608088116	0.0009003170547525081
9595.690447297633	0.0008201214805959406
9595.934819527602	0.0009495853885085018
9596.179197550862	0.0008014190612114472
9596.423581347331	0.0007211426564052669
9596.667970897037	0.0007025195861014639
9596.912366180117	0.0006593019248137747
9597.156767176823	0.0006162001024615855
9597.40117386752	0.0006346220139639266
9597.645586232673	0.0006470130270045175
9597.890004252864	0.0006964673262914681
9598.134427908783	0.0006347408968046575
9598.378857181217	0.000572900127204984
9598.623292051072	0.0005791383235396927
9598.867732499351	0.0006778366020900865
9599.112178507165	0.0005544889095045914
9599.356630055729	0.0006778960421351561
9599.601087126357	0.0006099558145656065
9599.845549700469	0.0005358810336465465
9600.090017759585	0.000591380005435248
9600.334491285326	0.0006655553479262013
9600.57897025941	0.0005667823820486063
9600.82345466366	0.00047417899023408425
9601.06794447999	0.0005297815597482417
9601.312439690419	0.0005420856928370466
9601.556940277058	0.00047417898298252335
9601.801446222114	0.0005359374406137152
9602.04595750789	0.0005049675025220324
9602.290474116788	0.0004926892749596535
9602.534996031296	0.00044947772503749753
9602.779523234003	0.000418593168325018
9603.024055707585	0.0005543989537907162
9603.268593434812	0.0003198308624921054
9603.51313639855	0.00048664017112901405
9603.757684581744	0.0003197653231340973
9604.00223796744	0.000517364643881806
9604.246796538764	0.0003938584094435774
9604.491360278942	0.0005173448411190615
9604.735929171278	0.0003259242483048883
9604.980503199164	0.00039381875163183315
9605.225082346087	0.00037538927650134483
9605.469666595614	0.0003753709270514407
9605.714255931392	0.0004309780905545006
9605.958850337163	0.00040010724354317247
9606.20344979675	0.000369125137582233
9606.448054294051	0.00042475818843280567
9606.69266381306	0.00039389954652374896
9606.93727833785	0.0003814566975749555
9607.181897852566	0.0004370760344734616
9607.426522341444	0.00048031505540903054
9607.671151788803	0.00039390107010171463
9607.91578617903	0.0003074322190589953
9608.160425496604	0.00033217767151733616
9608.405069726074	0.0003691373259559033
9608.649718852072	0.0003506437825340687
9608.894372859308	0.00028889598872337184
9609.139031732562	0.000307407825808102
9609.383695456703	0.00034451990830834753
9609.628364016671	0.0004124190087748731
9609.873037397472	0.0004433004980770616
9610.117715584202	0.0003383076660605176
9610.362398562023	0.0003940016852601428
9610.607086316175	0.0004247398937196839
9610.851778831964	0.0003013296874524882
9611.09647609478	0.0002828087063494159
9611.341178090079	0.00028894171579158483
9611.58588480339	0.0002950564500498358
9611.830596220312	0.0003012504223648782
9612.075312326519	0.0002951585865357451
9612.32003310775	0.00032596542356827914
9612.564758549819	0.0002765278465809724
9612.809488638608	0.0003444802710260224
9613.054223360068	0.00028896915494814007
9613.29896270022	0.0003999822897956176
9613.54370664515	0.0002828132855851425
9613.788455181017	0.000233365066882099
9614.033208294039	0.00028269593207361503
9614.277965970505	0.0001901428300844851
9614.522728196775	0.0002889386821385603
9614.767494959266	0.00021483951334476408
9615.012266244474	0.0002333833625454252
9615.257042038938	0.00034453515409015576
9615.501822329288	0.0002580983084619251
9615.746607102197	0.00023954226706177
9615.991396344412	0.00031366584515991533
9616.23619004274	0.00027042226521797435
9616.480988184054	0.0002827965455066718
9616.725790755285	0.000276623879252974
9616.970597743431	0.0003197409496374563
9617.215409135544	0.00015930094420733363
9617.460224918748	0.00020244543636963017
9617.70504508022	0.00027661776446170357
9617.949869607197	0.0002086942926489997
9618.194698486981	0.00022099082020063588
9618.43953170693	0.00037542124188221583
9618.684369254466	0.00026426791150623615
9618.929211117062	0.00015308104871206504
9619.174057282253	0.00022106092151565133
9619.418907737634	0.00019630784909203602
9619.66376247086	0.00024574540512483224
9619.908621469638	0.00022718784114692683
9620.153484721728	0.0002333742215777397
9620.398352214961	0.0002766010000780007
9620.64322393721	0.00022719851396935974
9620.888099876413	0.0002148394964411254
9621.132980020559	0.00024573624910390626
9621.377864357692	0.00021479224887060904
9621.622752875912	0.0003197729282961852
9621.867645563376	0.00020247287017503352
9622.112542408291	0.0001839564648319398
9622.35744339892	0.0002456676761428844
9622.602348523576	0.0001901687398368208
9622.847257770632	0.00018402810907908686
9623.092171128506	0.0003013251316968159
9623.337088585677	0.000183982370633425
9623.582010130667	0.00029507472975972784
9623.826935752055	0.00022722899575587172
9624.071865438471	0.00025806173683951434
9624.316799178594	0.00025805870416169974
9624.561736961155	0.00019745126629912773
9624.806678774941	0.00022242156540797903
9625.05162460878	0.0002598847929957479
9625.296574451551	0.0001837141352430505
9625.541528292191	0.00021618513320301682
9625.786486119678	0.0002374054720950917
9626.031447923044	0.0002068175919952467
9626.276413691361	0.00021306448445188362
9626.52138341376	0.000212433443113868
9626.766357079414	0.00020057403500660303
9627.011334677549	0.00020681581486270103
9627.256316197429	0.0002024463337878084
9627.501301628374	0.00021305162368347337
9627.74629095975	0.00023490895994565997
9627.991284180962	0.000191828930534621
9628.236281281472	0.00022804164168610834
9628.481282250777	0.00025176970114033903
9628.72628707843	0.00021118481258354676
9628.971295754023	0.0002199251312753411
9629.216308267194	0.00022055249407151357
9629.46132460763	0.00021243160346786562
9629.706344765056	0.0002118111309048854
9629.95136872925	0.0002186769530923923
9630.196396490022	0.00021992937118802514
9630.441428037235	0.00018371740894774843
9630.6864633608	0.0001930803511655396
9630.931502450656	0.00021493137356860427
9631.176545296797	0.00020556752740622994
9631.421591889257	0.00024178117325892115
9631.666642218112	0.00022179420286186038
9631.91169627348	0.0002492691206151483
9632.156754045527	0.00021306043132940806
9632.401815524445	0.00022991986349230485
9632.646880700482	0.00023990519593587243
9632.891949563927	0.00020556782346996055
9633.137022105102	0.0002461476141793897
9633.382098314378	0.00022367047649869364
9633.627178182156	0.0002349151952878803
9633.872261698889	0.0002249231443980993
9634.117348855067	0.00023366509969218903
9634.362439641209	0.0002536435275003712
9634.607534047891	0.0002523976250572983
9634.852632065715	0.0002355342963056215
9635.09773368533	0.0002292882452801111
9635.34283889742	0.00022242872094828124
9635.587947692708	0.0002492702893667338
9635.833060061957	0.00025488783985116076
9636.078175995966	0.00020806297932743684
9636.323295485581	0.00022179889537197054
9636.568418521667	0.00023428706857726755
9636.813545095147	0.0001830896098076486
9637.058675196966	0.0002118081377605809
9637.303808818117	0.00023366668978447227
9637.548945949622	0.00023615395794404195
9637.794086582548	0.00019495303978066074
9638.039230707987	0.00021430924915004536
9638.284378317085	0.0002155556499503949
9638.529529401005	0.00024240262803333222
9638.774683950953	0.00022679567672957883
9639.019841958177	0.00022117195316633453
9639.265003413955	0.00023428435599335653
9639.510168309598	0.00020931128253729898
9639.755336636457	0.00023179058743451027
9640.000508385918	0.00021867265066625161
9640.245683549398	0.00024365811754011743
9640.49086211835	0.00021618383917446418
9640.736044084259	0.00020244209337501686
9640.98122943865	0.0002542652318285013
9641.226418173077	0.0002436523340451616
9641.47161027913	0.00021118515565739682
9641.716805748436	0.00023677218602387458
9641.962004572642	0.00023116433162662822
9642.207206743451	0.000253641314023898
9642.452412252576	0.00025863809538150635
9642.697621091775	0.00029421839289957757
9642.942833252837	0.0002648810289859604
9643.18804872758	0.0002286696118630257
9643.433267507859	0.00029047826980034005
9643.678489585562	0.00027237458755005665
9643.923714952603	0.00026300243234907784
9644.168943600927	0.00031669616996790834
9644.414175522526	0.0002973420650515285
9644.6594107094	0.0003067056776636287
9644.9046491536	0.00031544685378999464
9645.149890847195	0.0003079591874942685
9645.395135782293	0.0003054598067273379
9645.640383951031	0.00032044411875170364
9645.885635345572	0.00035292008903201207
9646.130889958116	0.00036601796348165427
9646.376147780893	0.0003653930634656201
9646.621408806155	0.0003597818575969358
9646.86667302619	0.0003710181275674289
9647.111940433315	0.000397235872201517
9647.357211019882	0.0004209648361004384
9647.602484778261	0.0004446936134592051
9647.847761700858	0.0005046279144222672
9648.093041780108	0.0005039981828661954
9648.338325008479	0.0005427126590478499
9648.58361137846	0.0006007774210737908
9648.82890088257	0.0006625942160126768
9649.074193513363	0.0006988056016288294
9649.319489263411	0.0007393777389407875
9649.564788125326	0.0008061881505560524
9649.81009009174	0.0008486487206222165
9650.055395155314	0.0008623934750693055
9650.30070330874	0.0009304590501211654
9650.546014544736	0.0008586395087401729
9650.791328856043	0.0008967156480133667
9651.036646235438	0.0009797593600103444
9651.281966675719	0.0010040988355780628
9651.52729016971	0.001001604459388418
9651.772616710268	0.0010209686034658287
9652.017946290272	0.0009928698316716636
9652.26327890263	0.0010309418400556414
9652.508614540277	0.0010016133765579287
9652.753953196167	0.000989757381685397
9652.99929486329	0.000941687524663614
9653.244639534658	0.0010478019566158617
9653.48998720331	0.001064683761344679
9653.735337862308	0.0010646746866412578
9653.980691504741	0.0011064990380049262
9654.226048123726	0.001098989890085064
9654.471407712404	0.0011208445465203908
9654.716770263942	0.0010734098289687873
9654.962135771526	0.0010577903447171906
9655.207504228376	0.0010652892811889357
9655.452875627729	0.0010347193294483511
9655.698249962856	0.0009997305860182664
9655.943627227043	0.0009035748920348572
9656.189007413608	0.0008492825528109907
9656.43439051589	0.0008155634551849773
9656.679776527251	0.0007350116398439
9656.925165441078	0.0006475957026813367
9657.170557250785	0.0005945424534340913
9657.415951949808	0.0005545723474654546
9657.661349531603	0.0004559307093574875
9657.906749989656	0.0004846466500034759
9658.152153317473	0.000430326547553295
9658.397559508581	0.00039475056821475544
9658.642968556542	0.0003797537229924925
9658.888380454922	0.0003485334290091776
9659.13379519733	0.0003360563854496492
9659.379212777378	0.0003360589264966352
9659.624633188721	0.0002942197486914256
9659.870056425027	0.0003054599780142092
9660.11548247998	0.00032106889374082433
9660.360911347298	0.00024802448094389973
9660.606343020712	0.0002798686612250357
9660.85177749399	0.00025739252075900005
9661.097214760903	0.00026176546307896066
9661.342654815258	0.00027861703805051754
9661.588097650876	0.00026300032814612697
9661.833543261606	0.00027237309147801203
9662.078991641312	0.000240529284777293
9662.324442783887	0.0002592653961643298
9662.56989668324	0.0002448938710735351
9662.815353333306	0.0002168087389404445
9663.060812728037	0.0002330420863322765
9663.306274861408	0.00021618023789925336
9663.551739727414	0.00021431242908455844
9663.797207320076	0.0002068118397570194
9664.042677633428	0.0001943334246522519
9664.288150661525	0.00017060101511162155
9664.533626398457	0.00015687075818526997
9664.779104838317	0.00018683548514511359
9665.024585975229	0.00011441325938022588
9665.270069803328	0.0001137859435941729
9665.515556316781	9.380628389581382e-05
9665.76104550977	8.881556611845236e-05
9666.006537376492	9.318356662463757e-05
9666.252031911172	0.00010941760041422374
9666.497529108052	8.818594313575197e-05
9666.74302896139	7.38317224949147e-05
9666.98853146547	8.069592303334533e-05
9667.234036614595	6.633546650016933e-05
9667.479544403079	7.820081396094e-05
9667.725054825265	3.7614506473708665e-05
9667.970567875513	3.4495089662763035e-05
9668.2160835482	4.198780672071657e-05
9668.461601837724	5.385027033571043e-05
9668.7071227385	2.57541787934964e-05
9668.95264624497	3.1372960417938535e-05
9669.19817235158	3.9491045067576636e-05
9669.443701052805	4.323533071284426e-05
9669.689232343146	4.635961092068522e-05
9669.934766217102	3.012514068715013e-05
9670.180302669207	1.5141639687365698e-05
9670.42584169401	1.8258795836681153e-05
9670.671383286073	3.262449027236853e-05
9670.916927439985	3.449664882338807e-05
9671.162474150347	2.6379842398900852e-05
9671.408023411776	2.138504084246473e-05
9671.653575218917	4.7608428316231104e-05
9671.899129566424	3.324656858100169e-05
9672.144686448968	4.136585336398059e-05
9672.390245861243	3.199725235307713e-05
9672.635807797962	5.572506300375016e-05
9672.88137225385	4.261315893409075e-05
9673.126939223657	4.822890057914665e-05
9673.372508702136	5.447467081921514e-05
9673.618080684075	-7.406185584547661e-06
9673.863655164268	5.4324834265384955e-05
9674.10923213753	4.1993275747979845e-05
9674.35481159869	7.281228227512055e-05
9674.600393542603	0.00010989388353897229
9674.84597796413	6.046090809219349e-05
9675.091564858154	1.7282873359520258e-05
9675.337154219575	5.434923119206959e-05
9675.582746043305	7.287172704620734e-05
9675.828340324282	6.0538638799512584e-05
9676.073937057454	-1.2411588003228529e-06
9676.319536237788	6.6708232591832e-05
9676.565137860263	5.434617465912005e-05
9676.810741919882	8.519720763027599e-05
9677.056348411656	6.051882215878074e-05
9677.301957330617	2.3452467151839596e-05
9677.547568671815	9.138965811772959e-05
9677.79318243031	3.580232993442246e-05
9678.038798601181	3.581451830809287e-05
9678.284417179526	4.816285546226884e-05
9678.530038160457	6.049290923076147e-05
9678.775661539099	4.19764940605523e-05
9679.021287310592	-7.404654730015799e-06
9679.2669154701	4.814153602304439e-05
9679.512546012795	-1.2457318097092563e-06
9679.758178933862	1.729963551774391e-05
9680.003814228512	-2.594392639531617e-05
9680.24945189196	3.577032371976176e-05
9680.495091919445	-1.974994580349214e-05
9680.740734306217	1.7296587311586756e-05
9680.986379047541	7.901693291377987e-05
9681.232026138701	4.951301439230047e-06
9681.477675574986	2.3486004496091398e-05
9681.723327351716	3.581910041943862e-05
9681.96898146421	-1.9763665181726717e-05
9682.21463790781	6.050510518106288e-05
9682.460296677875	2.3440275102377902e-05
9682.70595776977	5.4350753944857534e-05
9682.951621178885	-1.2198166312055794e-06
9683.197286900617	-1.9754516787442545e-05
9683.442954930379	1.1131570129428925e-05
9683.688625263598	-1.357730137949347e-05
9683.93429789572	2.964797937336244e-05
9684.1799728222	-2.5916490964562852e-05
9684.42565003851	-1.2289665758235057e-06
9684.671329540137	1.729050152656018e-05
9684.91701132258	0.00010366789073119573
9685.162695381348	-3.8280075125810926e-05
9685.408381711975	4.957397826538944e-06
9685.65407031	-6.297675080945884e-05
9685.899761170976	-1.2503017434336379e-06
9686.145454290474	1.112394583822327e-05
9686.39114966408	1.111479824411138e-05
9686.63684728739	-1.2381098690095992e-06
9686.88254715601	5.433702701499731e-05
9687.128249265568	-7.4107580188102686e-06
9687.3739536117	4.815372354653182e-05
9687.619660190057	-4.444662303747378e-05
9687.865368996305	-3.211200233590266e-05
9688.111080026121	-8.149315620256343e-05
9688.356793275194	2.34631406244123e-05
9688.60250873923	4.920813801458374e-06
9688.84822641395	-6.296912796856545e-05
9689.09394629508	5.4344652106375206e-05
9689.339668378365	-3.213485558029415e-05
9689.585392659561	2.9631207212985616e-05
9689.831119134438	4.933011977238782e-06
9690.076847798782	-1.227441097448889e-06
9690.322578648382	-1.9748423200736524e-05
9690.568311679051	-1.9760617725731055e-05
9690.814046886608	4.198716498257591e-05
9691.059784266889	4.1973445604341355e-05
9691.305523815738	-2.5933263600041887e-05
9691.551265529017	1.111327174051605e-05
9691.797009402593	-5.6801058129292314e-05
9692.042755432352	-3.210285901771116e-05
9692.28850361419	-1.3592547086285704e-05
9692.534253944019	-1.2457302093647669e-06
9692.780006417755	-3.209218291957331e-05
9693.025761031335	-5.061315829641298e-05
9693.271517780702	-3.211505046704367e-05
