Energy_(eV)	Live_Counts
9550.0	0.0017531180591036804
9550.25	0.0022076301478191626
9550.5	0.0016881877607157546
9550.75	0.0024030143796538346
9551.0	0.002208720874762742
9551.25	0.0023369137277001253
9551.5	0.0015583271639399022
9551.75	0.002466133498466563
9552.0	0.0012989266910651243
9552.25	0.0015587120303300203
9552.5	0.002597211938146719
9552.75	0.002337490744595015
9553.0	0.002532281639758793
9553.25	0.002402421042982941
9553.5	0.001948390037912525
9553.75	0.0027920028464588826
9554.0	0.0020128392526553847
9554.25	0.002532281639758793
9554.5	0.002662142239164322
9554.75	0.002856933123809392
9555.0	0.002728419910460843
9555.25	0.0029218634274566723
9555.5	0.003311445223043583
9555.75	0.002662142239164322
9556.0	0.002337490744595015
9556.25	0.0031166543383985127
9556.5	0.0034413058303381433
9556.75	0.0025965708097244397
9557.0	0.003181584615749022
9557.25	0.0033755420505380304
9557.5	0.0030517240347512327
9557.75	0.0029197007021297306
9558.0	0.0037010270186304934
9558.25	0.004285399698862474
9558.5	0.0045428774833348425
9558.75	0.004221511746619074
9559.0	0.003246514919396303
9559.25	0.004155539091567913
9559.5	0.004350330002509754
9559.75	0.004999632986389014
9560.0	0.004545120887154823
9560.25	0.004868570274807518
9560.5	0.004935921432884633
9560.75	0.005064563290036295
9561.0	0.004804842075447174
9561.25	0.006622890446087166
9561.5	0.0064914270243111
9561.75	0.006231769947546139
9562.0	0.00655957978685475
9562.25	0.007856566110198407
9562.5	0.008505869094077667
9562.75	0.007596844921906057
9563.0	0.009220102381604207
9563.25	0.008179198062728502
9563.5	0.009087997844554248
9563.75	0.009025311496959138
9564.0	0.010713499234007799
9564.25	0.011755286572152662
9564.5	0.011885179235210918
9564.75	0.013375641473172122
9565.0	0.011622523432476179
9565.25	0.01493028216380456
9565.5	0.014284665671640502
9565.75	0.016236583644888246
9566.0	0.017011738188155334
9566.25	0.018894716862442606
9566.5	0.018440204763208415
9566.75	0.018180483574916063
9567.0	0.019933601615612005
9567.25	0.02201137117454435
9567.5	0.02330997714230287
9567.75	0.027920028464588825
9568.0	0.029095957997668318
9568.25	0.03038737979281131
9568.5	0.03208348916911787
9568.75	0.040471561878068114
9569.0	0.044607115134507755
9569.25	0.04694460590802922
9569.5	0.054346659892696665
9569.75	0.056503311191501926
9570.0	0.06442676387472643
9570.25	0.064751495598114
9570.5	0.06936268538650137
9570.75	0.07572742616562035
9571.0	0.0823519522182623
9571.25	0.08462507401900755
9571.5	0.08363022431313005
9571.75	0.08932327061834523
9572.0	0.08631367855987455
9572.25	0.09815815412791491
9572.5	0.10151112100548383
9572.75	0.10592747170724515
9573.0	0.10677177397767865
9573.25	0.11056596832547518
9573.5	0.11190253457607967
9573.75	0.11687453709826688
9574.0	0.1134332314783029
9574.25	0.10696661306430473
9574.5	0.10445950496303728
9574.75	0.09560100458651391
9575.0	0.09371756069605312
9575.25	0.08092313295091827
9575.5	0.07722119188282899
9575.75	0.064751495598114
9576.0	0.061748713877364116
9576.25	0.05674908081208478
9576.5	0.0513598660827024
9576.75	0.04636023301742308
9577.0	0.04199953285702262
9577.25	0.03941269110569305
9577.5	0.03882831847805462
9577.75	0.03655575811336752
9578.0	0.03499743093101987
9578.25	0.03324431278513685
9578.5	0.030127658420441565
9578.75	0.02869919179279494
9579.0	0.026757889747058474
9579.25	0.026816213355178604
9579.5	0.023256531558882985
9579.75	0.022660674158423606
9580.0	0.0209075560914309
9580.25	0.019284298631732748
9580.5	0.017405617665006087
9580.75	0.015262388632506178
9581.0	0.015778062524044092
9581.25	0.01402494445705138
9581.5	0.015648201916749534
9581.75	0.013635362687761242
9582.0	0.013177596862770114
9582.25	0.013187362852349995
9582.5	0.010846037878151336
9582.75	0.009799635745982667
9583.0	0.010064196250128537
9583.25	0.008830520586017297
9583.5	0.008244112325345549
9583.75	0.007726705502903846
9584.0	0.007012472241674076
9584.25	0.0073371237336137055
9584.5	0.0072072631263191455
9584.75	0.0062982389541475356
9585.0	0.007077402519024585
9585.25	0.0059057407414836805
9585.5	0.005519075362973714
9585.75	0.004804842075447174
9586.0	0.005386554732118225
9586.25	0.004802470501165956
9586.5	0.004480190583507544
9586.75	0.004285399698862474
9587.0	0.004739911798096664
9587.25	0.0037010270186304934
9587.5	0.003507102060353514
9587.75	0.0039607482069228435
9588.0	0.003571166411335933
9588.25	0.003636096714983213
9588.5	0.003181584615749022
9588.75	0.0031158849737730693
9589.0	0.002597211938146719
9589.25	0.0031166543383985127
9589.5	0.003181584615749022
9589.75	0.002402421042982941
9590.0	0.0024673513413708673
9590.25	0.002662799711029699
9590.5	0.0018829786558795325
9590.75	0.002337490744595015
9591.0	0.002012342377799409
9591.25	0.0022725604462070885
9591.5	0.0022076301478191626
9591.75	0.0018180483574916065
9592.0	0.0018180483574916065
9592.25	0.0022725604462070885
9592.5	0.0022076301478191626
9592.75	0.0015583271639399022
9593.0	0.0016881877607157546
9593.25	0.0012339803569063196
9593.5	0.0018184973695949157
9593.75	0.00142846656716405
9594.0	0.001169034022747515
9594.25	0.001168745370982669
9594.5	0.001233675669370595
9594.75	0.0015583271639399022
9595.0	0.0009739544758188908
9595.25	0.0012342851943336383
9595.5	0.0012982854048622199
9595.75	0.0009739544758188908
9596.0	0.0013635362687761242
9596.25	0.0016232574623278285
9596.5	0.00142846656716405
9596.75	0.0016232574623278285
9597.0	0.001233675669370595
9597.25	0.0008440938790430386
9597.5	0.0008443023493238147
9597.75	0.0009090241774309647
9598.0	0.0009094732999807117
9598.25	0.0009739544758188908
9598.5	0.000974195017641424
9598.75	0.001233675669370595
9599.0	0.0014281139458743775
9599.25	0.0010388847742068168
9599.5	0.0009087997844554248
9599.75	0.0016236583644888248
9600.0	0.0007142332822671865
9600.25	0.0012339803569063196
9600.5	0.0008443023493238147
9600.75	0.0007789712434432673
9601.0	0.0010388847742068168
9601.25	0.0007793560151650101
9601.5	0.0008440938790430386
9601.75	0.0013628632476301297
9602.0	0.0009739544758188908
9602.25	0.0008440938790430386
9602.5	0.0006491427024311099
9602.75	0.0011035425933439839
9603.0	0.0005843726854913345
9603.25	0.0005843726854913345
9603.5	0.0009087997844554248
9603.75	0.0010388847742068168
9604.0	0.0007793560151650101
9604.25	0.0005843726854913345
9604.5	0.0008440938790430386
9604.75	0.0007791635806551126
9605.0	0.0008443023493238147
9605.25	0.000974195017641424
9605.5	0.0009090241774309647
9605.75	0.0007791635806551126
9606.0	0.00045451208871548235
9606.25	0.0005842284319250313
9606.5	0.00045451208871548235
9606.75	0.001168745370982669
9607.0	0.000974195017641424
9607.25	0.0006493029838792605
9607.5	0.0009090241774309647
9607.75	0.00019479089542674585
9608.0	0.0008440938790430386
9608.25	0.00025965708097244397
9608.5	0.0005194423871034084
9608.75	0.0005194423871034084
9609.0	0.0013635362687761242
9609.25	0.0003895817903275563
9609.5	0.0005194423871034084
9609.75	0.0005842284319250313
9610.0	0.0007791635806551126
9610.25	0.0007144096810062054
9610.5	0.00032473167342370035
9610.75	0.0005194423871034084
9611.0	0.0007142332822671865
9611.25	0.0008440938790430386
9611.5	0.0005843726854913345
9611.75	0.0009739544758188908
9612.0	0.00032465149193963027
9612.25	0.0003245713499007164
9612.5	0.0008440938790430386
9612.75	0.0007140569729371887
9613.0	0.000584661408257462
9613.25	0.00038967800758250506
9613.5	0.00019479089542674585
9613.75	0.00045462434174130967
9614.0	0.0006491427024311099
9614.25	0.0006494633468474007
9614.5	0.0003893895004498987
9614.75	0.00045451208871548235
9615.0	0.0005194423871034084
9615.25	0.0009739544758188908
9615.5	0.0006493029838792605
9615.75	0.0006491427024311099
9616.0	0.00038967800758250506
9616.25	0.0005842284319250313
9616.5	0.0005194423871034084
9616.75	0.0005194423871034084
9617.0	0.0006491427024311099
9617.25	0.0003895817903275563
9617.5	0.0005843726854913345
9617.75	0.00025965708097244397
9618.0	0.0003894856204067951
9618.25	0.0003895817903275563
9618.5	0.0003894856204067951
9618.75	0.0005194423871034084
9619.0	0.0006493029838792605
9619.25	0.0005843726854913345
9619.5	0.00025978533821302487
9619.75	0.00045462434174130967
9620.0	0.00032473167342370035
9620.25	0.0005193141614189525
9620.5	0.0001298605967758521
9620.75	0.0004543998909128739
9621.0	0.000584517010058919
9621.25	0.0005842284319250313
9621.5	0.0005842284319250313
9621.75	0.0006493029838792605
9622.0	0.0003894856204067951
9622.25	0.0007142332822671865
9622.5	0.00045451208871548235
9622.75	0.00025978533821302487
9623.0	0.0005194423871034084
9623.25	0.0003895817903275563
9623.5	0.00032465149193963027
9623.75	0.0003894856204067951
9624.0	0.0003895817903275563
9624.25	0.0005194423871034084
9624.5	0.0006493029838792605
9624.75	0.0006491427024311099
9625.0	0.00019479089542674585
9625.25	0.0001298605967758521
9625.5	0.0003894856204067951
9625.75	0.0005842284319250313
9626.0	0.000584517010058919
9626.25	0.0005843726854913345
9626.5	0.0007793560151650101
9626.75	0.0005842284319250313
9627.0	0.00045451208871548235
9627.25	0.0005842284319250313
9627.5	0.0005843726854913345
9627.75	0.0004543998909128739
9628.0	0.0007142332822671865
9628.25	0.0001298605967758521
9628.5	6.494633468474007e-05
9628.75	0.0005194423871034084
9629.0	0.0006491427024311099
9629.25	0.0003245713499007164
9629.5	0.00045451208871548235
9629.75	0.0008440938790430386
9630.0	0.0004005050981639002
9630.25	0.0004792929874912458
9630.5	0.00045961896632360844
9630.75	0.0005121468476632282
9631.0	0.0005712264537601656
9631.25	0.0003348736095290202
9631.5	0.0005515289890212946
9631.75	0.0005515152174023882
9632.0	0.00044646470092893776
9632.25	0.0005318448041517147
9632.5	0.000551542760640201
9632.75	0.0005252788186555525
9633.0	0.00042676772793968205
9633.25	0.00045961896632360844
9633.5	0.0004661616739181934
9633.75	0.0006171872030644132
9634.0	0.0004464869953312842
9634.25	0.00038739312849550225
9634.5	0.0004464869953312842
9634.75	0.0005252788186555525
9635.0	0.00041363641436662965
9635.25	0.0004990024172608642
9635.5	0.0005580948114774773
9635.75	0.0005712407144990102
9636.0	0.00046617331286898203
9636.25	0.00039395911399166435
9636.5	0.0005318315242824237
9636.75	0.0005252788186555525
9637.0	0.0005778066999951723
9637.25	0.0005055556172670277
9637.5	0.0005121468476632282
9637.75	0.0004793169228120948
9638.0	0.0005515152174023882
9638.25	0.0005252657044559179
9638.5	0.0005318448041517147
9638.75	0.0004989899604805015
9639.0	0.0005252657044559179
9639.25	0.0005055808621670662
9639.5	0.0005646747316325252
9639.75	0.00039394927899935773
9640.0	0.0005383973467386063
9640.25	0.0005318315242824237
9640.5	0.00046618495181977054
9640.75	0.0004924488938044191
9641.0	0.00042677838339124
9641.25	0.00045961896632360844
9641.5	0.0005449903810932887
9641.75	0.0004727391326954876
9642.0	0.0006237685984683072
9642.25	0.0004727509373159327
9642.5	0.000544949560615862
9642.75	0.0004990148793005811
9643.0	0.0005712121903916438
9643.25	0.0005515289890212946
9643.5	0.0005909239158693594
9643.75	0.000407080921282046
9644.0	0.00040051509882586334
9644.25	0.00042678904147247493
9644.5	0.0006040706419798207
9644.75	0.0005384242325571472
9645.0	0.0005646606313039829
9645.25	0.0004464869953312842
9645.5	0.0005186998819997353
9645.75	0.0005384107896478767
9646.0	0.0005778211290333506
9646.25	0.0005449767751440389
9646.5	0.0004792929874912458
9646.75	0.0006565657365055157
9647.0	0.0006237685984683072
9647.25	0.0005909386709874965
9647.5	0.0005909386709874965
9647.75	0.0005975195746417752
9648.0	0.0005712407144990102
9648.25	0.0006631479497389837
9648.5	0.0005449631665651119
9648.75	0.0005975046564836587
9649.0	0.0006828624653040891
9649.25	0.0007025253366408762
9649.5	0.0006631479497389837
9649.75	0.0007353903466437089
9650.0	0.0007747669130863501
9650.25	0.0007353536258328613
9650.5	0.0006894284508002511
9650.75	0.0007813522424871667
9651.0	0.0008273141409603015
9651.25	0.0007419192826193875
9651.5	0.001011136479434094
9651.75	0.0009980546774212419
9652.0	0.0012147072694558036
9652.25	0.0010636896083034294
9652.5	0.0011227554427814602
9652.75	0.0012278085836726438
9653.0	0.0013131970466388812
9653.25	0.0013131970466388812
9653.5	0.0010833605133037181
9653.75	0.001280335152803397
9654.0	0.0013394609886235296
9654.25	0.0011884136541949017
9654.5	0.0014050857584334516
9654.75	0.0012015752984634795
9655.0	0.001372290913474663
9655.25	0.001221242761216461
9655.5	0.0015101766036347134
9655.75	0.001109651504146887
9656.0	0.0013919888699631495
9656.25	0.001457612327564205
9656.5	0.0015496112070506722
9656.75	0.0016940241922678986
9657.0	0.0015955344124551438
9657.25	0.0018252983193685088
9657.5	0.001851607836286758
9657.75	0.0017661618307264952
9658.0	0.0017531180591036804
9658.25	0.0017071561606305456
9658.5	0.0016808922212755743
9658.75	0.0014970820135021858
9659.0	0.0014379148628253337
9659.25	0.0013065984373687735
9659.5	0.0013000975390102002
9659.75	0.0010177277124599716
9660.0	0.0011293212626079657
9660.25	0.0011227554427814602
9660.5	0.0008863858738040393
9660.75	0.0008601440658114349
9661.0	0.0007353719862382851
9661.25	0.0006303345839644693
9661.5	0.0006369005668309543
9661.75	0.0006369005668309543
9662.0	0.0006434665523271164
9662.25	0.0006697137721951665
9662.5	0.0005580948114774773
9662.75	0.0004858829083082569
9663.0	0.0005055808621670662
9663.25	0.0005383973467386063
9663.5	0.0006171872030644132
9663.75	0.0005843580960428539
9664.0	0.0006500163074562955
9664.25	0.00045305298082744635
9664.5	0.00043334420584742266
9664.75	0.00046618495181977054
9665.0	0.0005252788186555525
9665.25	0.0005055808621670662
9665.5	0.00045304167058629364
9665.75	0.00044647584813011095
9666.0	0.000407080921282046
9666.25	0.00034799721814820665
9666.5	0.0004136467411085517
9666.75	0.00041365707048015074
9667.0	0.0004990148793005811
9667.25	0.00041365707048015074
9667.5	0.000367685991804304
9667.75	0.000407080921282046
9668.0	0.00038739312849550225
9668.25	0.00042022305597631284
9668.5	0.0003151672906673961
9668.75	0.0003873737845908478
9669.0	0.0004136467411085517
9669.25	0.00034798852969511007
9669.5	0.00030202778039086246
9669.75	0.0003676951720070159
9670.0	0.00040709108498398865
9670.25	0.00038082714299934016
9670.5	0.0003414227072389274
9670.75	0.00030860130517123397
9671.0	0.00022324349792860983
9671.25	0.0003282992616597203
9671.5	0.00030859360021736807
9671.75	0.0002954619579346797
9672.0	0.0002889033513124247
9672.25	0.00031515155467970544
9672.5	0.00041363641436662965
9672.75	0.00022324349792860983
9673.0	0.0003217332761635582
9673.25	0.00036111115481506594
9673.5	0.0003676951720070159
9673.75	0.00023637546839499864
9674.0	0.00036113820630326337
9674.25	0.0003282992616597203
9674.5	0.0003217332761635582
9674.75	0.00030859360021736807
9675.0	0.0003151672906673961
9675.25	0.00035454549802853974
9675.5	0.00034798852969511007
9675.75	0.0002757782648147151
9676.0	0.000334848525039284
9676.25	0.00030202778039086246
9676.5	0.00037426115750317806
9676.75	0.0002757576087011941
9677.0	0.0003282992616597203
9677.25	0.00030860130517123397
9677.5	0.00022980948316180422
9677.75	0.0003414227072389274
9678.0	0.0003282992616597203
9678.25	0.00026919867336930314
9678.5	0.00028233031565199143
9678.75	0.00032828286825275783
9679.0	0.00026920539482393836
9679.25	0.00030859360021736807
9679.5	0.0003611291891405309
9679.75	0.0002954693368085868
9680.0	0.00026262629460220625
9680.25	0.00030202778039086246
9680.5	0.00032174130982706
9680.75	0.0002691919519146679
9681.0	0.00030858589526350217
9681.25	0.0003348736095290202
9681.5	0.0003217332761635582
9681.75	0.0002823373658162626
9682.0	0.0002889033513124247
9682.25	0.00026919867336930314
9682.5	0.0002035404601150876
9682.75	0.00024950743912435515
9683.0	0.0001510138899324635
9683.25	0.000262639409590744
9683.5	0.00024950743912435515
9683.75	0.00022324349792860983
9684.0	0.00022980374546936736
9684.25	0.0002757576087011941
9684.5	0.00024950120915636753
9684.75	0.000262639409590744
9685.0	0.0002954767130528168
9685.25	0.00024950743912435515
9685.5	0.00022980948316180422
9685.75	0.00018384758652944337
9686.0	0.00028233031565199143
9686.25	0.00027576449319580875
9686.5	0.00023636956661071153
9686.75	0.00024294145389116073
9687.0	0.00022980948316180422
9687.25	0.0002429293224018537
9687.5	0.0002560798181544197
9687.75	0.00021667751269541542
9688.0	0.0003020353196750718
9688.25	0.00025607342435754953
9688.5	0.0002954693368085868
9688.75	0.0003020353196750718
9689.0	0.00022980948316180422
9689.25	0.0003151672906673961
9689.5	0.0003545720551374448
9689.75	0.0003217332761635582
9690.0	0.00026919867336930314
9690.25	0.00024950120915636753
9690.5	0.00022323235046446888
9690.75	0.00019697955699583217
9691.0	0.0003020353196750718
9691.25	0.00022323792406505548
9691.5	0.00028233031565199143
9691.75	0.0001969697209516547
9692.0	0.0002757713803201005
9692.25	0.00019697463897374342
9692.5	0.0002757713803201005
9692.75	0.0002888961381081741
9693.0	0.0003020353196750718
9693.25	0.0002035455422290266
9693.5	0.00024294145389116073
9693.75	0.0003217252425000564
9694.0	0.0002429293224018537
9694.25	0.0002035455422290266
9694.5	0.0002035404601150876
9694.75	0.0002888889249039236
9695.0	0.00024950120915636753
9695.25	0.00021667751269541542
9695.5	0.00025607342435754953
9695.75	0.00030202778039086246
9696.0	0.000210111527462221
9696.25	0.00022323235046446888
9696.5	0.000262639409590744
9696.75	0.00022980948316180422
9697.0	0.00019697955699583217
9697.25	0.00025607342435754953
9697.5	0.00024294145389116073
9697.75	0.00024294145389116073
9698.0	0.00017728160129624896
9698.25	0.0002888961381081741
9698.5	0.0001838429961651197
9698.75	0.0003020353196750718
9699.0	0.00019697955699583217
9699.25	0.00022323235046446888
9699.5	0.00019697955699583217
9699.75	0.00024293538801502338
9700.0	0.0002757576087011941
