0.1m ZnCl2 in capillary, redone for longer time
k beta - VTC XES
Pd X-ray tube.  At 35 kV and 2.8 mA.  Ge 555 optic. 
***************************
Energy_(eV)	theta_(deg)	source_(ustep)	detect_(ustep)	ROI_counts	total_counts	real_time	live_time	cnts_per_live	ICR_(cnts/sec)	OCR_(cnts/sec)
9.55000000E+3	8.39082055E+1	-1.30004000E+5	-9.84830000E+4	3.90000000E+1	5.32100000E+3	6.05000000E+0	6.04600000E+0	6.45054582E+0	8.23966942E+2	8.79504132E+2
9.55025000E+3	8.38949558E+1	-1.31163000E+5	-9.96450000E+4	3.50000000E+1	5.25600000E+3	6.05100000E+0	6.04700000E+0	5.78799405E+0	8.13584531E+2	8.68616758E+2
9.55050000E+3	8.38817338E+1	-1.32318000E+5	-1.00804000E+5	4.70000000E+1	5.27800000E+3	6.04900000E+0	6.04500000E+0	7.77502068E+0	8.26252273E+2	8.72540916E+2
9.55075000E+3	8.38685393E+1	-1.33472000E+5	-1.01961000E+5	3.80000000E+1	5.48500000E+3	6.05000000E+0	6.04700000E+0	6.28410782E+0	8.47768595E+2	9.06611570E+2
9.55100000E+3	8.38553722E+1	-1.34623000E+5	-1.03115000E+5	3.80000000E+1	5.33500000E+3	6.04900000E+0	6.04600000E+0	6.28514720E+0	8.25260374E+2	8.81963961E+2
9.55125000E+3	8.38422322E+1	-1.35771000E+5	-1.04266000E+5	4.30000000E+1	5.41900000E+3	6.05000000E+0	6.04700000E+0	7.11096411E+0	8.40000000E+2	8.95702479E+2
9.55150000E+3	8.38291192E+1	-1.36917000E+5	-1.05415000E+5	3.90000000E+1	5.35400000E+3	6.05200000E+0	6.04900000E+0	6.44734667E+0	8.34765367E+2	8.84666226E+2
9.55175000E+3	8.38160331E+1	-1.38060000E+5	-1.06562000E+5	4.50000000E+1	5.45000000E+3	6.05000000E+0	6.04600000E+0	7.44293748E+0	8.47933884E+2	9.00826446E+2
9.55200000E+3	8.38029737E+1	-1.39201000E+5	-1.07706000E+5	3.80000000E+1	5.44200000E+3	6.04900000E+0	6.04500000E+0	6.28618693E+0	8.44933047E+2	8.99652835E+2
9.55225000E+3	8.37899407E+1	-1.40340000E+5	-1.08848000E+5	3.30000000E+1	5.64500000E+3	6.05100000E+0	6.04800000E+0	5.45634921E+0	8.74070402E+2	9.32903652E+2
9.55250000E+3	8.37769342E+1	-1.41476000E+5	-1.09987000E+5	4.50000000E+1	5.42600000E+3	6.04900000E+0	6.04600000E+0	7.44293748E+0	8.44271780E+2	8.97007770E+2
9.55275000E+3	8.37639539E+1	-1.42609000E+5	-1.11124000E+5	3.40000000E+1	5.68100000E+3	6.04900000E+0	6.04600000E+0	5.62355276E+0	8.86758142E+2	9.39163498E+2
9.55300000E+3	8.37509996E+1	-1.43741000E+5	-1.12259000E+5	3.90000000E+1	5.70000000E+3	6.05100000E+0	6.04700000E+0	6.44947908E+0	8.90927119E+2	9.41993059E+2
9.55325000E+3	8.37380712E+1	-1.44869000E+5	-1.13391000E+5	4.00000000E+1	5.64500000E+3	6.05000000E+0	6.04700000E+0	6.61485034E+0	8.80661157E+2	9.33057851E+2
9.55350000E+3	8.37251686E+1	-1.45996000E+5	-1.14521000E+5	5.00000000E+1	5.66700000E+3	6.04900000E+0	6.04600000E+0	8.26993053E+0	8.77996363E+2	9.36849066E+2
9.55375000E+3	8.37122916E+1	-1.47120000E+5	-1.15648000E+5	3.80000000E+1	5.52100000E+3	6.05000000E+0	6.04700000E+0	6.28410782E+0	8.57685950E+2	9.12561983E+2
9.55400000E+3	8.36994401E+1	-1.48242000E+5	-1.16773000E+5	4.50000000E+1	5.65200000E+3	6.04900000E+0	6.04600000E+0	7.44293748E+0	8.76343197E+2	9.34369317E+2
9.55425000E+3	8.36866138E+1	-1.49361000E+5	-1.17896000E+5	4.80000000E+1	5.75800000E+3	6.04800000E+0	6.04500000E+0	7.94044665E+0	8.95502646E+2	9.52050265E+2
9.55450000E+3	8.36738128E+1	-1.50479000E+5	-1.19016000E+5	4.20000000E+1	5.80500000E+3	6.04900000E+0	6.04600000E+0	6.94674165E+0	9.01140684E+2	9.59662754E+2
9.55475000E+3	8.36610367E+1	-1.51594000E+5	-1.20134000E+5	4.00000000E+1	5.62900000E+3	6.05000000E+0	6.04700000E+0	6.61485034E+0	8.76363636E+2	9.30413223E+2
9.55500000E+3	8.36482855E+1	-1.52706000E+5	-1.21250000E+5	4.10000000E+1	5.80200000E+3	6.05000000E+0	6.04600000E+0	6.78134304E+0	9.01983471E+2	9.59008264E+2
9.55525000E+3	8.36355591E+1	-1.53816000E+5	-1.22364000E+5	4.00000000E+1	5.71600000E+3	6.05100000E+0	6.04700000E+0	6.61485034E+0	8.89605024E+2	9.44637250E+2
9.55550000E+3	8.36228572E+1	-1.54924000E+5	-1.23475000E+5	3.90000000E+1	5.55700000E+3	6.04900000E+0	6.04600000E+0	6.45054582E+0	8.62291288E+2	9.18664242E+2
9.55575000E+3	8.36101798E+1	-1.56030000E+5	-1.24584000E+5	4.40000000E+1	5.84000000E+3	6.04900000E+0	6.04600000E+0	7.27753887E+0	9.03620433E+2	9.65448835E+2
9.55600000E+3	8.35975267E+1	-1.57134000E+5	-1.25691000E+5	4.60000000E+1	5.77100000E+3	6.04900000E+0	6.04500000E+0	7.60959471E+0	8.95519921E+2	9.54041990E+2
9.55625000E+3	8.35848978E+1	-1.58235000E+5	-1.26795000E+5	5.40000000E+1	5.84000000E+3	6.05100000E+0	6.04700000E+0	8.93004796E+0	9.05470170E+2	9.65129731E+2
9.55650000E+3	8.35722930E+1	-1.59334000E+5	-1.27898000E+5	4.50000000E+1	5.61900000E+3	6.04900000E+0	6.04600000E+0	7.44293748E+0	8.76012564E+2	9.28913870E+2
9.55675000E+3	8.35597120E+1	-1.60431000E+5	-1.28998000E+5	4.30000000E+1	5.83200000E+3	6.04900000E+0	6.04500000E+0	7.11331679E+0	9.08249297E+2	9.64126302E+2
9.55700000E+3	8.35471549E+1	-1.61526000E+5	-1.30096000E+5	3.90000000E+1	5.78900000E+3	6.05000000E+0	6.04600000E+0	6.45054582E+0	8.97190083E+2	9.56859504E+2
9.55725000E+3	8.35346214E+1	-1.62618000E+5	-1.31192000E+5	4.80000000E+1	5.81400000E+3	6.05100000E+0	6.04700000E+0	7.93782041E+0	9.00181788E+2	9.60832920E+2
9.55750000E+3	8.35221114E+1	-1.63709000E+5	-1.32285000E+5	5.50000000E+1	5.80100000E+3	6.04900000E+0	6.04600000E+0	9.09692359E+0	8.95023971E+2	9.59001488E+2
9.55775000E+3	8.35096248E+1	-1.64797000E+5	-1.33377000E+5	3.90000000E+1	5.60500000E+3	6.04900000E+0	6.04600000E+0	6.45054582E+0	8.74359398E+2	9.26599438E+2
9.55800000E+3	8.34971614E+1	-1.65883000E+5	-1.34466000E+5	5.00000000E+1	5.79700000E+3	6.05000000E+0	6.04600000E+0	8.26993053E+0	8.98677686E+2	9.58181818E+2
9.55825000E+3	8.34847212E+1	-1.66967000E+5	-1.35553000E+5	5.50000000E+1	5.84900000E+3	6.05000000E+0	6.04600000E+0	9.09692359E+0	9.10413223E+2	9.66776860E+2
9.55850000E+3	8.34723040E+1	-1.68049000E+5	-1.36638000E+5	4.50000000E+1	5.61800000E+3	6.05000000E+0	6.04600000E+0	7.44293748E+0	8.70247934E+2	9.28595041E+2
9.55875000E+3	8.34599097E+1	-1.69129000E+5	-1.37721000E+5	4.10000000E+1	5.74800000E+3	6.04800000E+0	6.04400000E+0	6.78358703E+0	8.97652116E+2	9.50396825E+2
9.55900000E+3	8.34475382E+1	-1.70206000E+5	-1.38802000E+5	6.30000000E+1	5.78800000E+3	6.05200000E+0	6.04900000E+0	1.04149446E+1	8.92762723E+2	9.56378057E+2
9.55925000E+3	8.34351893E+1	-1.71282000E+5	-1.39881000E+5	5.30000000E+1	5.80700000E+3	6.05200000E+0	6.04800000E+0	8.76322751E+0	9.03007270E+2	9.59517515E+2
9.55950000E+3	8.34228629E+1	-1.72355000E+5	-1.40958000E+5	4.00000000E+1	5.71200000E+3	6.05000000E+0	6.04700000E+0	6.61485034E+0	8.83801653E+2	9.44132231E+2
9.55975000E+3	8.34105589E+1	-1.73427000E+5	-1.42032000E+5	5.10000000E+1	5.74000000E+3	6.05100000E+0	6.04800000E+0	8.43253968E+0	8.83490332E+2	9.48603537E+2
9.56000000E+3	8.33982772E+1	-1.74496000E+5	-1.43105000E+5	4.40000000E+1	5.74600000E+3	6.04900000E+0	6.04600000E+0	7.27753887E+0	8.95850554E+2	9.49909076E+2
9.56025000E+3	8.33860176E+1	-1.75563000E+5	-1.44176000E+5	5.30000000E+1	5.66600000E+3	6.05000000E+0	6.04700000E+0	8.76467670E+0	8.88264463E+2	9.36528926E+2
9.56050000E+3	8.33737801E+1	-1.76629000E+5	-1.45244000E+5	3.70000000E+1	5.76200000E+3	6.05000000E+0	6.04600000E+0	6.11974859E+0	8.94214876E+2	9.52396694E+2
9.56075000E+3	8.33615646E+1	-1.77692000E+5	-1.46311000E+5	4.40000000E+1	5.65300000E+3	6.04900000E+0	6.04600000E+0	7.27753887E+0	8.77335097E+2	9.34534634E+2
9.56100000E+3	8.33493708E+1	-1.78753000E+5	-1.47375000E+5	4.10000000E+1	5.64300000E+3	6.04900000E+0	6.04500000E+0	6.78246485E+0	8.79153579E+2	9.32881468E+2
9.56125000E+3	8.33371988E+1	-1.79812000E+5	-1.48438000E+5	5.10000000E+1	5.73200000E+3	6.04900000E+0	6.04500000E+0	8.43672457E+0	8.86923458E+2	9.47594644E+2
9.56150000E+3	8.33250483E+1	-1.80870000E+5	-1.49498000E+5	6.40000000E+1	5.80200000E+3	6.05000000E+0	6.04600000E+0	1.05855111E+1	9.00826446E+2	9.59008264E+2
9.56175000E+3	8.33129193E+1	-1.81925000E+5	-1.50557000E+5	4.80000000E+1	5.73400000E+3	6.05100000E+0	6.04700000E+0	7.93782041E+0	8.89274500E+2	9.47611965E+2
9.56200000E+3	8.33008117E+1	-1.82978000E+5	-1.51613000E+5	5.10000000E+1	5.70500000E+3	6.05000000E+0	6.04600000E+0	8.43532914E+0	8.81157025E+2	9.42975207E+2
9.56225000E+3	8.32887254E+1	-1.84030000E+5	-1.52668000E+5	5.70000000E+1	5.74000000E+3	6.05000000E+0	6.04600000E+0	9.42772081E+0	8.92066116E+2	9.48760331E+2
9.56250000E+3	8.32766602E+1	-1.85079000E+5	-1.53720000E+5	4.10000000E+1	5.55200000E+3	6.05000000E+0	6.04600000E+0	6.78134304E+0	8.66115702E+2	9.17685950E+2
9.56275000E+3	8.32646160E+1	-1.86126000E+5	-1.54771000E+5	5.00000000E+1	5.64100000E+3	6.05100000E+0	6.04800000E+0	8.26719577E+0	8.68286234E+2	9.32242605E+2
9.56300000E+3	8.32525928E+1	-1.87172000E+5	-1.55820000E+5	4.60000000E+1	5.57600000E+3	6.04900000E+0	6.04600000E+0	7.60833609E+0	8.65266986E+2	9.21805257E+2
9.56325000E+3	8.32405903E+1	-1.88215000E+5	-1.56867000E+5	5.10000000E+1	5.60400000E+3	6.05000000E+0	6.04700000E+0	8.43393418E+0	8.68264463E+2	9.26280992E+2
9.56350000E+3	8.32286087E+1	-1.89257000E+5	-1.57912000E+5	5.00000000E+1	5.58500000E+3	6.05000000E+0	6.04700000E+0	8.26856292E+0	8.66942149E+2	9.23140496E+2
9.56375000E+3	8.32166476E+1	-1.90297000E+5	-1.58955000E+5	5.40000000E+1	5.42700000E+3	6.04900000E+0	6.04600000E+0	8.93152498E+0	8.44933047E+2	8.97173086E+2
9.56400000E+3	8.32047071E+1	-1.91335000E+5	-1.59996000E+5	6.20000000E+1	5.45200000E+3	6.05000000E+0	6.04700000E+0	1.02530180E+1	8.48595041E+2	9.01157025E+2
9.56425000E+3	8.31927869E+1	-1.92371000E+5	-1.61035000E+5	6.50000000E+1	5.60300000E+3	6.05000000E+0	6.04700000E+0	1.07491318E+1	8.64628099E+2	9.26115702E+2
9.56450000E+3	8.31808871E+1	-1.93405000E+5	-1.62072000E+5	5.30000000E+1	5.39800000E+3	6.04900000E+0	6.04500000E+0	8.76757651E+0	8.42783931E+2	8.92378906E+2
9.56475000E+3	8.31690075E+1	-1.94437000E+5	-1.63108000E+5	6.60000000E+1	5.28700000E+3	6.05100000E+0	6.04700000E+0	1.09145031E+1	8.16559246E+2	8.73739878E+2
9.56500000E+3	8.31571480E+1	-1.95468000E+5	-1.64141000E+5	6.80000000E+1	5.44800000E+3	6.04900000E+0	6.04600000E+0	1.12471055E+1	8.41461399E+2	9.00644735E+2
9.56525000E+3	8.31453085E+1	-1.96496000E+5	-1.65173000E+5	7.80000000E+1	5.25200000E+3	6.05000000E+0	6.04600000E+0	1.29010916E+1	8.14545455E+2	8.68099174E+2
9.56550000E+3	8.31334889E+1	-1.97523000E+5	-1.66203000E+5	5.50000000E+1	5.29000000E+3	6.05000000E+0	6.04700000E+0	9.09541922E+0	8.21487603E+2	8.74380165E+2
9.56575000E+3	8.31216891E+1	-1.98548000E+5	-1.67231000E+5	5.90000000E+1	5.40200000E+3	6.04900000E+0	6.04600000E+0	9.75851803E+0	8.38155067E+2	8.93040172E+2
9.56600000E+3	8.31099091E+1	-1.99571000E+5	-1.68258000E+5	5.70000000E+1	5.43500000E+3	6.05000000E+0	6.04700000E+0	9.42616173E+0	8.41818182E+2	8.98347107E+2
9.56625000E+3	8.30981486E+1	-2.00592000E+5	-1.69282000E+5	6.70000000E+1	5.38800000E+3	6.04900000E+0	6.04600000E+0	1.10817069E+1	8.34352786E+2	8.90725740E+2
9.56650000E+3	8.30864077E+1	-2.01611000E+5	-1.70305000E+5	7.60000000E+1	5.21700000E+3	6.04900000E+0	6.04600000E+0	1.25702944E+1	8.02777319E+2	8.62456604E+2
9.56675000E+3	8.30746863E+1	-2.02629000E+5	-1.71326000E+5	6.90000000E+1	5.36100000E+3	6.05100000E+0	6.04700000E+0	1.14106168E+1	8.26970749E+2	8.85969261E+2
9.56700000E+3	8.30629841E+1	-2.03645000E+5	-1.72345000E+5	6.90000000E+1	5.21700000E+3	6.05000000E+0	6.04700000E+0	1.14106168E+1	8.10247934E+2	8.62314050E+2
9.56725000E+3	8.30513012E+1	-2.04659000E+5	-1.73362000E+5	8.20000000E+1	5.11800000E+3	6.05000000E+0	6.04600000E+0	1.35626861E+1	7.96528926E+2	8.45950413E+2
9.56750000E+3	8.30396375E+1	-2.05671000E+5	-1.74378000E+5	7.70000000E+1	5.16700000E+3	6.04900000E+0	6.04600000E+0	1.27356930E+1	7.98313771E+2	8.54190775E+2
9.56775000E+3	8.30279928E+1	-2.06682000E+5	-1.75391000E+5	7.70000000E+1	5.20300000E+3	6.04900000E+0	6.04600000E+0	1.27356930E+1	8.12200364E+2	8.60142172E+2
9.56800000E+3	8.30163671E+1	-2.07691000E+5	-1.76403000E+5	8.40000000E+1	5.15900000E+3	6.05000000E+0	6.04700000E+0	1.38911857E+1	7.96363636E+2	8.52727273E+2
9.56825000E+3	8.30047603E+1	-2.08698000E+5	-1.77414000E+5	9.80000000E+1	5.22200000E+3	6.05000000E+0	6.04700000E+0	1.62063833E+1	8.08429752E+2	8.63140496E+2
9.56850000E+3	8.29931723E+1	-2.09703000E+5	-1.78422000E+5	8.90000000E+1	5.21800000E+3	6.05000000E+0	6.04700000E+0	1.47180420E+1	8.16528926E+2	8.62479339E+2
9.56875000E+3	8.29816029E+1	-2.10707000E+5	-1.79429000E+5	9.00000000E+1	5.12700000E+3	6.04900000E+0	6.04600000E+0	1.48858750E+1	7.91866424E+2	8.47578112E+2
9.56900000E+3	8.29700522E+1	-2.11709000E+5	-1.80434000E+5	1.01000000E+2	5.02600000E+3	6.04900000E+0	6.04600000E+0	1.67052597E+1	7.79632997E+2	8.30881137E+2
9.56925000E+3	8.29585201E+1	-2.12709000E+5	-1.81438000E+5	1.13000000E+2	5.07300000E+3	6.05000000E+0	6.04700000E+0	1.86869522E+1	7.86115702E+2	8.38512397E+2
9.56950000E+3	8.29470063E+1	-2.13707000E+5	-1.82439000E+5	1.23000000E+2	5.08600000E+3	6.05100000E+0	6.04700000E+0	2.03406648E+1	7.87638407E+2	8.40522228E+2
9.56975000E+3	8.29355109E+1	-2.14704000E+5	-1.83439000E+5	1.16000000E+2	5.08000000E+3	6.04900000E+0	6.04600000E+0	1.91862388E+1	7.88394776E+2	8.39808233E+2
9.57000000E+3	8.29240338E+1	-2.15699000E+5	-1.84438000E+5	1.16000000E+2	5.06700000E+3	6.04900000E+0	6.04600000E+0	1.91862388E+1	7.83435279E+2	8.37659117E+2
9.57025000E+3	8.29125749E+1	-2.16692000E+5	-1.85434000E+5	1.39000000E+2	5.01800000E+3	6.04900000E+0	6.04600000E+0	2.29904069E+1	7.82112746E+2	8.29558605E+2
9.57050000E+3	8.29011341E+1	-2.17684000E+5	-1.86429000E+5	1.23000000E+2	5.22600000E+3	6.05000000E+0	6.04700000E+0	2.03406648E+1	8.11570248E+2	8.63801653E+2
9.57075000E+3	8.28897112E+1	-2.18674000E+5	-1.87422000E+5	1.43000000E+2	4.98900000E+3	6.05200000E+0	6.04900000E+0	2.36402711E+1	7.75280899E+2	8.24355585E+2
9.57100000E+3	8.28783064E+1	-2.19662000E+5	-1.88414000E+5	1.22000000E+2	4.92900000E+3	6.05100000E+0	6.04800000E+0	2.01719577E+1	7.65989093E+2	8.14576103E+2
9.57125000E+3	8.28669194E+1	-2.20649000E+5	-1.89404000E+5	1.76000000E+2	5.16200000E+3	6.05000000E+0	6.04700000E+0	2.91053415E+1	7.96859504E+2	8.53223140E+2
9.57150000E+3	8.28555501E+1	-2.21634000E+5	-1.90392000E+5	1.39000000E+2	5.02500000E+3	6.05100000E+0	6.04800000E+0	2.29828042E+1	7.79540572E+2	8.30441249E+2
9.57175000E+3	8.28441986E+1	-2.22618000E+5	-1.91379000E+5	1.59000000E+2	5.07700000E+3	6.04800000E+0	6.04500000E+0	2.63027295E+1	7.89186508E+2	8.39451058E+2
9.57200000E+3	8.28328646E+1	-2.23599000E+5	-1.92364000E+5	1.65000000E+2	4.97400000E+3	6.04900000E+0	6.04600000E+0	2.72907708E+1	7.72855017E+2	8.22284675E+2
9.57225000E+3	8.28215482E+1	-2.24580000E+5	-1.93347000E+5	1.81000000E+2	5.16300000E+3	6.05000000E+0	6.04700000E+0	2.99321978E+1	7.94049587E+2	8.53388430E+2
9.57250000E+3	8.28102493E+1	-2.25558000E+5	-1.94329000E+5	2.04000000E+2	5.04500000E+3	6.05000000E+0	6.04700000E+0	3.37357367E+1	7.77851240E+2	8.33884298E+2
9.57275000E+3	8.27989677E+1	-2.26535000E+5	-1.95309000E+5	1.94000000E+2	5.02800000E+3	6.04900000E+0	6.04500000E+0	3.20926385E+1	7.80790213E+2	8.31211771E+2
9.57300000E+3	8.27877034E+1	-2.27511000E+5	-1.96288000E+5	2.09000000E+2	5.16000000E+3	6.05000000E+0	6.04700000E+0	3.45625930E+1	7.96859504E+2	8.52892562E+2
9.57325000E+3	8.27764564E+1	-2.28484000E+5	-1.97265000E+5	2.32000000E+2	4.88900000E+3	6.04900000E+0	6.04600000E+0	3.83724777E+1	7.61282857E+2	8.08232766E+2
9.57350000E+3	8.27652265E+1	-2.29456000E+5	-1.98240000E+5	2.20000000E+2	4.92000000E+3	6.05100000E+0	6.04800000E+0	3.63756614E+1	7.65658569E+2	8.13088746E+2
9.57375000E+3	8.27540136E+1	-2.30427000E+5	-1.99214000E+5	2.34000000E+2	5.05500000E+3	6.04900000E+0	6.04600000E+0	3.87032749E+1	7.84592495E+2	8.35675318E+2
9.57400000E+3	8.27428178E+1	-2.31396000E+5	-2.00187000E+5	2.79000000E+2	5.01600000E+3	6.05000000E+0	6.04700000E+0	4.61385811E+1	7.76363636E+2	8.29090909E+2
9.57425000E+3	8.27316388E+1	-2.32364000E+5	-2.01157000E+5	2.65000000E+2	5.06700000E+3	6.04900000E+0	6.04600000E+0	4.38306318E+1	7.82112746E+2	8.37659117E+2
9.57450000E+3	8.27204768E+1	-2.33329000E+5	-2.02126000E+5	3.09000000E+2	5.10300000E+3	6.05000000E+0	6.04700000E+0	5.10997189E+1	7.94545455E+2	8.43471074E+2
9.57475000E+3	8.27093314E+1	-2.34294000E+5	-2.03094000E+5	3.71000000E+2	5.06000000E+3	6.04900000E+0	6.04600000E+0	6.13628846E+1	7.87733510E+2	8.36501901E+2
9.57500000E+3	8.26982028E+1	-2.35257000E+5	-2.04060000E+5	4.02000000E+2	5.10800000E+3	6.04900000E+0	6.04600000E+0	6.64902415E+1	7.92527691E+2	8.44437097E+2
9.57525000E+3	8.26870908E+1	-2.36218000E+5	-2.05024000E+5	4.26000000E+2	5.27300000E+3	6.04900000E+0	6.04600000E+0	7.04598081E+1	8.23276575E+2	8.71714333E+2
9.57550000E+3	8.26759954E+1	-2.37178000E+5	-2.05987000E+5	4.74000000E+2	5.01600000E+3	6.05100000E+0	6.04800000E+0	7.83730159E+1	7.74417452E+2	8.28953892E+2
9.57575000E+3	8.26649164E+1	-2.38136000E+5	-2.06949000E+5	5.17000000E+2	5.01600000E+3	6.05000000E+0	6.04700000E+0	8.54969406E+1	7.81322314E+2	8.29090909E+2
9.57600000E+3	8.26538539E+1	-2.39092000E+5	-2.07909000E+5	5.43000000E+2	5.19900000E+3	6.05000000E+0	6.04700000E+0	8.97965934E+1	8.08760331E+2	8.59338843E+2
9.57625000E+3	8.26428077E+1	-2.40048000E+5	-2.08867000E+5	6.22000000E+2	5.34400000E+3	6.05100000E+0	6.04800000E+0	1.02843915E+2	8.28458106E+2	8.83159808E+2
9.57650000E+3	8.26317777E+1	-2.41001000E+5	-2.09824000E+5	6.23000000E+2	5.19900000E+3	6.04900000E+0	6.04600000E+0	1.03043334E+2	8.07571499E+2	8.59480906E+2
9.57675000E+3	8.26207640E+1	-2.41953000E+5	-2.10779000E+5	6.30000000E+2	5.07600000E+3	6.04900000E+0	6.04600000E+0	1.04201125E+2	7.88560093E+2	8.39146966E+2
9.57700000E+3	8.26097663E+1	-2.42904000E+5	-2.11733000E+5	7.00000000E+2	5.40400000E+3	6.04900000E+0	6.04600000E+0	1.15779027E+2	8.39312283E+2	8.93370805E+2
9.57725000E+3	8.25987848E+1	-2.43853000E+5	-2.12686000E+5	6.86000000E+2	5.33200000E+3	6.05000000E+0	6.04700000E+0	1.13444683E+2	8.37024793E+2	8.81322314E+2
9.57750000E+3	8.25878192E+1	-2.44801000E+5	-2.13637000E+5	7.66000000E+2	5.44900000E+3	6.05000000E+0	6.04700000E+0	1.26674384E+2	8.45619835E+2	9.00661157E+2
9.57775000E+3	8.25768696E+1	-2.45747000E+5	-2.14586000E+5	7.67000000E+2	5.36700000E+3	6.04900000E+0	6.04500000E+0	1.26881720E+2	8.38981650E+2	8.87254092E+2
9.57800000E+3	8.25659358E+1	-2.46692000E+5	-2.15534000E+5	7.21000000E+2	5.41400000E+3	6.04900000E+0	6.04600000E+0	1.19252398E+2	8.46090263E+2	8.95023971E+2
9.57825000E+3	8.25550178E+1	-2.47635000E+5	-2.16481000E+5	7.89000000E+2	5.35100000E+3	6.05000000E+0	6.04600000E+0	1.30499504E+2	8.35537190E+2	8.84462810E+2
9.57850000E+3	8.25441156E+1	-2.48577000E+5	-2.17426000E+5	8.40000000E+2	5.40100000E+3	6.05000000E+0	6.04600000E+0	1.38934833E+2	8.43471074E+2	8.92727273E+2
9.57875000E+3	8.25332290E+1	-2.49517000E+5	-2.18369000E+5	9.04000000E+2	5.39500000E+3	6.05000000E+0	6.04700000E+0	1.49495618E+2	8.39338843E+2	8.91735537E+2
9.57900000E+3	8.25223580E+1	-2.50456000E+5	-2.19311000E+5	8.37000000E+2	5.33200000E+3	6.04900000E+0	6.04600000E+0	1.38438637E+2	8.36005951E+2	8.81468011E+2
9.57925000E+3	8.25115025E+1	-2.51394000E+5	-2.20252000E+5	9.09000000E+2	5.30100000E+3	6.04900000E+0	6.04600000E+0	1.50347337E+2	8.33691519E+2	8.76343197E+2
9.57950000E+3	8.25006625E+1	-2.52330000E+5	-2.21191000E+5	9.55000000E+2	5.38500000E+3	6.05100000E+0	6.04700000E+0	1.57929552E+2	8.43331681E+2	8.89935548E+2
9.57975000E+3	8.24898379E+1	-2.53264000E+5	-2.22129000E+5	9.50000000E+2	5.31400000E+3	6.05000000E+0	6.04700000E+0	1.57102696E+2	8.35867769E+2	8.78347107E+2
9.58000000E+3	8.24790286E+1	-2.54197000E+5	-2.23066000E+5	9.37000000E+2	5.38500000E+3	6.04900000E+0	6.04600000E+0	1.54978498E+2	8.47412796E+2	8.90229790E+2
9.58025000E+3	8.24682346E+1	-2.55129000E+5	-2.24001000E+5	9.03000000E+2	5.39700000E+3	6.05000000E+0	6.04700000E+0	1.49330246E+2	8.45289256E+2	8.92066116E+2
9.58050000E+3	8.24574558E+1	-2.56059000E+5	-2.24934000E+5	8.68000000E+2	5.37500000E+3	6.05000000E+0	6.04600000E+0	1.43565994E+2	8.35867769E+2	8.88429752E+2
9.58075000E+3	8.24466922E+1	-2.56988000E+5	-2.25866000E+5	7.46000000E+2	5.46900000E+3	6.05000000E+0	6.04700000E+0	1.23366959E+2	8.51570248E+2	9.03966942E+2
9.58100000E+3	8.24359437E+1	-2.57916000E+5	-2.26797000E+5	7.60000000E+2	5.85300000E+3	6.05000000E+0	6.04700000E+0	1.25682156E+2	9.11735537E+2	9.67438017E+2
9.58125000E+3	8.24252101E+1	-2.58842000E+5	-2.27726000E+5	6.65000000E+2	6.00900000E+3	6.05000000E+0	6.04600000E+0	1.09990076E+2	9.42809917E+2	9.93223140E+2
9.58150000E+3	8.24144916E+1	-2.59767000E+5	-2.28654000E+5	6.17000000E+2	6.17100000E+3	6.05100000E+0	6.04700000E+0	1.02034066E+2	9.59510825E+2	1.01983143E+3
9.58175000E+3	8.24037880E+1	-2.60690000E+5	-2.29581000E+5	5.60000000E+2	6.53400000E+3	6.05000000E+0	6.04600000E+0	9.26232220E+1	1.02198347E+3	1.08000000E+3
9.58200000E+3	8.23930992E+1	-2.61612000E+5	-2.30506000E+5	5.57000000E+2	6.88300000E+3	6.05100000E+0	6.04700000E+0	9.21117910E+1	1.07701206E+3	1.13749793E+3
9.58225000E+3	8.23824251E+1	-2.62533000E+5	-2.31430000E+5	4.93000000E+2	6.93600000E+3	6.05000000E+0	6.04600000E+0	8.15415151E+1	1.07355372E+3	1.14644628E+3
9.58250000E+3	8.23717659E+1	-2.63452000E+5	-2.32353000E+5	4.38000000E+2	6.25600000E+3	6.04900000E+0	6.04500000E+0	7.24565757E+1	9.79996694E+2	1.03422053E+3
9.58275000E+3	8.23611212E+1	-2.64370000E+5	-2.33274000E+5	4.13000000E+2	4.57600000E+3	6.04900000E+0	6.04700000E+0	6.82983298E+1	7.09538767E+2	7.56488676E+2
9.58300000E+3	8.23504912E+1	-2.65287000E+5	-2.34193000E+5	3.99000000E+2	2.62600000E+3	6.04900000E+0	6.04800000E+0	6.59722222E+1	4.05025624E+2	4.34121342E+2
9.58325000E+3	8.23398758E+1	-2.66202000E+5	-2.35112000E+5	3.67000000E+2	1.68100000E+3	6.05100000E+0	6.05000000E+0	6.06611570E+1	2.60618080E+2	2.77805321E+2
9.58350000E+3	8.23292748E+1	-2.67116000E+5	-2.36029000E+5	3.12000000E+2	1.28300000E+3	6.05100000E+0	6.05100000E+0	5.15617253E+1	1.96661709E+2	2.12031069E+2
9.58375000E+3	8.23186883E+1	-2.68028000E+5	-2.36945000E+5	3.00000000E+2	1.19400000E+3	6.05000000E+0	6.04900000E+0	4.95949744E+1	1.82644628E+2	1.97355372E+2
9.58400000E+3	8.23081161E+1	-2.68939000E+5	-2.37859000E+5	2.77000000E+2	1.17300000E+3	6.05000000E+0	6.05000000E+0	4.57851240E+1	1.79173554E+2	1.93884298E+2
9.58425000E+3	8.22975583E+1	-2.69849000E+5	-2.38772000E+5	2.36000000E+2	1.12100000E+3	6.04900000E+0	6.04800000E+0	3.90211640E+1	1.69449496E+2	1.85319888E+2
9.58450000E+3	8.22870147E+1	-2.70757000E+5	-2.39684000E+5	2.72000000E+2	1.19800000E+3	6.04900000E+0	6.04900000E+0	4.49661101E+1	1.82178873E+2	1.98049264E+2
9.58475000E+3	8.22764854E+1	-2.71665000E+5	-2.40594000E+5	2.53000000E+2	1.20100000E+3	6.04900000E+0	6.04900000E+0	4.18250951E+1	1.85981154E+2	1.98545214E+2
9.58500000E+3	8.22659702E+1	-2.72571000E+5	-2.41503000E+5	2.41000000E+2	1.16100000E+3	6.04900000E+0	6.04900000E+0	3.98412961E+1	1.75896842E+2	1.91932551E+2
9.58525000E+3	8.22554691E+1	-2.73475000E+5	-2.42411000E+5	2.16000000E+2	1.19000000E+3	6.04900000E+0	6.04900000E+0	3.57083816E+1	1.84658621E+2	1.96726732E+2
9.58550000E+3	8.22449820E+1	-2.74378000E+5	-2.43318000E+5	2.04000000E+2	1.16500000E+3	6.04900000E+0	6.04800000E+0	3.37301587E+1	1.75235576E+2	1.92593817E+2
9.58575000E+3	8.22345090E+1	-2.75280000E+5	-2.44223000E+5	1.73000000E+2	1.07800000E+3	6.05000000E+0	6.04900000E+0	2.85997686E+1	1.62314050E+2	1.78181818E+2
9.58600000E+3	8.22240498E+1	-2.76181000E+5	-2.45127000E+5	2.08000000E+2	1.20900000E+3	6.05000000E+0	6.05000000E+0	3.43801653E+1	1.83471074E+2	1.99834711E+2
9.58625000E+3	8.22136046E+1	-2.77080000E+5	-2.46029000E+5	1.67000000E+2	1.15300000E+3	6.05000000E+0	6.04900000E+0	2.76078691E+1	1.74049587E+2	1.90578512E+2
9.58650000E+3	8.22031732E+1	-2.77978000E+5	-2.46930000E+5	1.58000000E+2	1.13100000E+3	6.05000000E+0	6.05000000E+0	2.61157025E+1	1.71074380E+2	1.86942149E+2
9.58675000E+3	8.21927555E+1	-2.78875000E+5	-2.47830000E+5	1.57000000E+2	1.25400000E+3	6.05000000E+0	6.05000000E+0	2.59504132E+1	1.89421488E+2	2.07272727E+2
9.58700000E+3	8.21823516E+1	-2.79771000E+5	-2.48729000E+5	1.35000000E+2	1.16700000E+3	6.04900000E+0	6.04900000E+0	2.23177385E+1	1.75566209E+2	1.92924450E+2
9.58725000E+3	8.21719614E+1	-2.80665000E+5	-2.49627000E+5	1.30000000E+2	1.27700000E+3	6.04900000E+0	6.04900000E+0	2.14911556E+1	1.91932551E+2	2.11109274E+2
9.58750000E+3	8.21615847E+1	-2.81558000E+5	-2.50523000E+5	1.33000000E+2	1.26600000E+3	6.05100000E+0	6.05000000E+0	2.19834711E+1	1.93686994E+2	2.09221616E+2
9.58775000E+3	8.21512217E+1	-2.82450000E+5	-2.51418000E+5	1.12000000E+2	1.31300000E+3	6.04900000E+0	6.04800000E+0	1.85185185E+1	1.96892048E+2	2.17060671E+2
9.58800000E+3	8.21408721E+1	-2.83340000E+5	-2.52312000E+5	1.15000000E+2	1.32400000E+3	6.04900000E+0	6.04900000E+0	1.90114068E+1	1.98049264E+2	2.18879154E+2
9.58825000E+3	8.21305361E+1	-2.84229000E+5	-2.53204000E+5	1.00000000E+2	1.46200000E+3	6.05100000E+0	6.05000000E+0	1.65289256E+1	2.24095191E+2	2.41612957E+2
9.58850000E+3	8.21202134E+1	-2.85117000E+5	-2.54095000E+5	9.60000000E+1	1.42300000E+3	6.05100000E+0	6.05000000E+0	1.58677686E+1	2.16162618E+2	2.35167741E+2
9.58875000E+3	8.21099041E+1	-2.86004000E+5	-2.54985000E+5	1.10000000E+2	1.49200000E+3	6.05100000E+0	6.05000000E+0	1.81818182E+1	2.30705668E+2	2.46570815E+2
9.58900000E+3	8.20996081E+1	-2.86889000E+5	-2.55874000E+5	9.50000000E+1	1.53800000E+3	6.05100000E+0	6.05000000E+0	1.57024793E+1	2.32193026E+2	2.54172864E+2
9.58925000E+3	8.20893254E+1	-2.87774000E+5	-2.56761000E+5	8.80000000E+1	1.56600000E+3	6.04900000E+0	6.04800000E+0	1.45502646E+1	2.38055877E+2	2.58885766E+2
9.58950000E+3	8.20790559E+1	-2.88657000E+5	-2.57647000E+5	8.30000000E+1	1.66400000E+3	6.04900000E+0	6.04900000E+0	1.37212762E+1	2.54587535E+2	2.75086791E+2
9.58975000E+3	8.20687996E+1	-2.89538000E+5	-2.58532000E+5	8.00000000E+1	1.80200000E+3	6.05000000E+0	6.04900000E+0	1.32253265E+1	2.77520661E+2	2.97851240E+2
9.59000000E+3	8.20585563E+1	-2.90419000E+5	-2.59416000E+5	7.80000000E+1	1.68400000E+3	6.04800000E+0	6.04800000E+0	1.28968254E+1	2.58928571E+2	2.78439153E+2
9.59025000E+3	8.20483262E+1	-2.91298000E+5	-2.60299000E+5	7.80000000E+1	1.75400000E+3	6.04900000E+0	6.04900000E+0	1.28946933E+1	2.69135394E+2	2.89965284E+2
9.59050000E+3	8.20381091E+1	-2.92176000E+5	-2.61180000E+5	7.70000000E+1	1.75600000E+3	6.05000000E+0	6.05000000E+0	1.27272727E+1	2.67603306E+2	2.90247934E+2
9.59075000E+3	8.20279049E+1	-2.93053000E+5	-2.62060000E+5	8.00000000E+1	1.78400000E+3	6.05000000E+0	6.04900000E+0	1.32253265E+1	2.71239669E+2	2.94876033E+2
9.59100000E+3	8.20177137E+1	-2.93929000E+5	-2.62939000E+5	7.20000000E+1	1.75800000E+3	6.05000000E+0	6.04900000E+0	1.19027939E+1	2.69586777E+2	2.90578512E+2
9.59125000E+3	8.20075353E+1	-2.94803000E+5	-2.63817000E+5	6.00000000E+1	1.72400000E+3	6.05000000E+0	6.04900000E+0	9.91899488E+0	2.64793388E+2	2.84958678E+2
9.59150000E+3	8.19973698E+1	-2.95677000E+5	-2.64693000E+5	6.40000000E+1	1.69400000E+3	6.05000000E+0	6.05000000E+0	1.05785124E+1	2.57355372E+2	2.80000000E+2
9.59175000E+3	8.19872170E+1	-2.96549000E+5	-2.65569000E+5	5.50000000E+1	1.70700000E+3	6.05100000E+0	6.05000000E+0	9.09090909E+0	2.59295984E+2	2.82102132E+2
9.59200000E+3	8.19770770E+1	-2.97420000E+5	-2.66443000E+5	5.10000000E+1	1.59500000E+3	6.05100000E+0	6.05000000E+0	8.42975207E+0	2.42439266E+2	2.63592795E+2
9.59225000E+3	8.19669497E+1	-2.98290000E+5	-2.67316000E+5	5.20000000E+1	1.63100000E+3	6.04900000E+0	6.04900000E+0	8.59646223E+0	2.45825756E+2	2.69631344E+2
9.59250000E+3	8.19568350E+1	-2.99158000E+5	-2.68188000E+5	4.30000000E+1	1.62700000E+3	6.05000000E+0	6.04900000E+0	7.10861299E+0	2.47272727E+2	2.68925620E+2
9.59275000E+3	8.19467329E+1	-3.00026000E+5	-2.69058000E+5	5.10000000E+1	1.68700000E+3	6.05000000E+0	6.04900000E+0	8.43114564E+0	2.55206612E+2	2.78842975E+2
9.59300000E+3	8.19366434E+1	-3.00892000E+5	-2.69928000E+5	4.90000000E+1	1.66200000E+3	6.04900000E+0	6.04800000E+0	8.10185185E+0	2.51446520E+2	2.74756158E+2
9.59325000E+3	8.19265664E+1	-3.01757000E+5	-2.70796000E+5	4.40000000E+1	1.69600000E+3	6.05100000E+0	6.05000000E+0	7.27272727E+0	2.61609651E+2	2.80284251E+2
9.59350000E+3	8.19165019E+1	-3.02621000E+5	-2.71663000E+5	4.30000000E+1	1.66100000E+3	6.05100000E+0	6.05000000E+0	7.10743802E+0	2.54007602E+2	2.74500083E+2
9.59375000E+3	8.19064497E+1	-3.03483000E+5	-2.72529000E+5	4.90000000E+1	1.63700000E+3	6.04900000E+0	6.04900000E+0	8.10051248E+0	2.48470822E+2	2.70623244E+2
9.59400000E+3	8.18964100E+1	-3.04345000E+5	-2.73394000E+5	3.90000000E+1	1.66600000E+3	6.04900000E+0	6.04900000E+0	6.44734667E+0	2.53760952E+2	2.75417424E+2
9.59425000E+3	8.18863826E+1	-3.05205000E+5	-2.74258000E+5	3.80000000E+1	1.56900000E+3	6.05100000E+0	6.05100000E+0	6.27995373E+0	2.38968765E+2	2.59295984E+2
9.59450000E+3	8.18763674E+1	-3.06065000E+5	-2.75120000E+5	3.60000000E+1	1.65000000E+3	6.05000000E+0	6.04900000E+0	5.95139693E+0	2.48925620E+2	2.72727273E+2
9.59475000E+3	8.18663645E+1	-3.06923000E+5	-2.75982000E+5	3.10000000E+1	1.59900000E+3	6.04900000E+0	6.04800000E+0	5.12566138E+0	2.39709043E+2	2.64341213E+2
9.59500000E+3	8.18563739E+1	-3.07780000E+5	-2.76842000E+5	4.40000000E+1	1.60000000E+3	6.05000000E+0	6.05000000E+0	7.27272727E+0	2.44793388E+2	2.64462810E+2
9.59525000E+3	8.18463953E+1	-3.08636000E+5	-2.77701000E+5	2.60000000E+1	1.63200000E+3	6.05000000E+0	6.04900000E+0	4.29823111E+0	2.48264463E+2	2.69752066E+2
9.59550000E+3	8.18364289E+1	-3.09491000E+5	-2.78559000E+5	3.80000000E+1	1.58300000E+3	6.05000000E+0	6.05000000E+0	6.28099174E+0	2.41487603E+2	2.61652893E+2
9.59575000E+3	8.18264746E+1	-3.10344000E+5	-2.79416000E+5	3.60000000E+1	1.59100000E+3	6.05000000E+0	6.04900000E+0	5.95139693E+0	2.41652893E+2	2.62975207E+2
9.59600000E+3	8.18165322E+1	-3.11197000E+5	-2.80271000E+5	3.80000000E+1	1.55200000E+3	6.05100000E+0	6.05100000E+0	6.27995373E+0	2.33845645E+2	2.56486531E+2
9.59625000E+3	8.18066019E+1	-3.12048000E+5	-2.81126000E+5	3.20000000E+1	1.61000000E+3	6.04900000E+0	6.04800000E+0	5.29100529E+0	2.48966771E+2	2.66159696E+2
9.59650000E+3	8.17966835E+1	-3.12898000E+5	-2.81980000E+5	2.80000000E+1	1.57500000E+3	6.05000000E+0	6.05000000E+0	4.62809917E+0	2.40826446E+2	2.60330579E+2
9.59675000E+3	8.17867771E+1	-3.13748000E+5	-2.82832000E+5	4.40000000E+1	1.62900000E+3	6.04900000E+0	6.04800000E+0	7.27513228E+0	2.45495123E+2	2.69300711E+2
9.59700000E+3	8.17768824E+1	-3.14596000E+5	-2.83683000E+5	3.80000000E+1	1.51100000E+3	6.04900000E+0	6.04900000E+0	6.28203009E+0	2.30616631E+2	2.49793354E+2
9.59725000E+3	8.17669997E+1	-3.15443000E+5	-2.84533000E+5	2.70000000E+1	1.59000000E+3	6.05000000E+0	6.04900000E+0	4.46354769E+0	2.41818182E+2	2.62809917E+2
9.59750000E+3	8.17571287E+1	-3.16288000E+5	-2.85382000E+5	3.50000000E+1	1.56000000E+3	6.04900000E+0	6.04900000E+0	5.78608034E+0	2.35410812E+2	2.57893867E+2
9.59775000E+3	8.17472694E+1	-3.17133000E+5	-2.86230000E+5	2.20000000E+1	1.47500000E+3	6.04900000E+0	6.04800000E+0	3.63756614E+0	2.21854852E+2	2.43841957E+2
9.59800000E+3	8.17374218E+1	-3.17977000E+5	-2.87077000E+5	2.90000000E+1	1.48100000E+3	6.05000000E+0	6.05000000E+0	4.79338843E+0	2.25785124E+2	2.44793388E+2
9.59825000E+3	8.17275859E+1	-3.18819000E+5	-2.87923000E+5	3.00000000E+1	1.57000000E+3	6.05100000E+0	6.05000000E+0	4.95867769E+0	2.37481408E+2	2.59461246E+2
9.59850000E+3	8.17177616E+1	-3.19661000E+5	-2.88768000E+5	2.50000000E+1	1.54500000E+3	6.05000000E+0	6.05000000E+0	4.13223140E+0	2.32892562E+2	2.55371901E+2
9.59875000E+3	8.17079489E+1	-3.20501000E+5	-2.89611000E+5	2.90000000E+1	1.44800000E+3	6.04900000E+0	6.04900000E+0	4.79418086E+0	2.20036370E+2	2.39378410E+2
9.59900000E+3	8.16981478E+1	-3.21341000E+5	-2.90454000E+5	2.40000000E+1	1.48800000E+3	6.05000000E+0	6.05000000E+0	3.96694215E+0	2.26942149E+2	2.45950413E+2
9.59925000E+3	8.16883581E+1	-3.22179000E+5	-2.91295000E+5	2.10000000E+1	1.47600000E+3	6.05100000E+0	6.05000000E+0	3.47107438E+0	2.22607833E+2	2.43926624E+2
9.59950000E+3	8.16785799E+1	-3.23016000E+5	-2.92136000E+5	2.10000000E+1	1.49400000E+3	6.04900000E+0	6.04900000E+0	3.47164821E+0	2.29459415E+2	2.46982972E+2
9.59975000E+3	8.16688132E+1	-3.23852000E+5	-2.92975000E+5	2.90000000E+1	1.48000000E+3	6.05000000E+0	6.04900000E+0	4.79418086E+0	2.23636364E+2	2.44628099E+2
9.60000000E+3	8.16590578E+1	-3.24687000E+5	-2.93813000E+5	2.90000000E+1	1.48000000E+3	6.05000000E+0	6.05000000E+0	4.79338843E+0	2.25785124E+2	2.44628099E+2
9.60025000E+3	8.16493138E+1	-3.25521000E+5	-2.94651000E+5	2.60000000E+1	1.53600000E+3	6.05000000E+0	6.05000000E+0	4.29752066E+0	2.30909091E+2	2.53884298E+2
9.60050000E+3	8.16395810E+1	-3.26354000E+5	-2.95487000E+5	2.50000000E+1	1.56100000E+3	6.04900000E+0	6.04900000E+0	4.13291453E+0	2.37394611E+2	2.58059183E+2
9.60075000E+3	8.16298596E+1	-3.27186000E+5	-2.96322000E+5	1.80000000E+1	1.50000000E+3	6.04900000E+0	6.04800000E+0	2.97619048E+0	2.28467515E+2	2.47974872E+2
9.60100000E+3	8.16201494E+1	-3.28017000E+5	-2.97156000E+5	3.10000000E+1	1.43800000E+3	6.05000000E+0	6.04900000E+0	5.12481402E+0	2.20661157E+2	2.37685950E+2
9.60125000E+3	8.16104504E+1	-3.28847000E+5	-2.97989000E+5	2.30000000E+1	1.44500000E+3	6.05000000E+0	6.05000000E+0	3.80165289E+0	2.17685950E+2	2.38842975E+2
9.60150000E+3	8.16007625E+1	-3.29675000E+5	-2.98821000E+5	2.10000000E+1	1.47000000E+3	6.05000000E+0	6.04900000E+0	3.47164821E+0	2.23140496E+2	2.42975207E+2
9.60175000E+3	8.15910858E+1	-3.30503000E+5	-2.99652000E+5	3.50000000E+1	1.47600000E+3	6.04900000E+0	6.04900000E+0	5.78608034E+0	2.22350802E+2	2.44007274E+2
9.60200000E+3	8.15814201E+1	-3.31330000E+5	-3.00482000E+5	2.40000000E+1	1.46300000E+3	6.05000000E+0	6.04900000E+0	3.96759795E+0	2.20330579E+2	2.41818182E+2
9.60225000E+3	8.15717655E+1	-3.32155000E+5	-3.01311000E+5	2.20000000E+1	1.47600000E+3	6.05000000E+0	6.05000000E+0	3.63636364E+0	2.22479339E+2	2.43966942E+2
9.60250000E+3	8.15621220E+1	-3.32980000E+5	-3.02138000E+5	1.80000000E+1	1.44200000E+3	6.04900000E+0	6.04800000E+0	2.97619048E+0	2.19209787E+2	2.38386510E+2
9.60275000E+3	8.15524894E+1	-3.33803000E+5	-3.02965000E+5	1.90000000E+1	1.45100000E+3	6.05000000E+0	6.05000000E+0	3.14049587E+0	2.19008264E+2	2.39834711E+2
9.60300000E+3	8.15428677E+1	-3.34626000E+5	-3.03791000E+5	2.40000000E+1	1.48800000E+3	6.04900000E+0	6.04900000E+0	3.96759795E+0	2.28136882E+2	2.45991073E+2
9.60325000E+3	8.15332569E+1	-3.35447000E+5	-3.04616000E+5	1.50000000E+1	1.40500000E+3	6.05000000E+0	6.05000000E+0	2.47933884E+0	2.14545455E+2	2.32231405E+2
9.60350000E+3	8.15236570E+1	-3.36268000E+5	-3.05439000E+5	2.20000000E+1	1.43100000E+3	6.05000000E+0	6.05000000E+0	3.63636364E+0	2.19173554E+2	2.36528926E+2
9.60375000E+3	8.15140680E+1	-3.37087000E+5	-3.06262000E+5	2.00000000E+1	1.45100000E+3	6.05200000E+0	6.05100000E+0	3.30523880E+0	2.17944481E+2	2.39755453E+2
9.60400000E+3	8.15044897E+1	-3.37906000E+5	-3.07084000E+5	1.60000000E+1	1.43100000E+3	6.04900000E+0	6.04800000E+0	2.64550265E+0	2.16564721E+2	2.36568028E+2
9.60425000E+3	8.14949222E+1	-3.38723000E+5	-3.07904000E+5	2.30000000E+1	1.41200000E+3	6.05000000E+0	6.04900000E+0	3.80228137E+0	2.13719008E+2	2.33388430E+2
9.60450000E+3	8.14853655E+1	-3.39540000E+5	-3.08724000E+5	2.90000000E+1	1.41400000E+3	6.05100000E+0	6.05000000E+0	4.79338843E+0	2.17649975E+2	2.33680383E+2
9.60475000E+3	8.14758194E+1	-3.40355000E+5	-3.09543000E+5	1.50000000E+1	1.43600000E+3	6.05000000E+0	6.04900000E+0	2.47974872E+0	2.16198347E+2	2.37355372E+2
9.60500000E+3	8.14662840E+1	-3.41170000E+5	-3.10361000E+5	1.60000000E+1	1.41300000E+3	6.04900000E+0	6.04900000E+0	2.64506530E+0	2.14911556E+2	2.33592329E+2
9.60525000E+3	8.14567592E+1	-3.41983000E+5	-3.11177000E+5	2.00000000E+1	1.40600000E+3	6.04900000E+0	6.04800000E+0	3.30687831E+0	2.11439907E+2	2.32435113E+2
9.60550000E+3	8.14472451E+1	-3.42796000E+5	-3.11993000E+5	2.30000000E+1	1.41400000E+3	6.05000000E+0	6.04900000E+0	3.80228137E+0	2.11735537E+2	2.33719008E+2
9.60575000E+3	8.14377414E+1	-3.43607000E+5	-3.12808000E+5	2.50000000E+1	1.42400000E+3	6.05000000E+0	6.05000000E+0	4.13223140E+0	2.14710744E+2	2.35371901E+2
9.60600000E+3	8.14282483E+1	-3.44418000E+5	-3.13621000E+5	1.50000000E+1	1.38900000E+3	6.05000000E+0	6.05000000E+0	2.47933884E+0	2.08099174E+2	2.29586777E+2
9.60625000E+3	8.14187657E+1	-3.45227000E+5	-3.14434000E+5	1.70000000E+1	1.39600000E+3	6.05000000E+0	6.04900000E+0	2.81038188E+0	2.10909091E+2	2.30743802E+2
9.60650000E+3	8.14092935E+1	-3.46036000E+5	-3.15246000E+5	2.20000000E+1	1.46200000E+3	6.04900000E+0	6.04800000E+0	3.63756614E+0	2.23508018E+2	2.41692842E+2
9.60675000E+3	8.13998318E+1	-3.46844000E+5	-3.16057000E+5	2.00000000E+1	1.38700000E+3	6.04900000E+0	6.04900000E+0	3.30633163E+0	2.10282691E+2	2.29294098E+2
9.60700000E+3	8.13903805E+1	-3.47650000E+5	-3.16867000E+5	2.70000000E+1	1.41300000E+3	6.04900000E+0	6.04900000E+0	4.46354769E+0	2.11770541E+2	2.33592329E+2
9.60725000E+3	8.13809395E+1	-3.48456000E+5	-3.17675000E+5	2.30000000E+1	1.34500000E+3	6.04900000E+0	6.04900000E+0	3.80228137E+0	2.02678129E+2	2.22350802E+2
9.60750000E+3	8.13715088E+1	-3.49260000E+5	-3.18483000E+5	2.50000000E+1	1.39400000E+3	6.05000000E+0	6.04900000E+0	4.13291453E+0	2.12066116E+2	2.30413223E+2
9.60775000E+3	8.13620885E+1	-3.50064000E+5	-3.19290000E+5	3.00000000E+1	1.35100000E+3	6.05000000E+0	6.04900000E+0	4.95949744E+0	2.03140496E+2	2.23305785E+2
9.60800000E+3	8.13526784E+1	-3.50867000E+5	-3.20096000E+5	1.60000000E+1	1.34600000E+3	6.04900000E+0	6.04900000E+0	2.64506530E+0	2.02016862E+2	2.22516118E+2
9.60825000E+3	8.13432785E+1	-3.51669000E+5	-3.20901000E+5	1.90000000E+1	1.43100000E+3	6.05000000E+0	6.04900000E+0	3.14101504E+0	2.14876033E+2	2.36528926E+2
9.60850000E+3	8.13338888E+1	-3.52469000E+5	-3.21705000E+5	1.70000000E+1	1.36700000E+3	6.04900000E+0	6.04800000E+0	2.81084656E+0	2.06976360E+2	2.25987767E+2
9.60875000E+3	8.13245093E+1	-3.53269000E+5	-3.22508000E+5	1.90000000E+1	1.34300000E+3	6.05000000E+0	6.05000000E+0	3.14049587E+0	2.00826446E+2	2.21983471E+2
9.60900000E+3	8.13151399E+1	-3.54068000E+5	-3.23310000E+5	1.30000000E+1	1.36900000E+3	6.05100000E+0	6.05000000E+0	2.14876033E+0	2.07403735E+2	2.26243596E+2
9.60925000E+3	8.13057806E+1	-3.54866000E+5	-3.24112000E+5	1.50000000E+1	1.37400000E+3	6.04800000E+0	6.04800000E+0	2.48015873E+0	2.04365079E+2	2.27182540E+2
9.60950000E+3	8.12964314E+1	-3.55663000E+5	-3.24912000E+5	2.00000000E+1	1.36800000E+3	6.04900000E+0	6.04900000E+0	3.30633163E+0	2.05323194E+2	2.26153083E+2
9.60975000E+3	8.12870922E+1	-3.56459000E+5	-3.25711000E+5	1.30000000E+1	1.33500000E+3	6.05000000E+0	6.05000000E+0	2.14876033E+0	2.00165289E+2	2.20661157E+2
9.61000000E+3	8.12777631E+1	-3.57255000E+5	-3.26510000E+5	1.30000000E+1	1.29400000E+3	6.05000000E+0	6.04900000E+0	2.14911556E+0	1.93553719E+2	2.13884298E+2
9.61025000E+3	8.12684439E+1	-3.58049000E+5	-3.27307000E+5	1.40000000E+1	1.38900000E+3	6.05000000E+0	6.05000000E+0	2.31404959E+0	2.10909091E+2	2.29586777E+2
9.61050000E+3	8.12591347E+1	-3.58842000E+5	-3.28104000E+5	2.20000000E+1	1.43200000E+3	6.05000000E+0	6.05000000E+0	3.63636364E+0	2.17520661E+2	2.36694215E+2
9.61075000E+3	8.12498353E+1	-3.59634000E+5	-3.28899000E+5	1.60000000E+1	1.31300000E+3	6.04900000E+0	6.04900000E+0	2.64506530E+0	1.99041164E+2	2.17060671E+2
9.61100000E+3	8.12405459E+1	-3.60426000E+5	-3.29694000E+5	2.20000000E+1	1.33300000E+3	6.05000000E+0	6.04900000E+0	3.63696479E+0	2.00165289E+2	2.20330579E+2
9.61125000E+3	8.12312663E+1	-3.61216000E+5	-3.30487000E+5	1.30000000E+1	1.35800000E+3	6.04900000E+0	6.04800000E+0	2.14947090E+0	2.03174078E+2	2.24499917E+2
9.61150000E+3	8.12219966E+1	-3.62006000E+5	-3.31280000E+5	1.90000000E+1	1.27100000E+3	6.04900000E+0	6.04800000E+0	3.14153439E+0	1.92924450E+2	2.10117375E+2
9.61175000E+3	8.12127366E+1	-3.62795000E+5	-3.32072000E+5	2.30000000E+1	1.33000000E+3	6.04900000E+0	6.04900000E+0	3.80228137E+0	2.02843445E+2	2.19871053E+2
9.61200000E+3	8.12034864E+1	-3.63582000E+5	-3.32863000E+5	1.50000000E+1	1.28600000E+3	6.05000000E+0	6.05000000E+0	2.47933884E+0	1.96528926E+2	2.12561983E+2
9.61225000E+3	8.11942460E+1	-3.64369000E+5	-3.33653000E+5	1.10000000E+1	1.36000000E+3	6.04900000E+0	6.04900000E+0	1.81848239E+0	2.05984460E+2	2.24830551E+2
9.61250000E+3	8.11850152E+1	-3.65155000E+5	-3.34442000E+5	1.50000000E+1	1.26100000E+3	6.04900000E+0	6.04900000E+0	2.47974872E+0	1.90444702E+2	2.08464209E+2
9.61275000E+3	8.11757941E+1	-3.65940000E+5	-3.35231000E+5	1.90000000E+1	1.29000000E+3	6.04900000E+0	6.04900000E+0	3.14101504E+0	1.97057365E+2	2.13258390E+2
9.61300000E+3	8.11665827E+1	-3.66724000E+5	-3.36018000E+5	1.80000000E+1	1.31800000E+3	6.04900000E+0	6.04900000E+0	2.97569846E+0	1.99702430E+2	2.17887254E+2
9.61325000E+3	8.11573809E+1	-3.67508000E+5	-3.36804000E+5	1.60000000E+1	1.30800000E+3	6.04900000E+0	6.04900000E+0	2.64506530E+0	1.94908249E+2	2.16234088E+2
9.61350000E+3	8.11481887E+1	-3.68290000E+5	-3.37590000E+5	1.20000000E+1	1.22000000E+3	6.04800000E+0	6.04800000E+0	1.98412698E+0	1.85019841E+2	2.01719577E+2
9.61375000E+3	8.11390061E+1	-3.69071000E+5	-3.38375000E+5	2.30000000E+1	1.28900000E+3	6.05000000E+0	6.04900000E+0	3.80228137E+0	1.90578512E+2	2.13057851E+2
9.61400000E+3	8.11298329E+1	-3.69852000E+5	-3.39158000E+5	1.20000000E+1	1.30800000E+3	6.05000000E+0	6.05000000E+0	1.98347107E+0	1.95702479E+2	2.16198347E+2
9.61425000E+3	8.11206693E+1	-3.70631000E+5	-3.39941000E+5	2.50000000E+1	1.25100000E+3	6.05000000E+0	6.05000000E+0	4.13223140E+0	1.89917355E+2	2.06776860E+2
9.61450000E+3	8.11115152E+1	-3.71410000E+5	-3.40723000E+5	1.20000000E+1	1.28200000E+3	6.05000000E+0	6.05000000E+0	1.98347107E+0	1.95867769E+2	2.11900826E+2
9.61475000E+3	8.11023705E+1	-3.72188000E+5	-3.41504000E+5	2.00000000E+1	1.24000000E+3	6.05000000E+0	6.05000000E+0	3.30578512E+0	1.85950413E+2	2.04958678E+2
9.61500000E+3	8.10932352E+1	-3.72965000E+5	-3.42284000E+5	1.70000000E+1	1.33500000E+3	6.05100000E+0	6.05100000E+0	2.80945298E+0	2.00793257E+2	2.20624690E+2
9.61525000E+3	8.10841094E+1	-3.73741000E+5	-3.43064000E+5	1.40000000E+1	1.31000000E+3	6.05000000E+0	6.04900000E+0	2.31443214E+0	1.93553719E+2	2.16528926E+2
9.61550000E+3	8.10749928E+1	-3.74516000E+5	-3.43842000E+5	2.00000000E+1	1.25500000E+3	6.05000000E+0	6.04900000E+0	3.30633163E+0	1.90743802E+2	2.07438017E+2
9.61575000E+3	8.10658857E+1	-3.75291000E+5	-3.44620000E+5	1.20000000E+1	1.25000000E+3	6.04900000E+0	6.04900000E+0	1.98379898E+0	1.86807737E+2	2.06645727E+2
9.61600000E+3	8.10567878E+1	-3.76064000E+5	-3.45396000E+5	2.00000000E+1	1.25400000E+3	6.05000000E+0	6.05000000E+0	3.30578512E+0	1.86776860E+2	2.07272727E+2
9.61625000E+3	8.10476992E+1	-3.76837000E+5	-3.46172000E+5	1.90000000E+1	1.25700000E+3	6.05100000E+0	6.05000000E+0	3.14049587E+0	1.89720707E+2	2.07734259E+2
9.61650000E+3	8.10386199E+1	-3.77608000E+5	-3.46947000E+5	1.90000000E+1	1.26400000E+3	6.05200000E+0	6.05100000E+0	3.13997686E+0	1.88367482E+2	2.08856576E+2
9.61675000E+3	8.10295498E+1	-3.78379000E+5	-3.47721000E+5	2.50000000E+1	1.26600000E+3	6.05000000E+0	6.04900000E+0	4.13291453E+0	1.93223140E+2	2.09256198E+2
9.61700000E+3	8.10204889E+1	-3.79149000E+5	-3.48494000E+5	1.80000000E+1	1.32000000E+3	6.04900000E+0	6.04800000E+0	2.97619048E+0	2.00694330E+2	2.18217887E+2
9.61725000E+3	8.10114372E+1	-3.79918000E+5	-3.49267000E+5	2.00000000E+1	1.30600000E+3	6.05000000E+0	6.04900000E+0	3.30633163E+0	1.98347107E+2	2.15867769E+2
9.61750000E+3	8.10023946E+1	-3.80687000E+5	-3.50038000E+5	1.60000000E+1	1.23300000E+3	6.05000000E+0	6.04900000E+0	2.64506530E+0	1.85785124E+2	2.03801653E+2
9.61775000E+3	8.09933612E+1	-3.81454000E+5	-3.50809000E+5	1.30000000E+1	1.21000000E+3	6.05000000E+0	6.05000000E+0	2.14876033E+0	1.81487603E+2	2.00000000E+2
9.61800000E+3	8.09843368E+1	-3.82221000E+5	-3.51578000E+5	1.70000000E+1	1.28300000E+3	6.04900000E+0	6.04900000E+0	2.81038188E+0	1.91436601E+2	2.12101174E+2
9.61825000E+3	8.09753215E+1	-3.82986000E+5	-3.52347000E+5	1.60000000E+1	1.26700000E+3	6.04800000E+0	6.04800000E+0	2.64550265E+0	1.91798942E+2	2.09490741E+2
9.61850000E+3	8.09663153E+1	-3.83751000E+5	-3.53115000E+5	1.40000000E+1	1.28400000E+3	6.05000000E+0	6.05000000E+0	2.31404959E+0	1.92561983E+2	2.12231405E+2
9.61875000E+3	8.09573180E+1	-3.84515000E+5	-3.53883000E+5	1.70000000E+1	1.21700000E+3	6.05000000E+0	6.05000000E+0	2.80991736E+0	1.84958678E+2	2.01157025E+2
9.61900000E+3	8.09483298E+1	-3.85278000E+5	-3.54649000E+5	1.50000000E+1	1.19300000E+3	6.04900000E+0	6.04900000E+0	2.47974872E+0	1.76723425E+2	1.97222681E+2
9.61925000E+3	8.09393505E+1	-3.86041000E+5	-3.55414000E+5	1.90000000E+1	1.25600000E+3	6.05000000E+0	6.04900000E+0	3.14101504E+0	1.90247934E+2	2.07603306E+2
9.61950000E+3	8.09303802E+1	-3.86802000E+5	-3.56179000E+5	2.20000000E+1	1.23300000E+3	6.05000000E+0	6.05000000E+0	3.63636364E+0	1.87438017E+2	2.03801653E+2
9.61975000E+3	8.09214188E+1	-3.87563000E+5	-3.56943000E+5	1.30000000E+1	1.16500000E+3	6.05000000E+0	6.04900000E+0	2.14911556E+0	1.73388430E+2	1.92561983E+2
9.62000000E+3	8.09124663E+1	-3.88323000E+5	-3.57706000E+5	1.60000000E+1	1.22700000E+3	6.05100000E+0	6.05100000E+0	2.64419104E+0	1.84762849E+2	2.02776401E+2
9.62025000E+3	8.09035226E+1	-3.89082000E+5	-3.58468000E+5	1.20000000E+1	1.15400000E+3	6.05000000E+0	6.04900000E+0	1.98379898E+0	1.72561983E+2	1.90743802E+2
9.62050000E+3	8.08945878E+1	-3.89840000E+5	-3.59230000E+5	1.60000000E+1	1.21400000E+3	6.04900000E+0	6.04900000E+0	2.64506530E+0	1.85319888E+2	2.00694330E+2
9.62075000E+3	8.08856617E+1	-3.90597000E+5	-3.59990000E+5	1.60000000E+1	1.16400000E+3	6.05000000E+0	6.05000000E+0	2.64462810E+0	1.77024793E+2	1.92396694E+2
9.62100000E+3	8.08767445E+1	-3.91354000E+5	-3.60750000E+5	1.10000000E+1	1.26700000E+3	6.04900000E+0	6.04900000E+0	1.81848239E+0	1.90610018E+2	2.09456108E+2
9.62125000E+3	8.08678360E+1	-3.92109000E+5	-3.61509000E+5	1.30000000E+1	1.24200000E+3	6.05000000E+0	6.05000000E+0	2.14876033E+0	1.85950413E+2	2.05289256E+2
9.62150000E+3	8.08589363E+1	-3.92864000E+5	-3.62267000E+5	1.50000000E+1	1.17800000E+3	6.04900000E+0	6.04900000E+0	2.47974872E+0	1.75235576E+2	1.94742933E+2
9.62175000E+3	8.08500453E+1	-3.93618000E+5	-3.63024000E+5	1.70000000E+1	1.19500000E+3	6.04900000E+0	6.04800000E+0	2.81084656E+0	1.79368491E+2	1.97553315E+2
9.62200000E+3	8.08411630E+1	-3.94371000E+5	-3.63780000E+5	1.40000000E+1	1.20300000E+3	6.04900000E+0	6.04900000E+0	2.31443214E+0	1.78707224E+2	1.98875847E+2
9.62225000E+3	8.08322893E+1	-3.95124000E+5	-3.64536000E+5	2.10000000E+1	1.13700000E+3	6.05000000E+0	6.04900000E+0	3.47164821E+0	1.69586777E+2	1.87933884E+2
9.62250000E+3	8.08234243E+1	-3.95875000E+5	-3.65291000E+5	1.20000000E+1	1.22000000E+3	6.04900000E+0	6.04900000E+0	1.98379898E+0	1.85319888E+2	2.01686229E+2
9.62275000E+3	8.08145679E+1	-3.96626000E+5	-3.66045000E+5	1.20000000E+1	1.16700000E+3	6.04900000E+0	6.04900000E+0	1.98379898E+0	1.73582410E+2	1.92924450E+2
9.62300000E+3	8.08057201E+1	-3.97376000E+5	-3.66798000E+5	2.00000000E+1	1.24900000E+3	6.05100000E+0	6.05000000E+0	3.30578512E+0	1.90216493E+2	2.06412163E+2
9.62325000E+3	8.07968809E+1	-3.98125000E+5	-3.67550000E+5	1.60000000E+1	1.17000000E+3	6.05000000E+0	6.05000000E+0	2.64462810E+0	1.75041322E+2	1.93388430E+2
9.62350000E+3	8.07880502E+1	-3.98873000E+5	-3.68302000E+5	1.90000000E+1	1.19500000E+3	6.04900000E+0	6.04900000E+0	3.14101504E+0	1.81848239E+2	1.97553315E+2
9.62375000E+3	8.07792280E+1	-3.99621000E+5	-3.69052000E+5	1.50000000E+1	1.18300000E+3	6.05000000E+0	6.04900000E+0	2.47974872E+0	1.77355372E+2	1.95537190E+2
9.62400000E+3	8.07704143E+1	-4.00368000E+5	-3.69802000E+5	1.80000000E+1	1.10900000E+3	6.05000000E+0	6.05000000E+0	2.97520661E+0	1.68099174E+2	1.83305785E+2
9.62425000E+3	8.07616091E+1	-4.01114000E+5	-3.70552000E+5	1.60000000E+1	1.24200000E+3	6.05000000E+0	6.05000000E+0	2.64462810E+0	1.85785124E+2	2.05289256E+2
9.62450000E+3	8.07528124E+1	-4.01859000E+5	-3.71300000E+5	1.10000000E+1	1.22400000E+3	6.04900000E+0	6.04900000E+0	1.81848239E+0	1.83170772E+2	2.02347495E+2
9.62475000E+3	8.07440241E+1	-4.02603000E+5	-3.72047000E+5	1.40000000E+1	1.23400000E+3	6.05000000E+0	6.05000000E+0	2.31404959E+0	1.81818182E+2	2.03966942E+2
9.62500000E+3	8.07352442E+1	-4.03347000E+5	-3.72794000E+5	1.60000000E+1	1.17600000E+3	6.05000000E+0	6.04900000E+0	2.64506530E+0	1.74049587E+2	1.94380165E+2
9.62525000E+3	8.07264726E+1	-4.04089000E+5	-3.73540000E+5	2.00000000E+1	1.15300000E+3	6.04900000E+0	6.04900000E+0	3.30633163E+0	1.72755827E+2	1.90610018E+2
9.62550000E+3	8.07177095E+1	-4.04831000E+5	-3.74285000E+5	1.70000000E+1	1.18300000E+3	6.04900000E+0	6.04800000E+0	2.81084656E+0	1.78872541E+2	1.95569516E+2
9.62575000E+3	8.07089546E+1	-4.05573000E+5	-3.75030000E+5	1.30000000E+1	1.18700000E+3	6.04900000E+0	6.04900000E+0	2.14911556E+0	1.78707224E+2	1.96230782E+2
9.62600000E+3	8.07002081E+1	-4.06313000E+5	-3.75773000E+5	1.70000000E+1	1.20300000E+3	6.05000000E+0	6.04900000E+0	2.81038188E+0	1.80991736E+2	1.98842975E+2
9.62625000E+3	8.06914699E+1	-4.07053000E+5	-3.76516000E+5	1.20000000E+1	1.20300000E+3	6.05000000E+0	6.05000000E+0	1.98347107E+0	1.78347107E+2	1.98842975E+2
9.62650000E+3	8.06827399E+1	-4.07792000E+5	-3.77258000E+5	9.00000000E+0	1.20400000E+3	6.05200000E+0	6.05200000E+0	1.48711170E+0	1.79940516E+2	1.98942498E+2
9.62675000E+3	8.06740182E+1	-4.08530000E+5	-3.78000000E+5	1.70000000E+1	1.15300000E+3	6.04900000E+0	6.04900000E+0	2.81038188E+0	1.72755827E+2	1.90610018E+2
9.62700000E+3	8.06653047E+1	-4.09267000E+5	-3.78740000E+5	9.00000000E+0	1.16700000E+3	6.05100000E+0	6.05100000E+0	1.48735746E+0	1.71707156E+2	1.92860684E+2
9.62725000E+3	8.06565994E+1	-4.10003000E+5	-3.79480000E+5	1.40000000E+1	1.13500000E+3	6.05000000E+0	6.05000000E+0	2.31404959E+0	1.69421488E+2	1.87603306E+2
9.62750000E+3	8.06479023E+1	-4.10739000E+5	-3.80219000E+5	2.00000000E+1	1.25200000E+3	6.04900000E+0	6.04900000E+0	3.30633163E+0	1.90940651E+2	2.06976360E+2
9.62775000E+3	8.06392133E+1	-4.11474000E+5	-3.80957000E+5	2.00000000E+1	1.13300000E+3	6.04900000E+0	6.04900000E+0	3.30633163E+0	1.71267978E+2	1.87303687E+2
9.62800000E+3	8.06305325E+1	-4.12208000E+5	-3.81694000E+5	1.00000000E+1	1.13900000E+3	6.05000000E+0	6.05000000E+0	1.65289256E+0	1.74049587E+2	1.88264463E+2
9.62825000E+3	8.06218598E+1	-4.12942000E+5	-3.82431000E+5	1.10000000E+1	1.10300000E+3	6.05100000E+0	6.05000000E+0	1.81818182E+0	1.66253512E+2	1.82283920E+2
9.62850000E+3	8.06131952E+1	-4.13675000E+5	-3.83167000E+5	1.50000000E+1	1.08600000E+3	6.04800000E+0	6.04800000E+0	2.48015873E+0	1.62863757E+2	1.79563492E+2
9.62875000E+3	8.06045387E+1	-4.14407000E+5	-3.83902000E+5	1.60000000E+1	1.16200000E+3	6.05000000E+0	6.05000000E+0	2.64462810E+0	1.74214876E+2	1.92066116E+2
9.62900000E+3	8.05958902E+1	-4.15138000E+5	-3.84636000E+5	2.40000000E+1	1.16400000E+3	6.05100000E+0	6.05100000E+0	3.96628656E+0	1.77491324E+2	1.92364898E+2
9.62925000E+3	8.05872497E+1	-4.15868000E+5	-3.85370000E+5	1.20000000E+1	1.13700000E+3	6.05000000E+0	6.04900000E+0	1.98379898E+0	1.71239669E+2	1.87933884E+2
9.62950000E+3	8.05786173E+1	-4.16598000E+5	-3.86103000E+5	1.30000000E+1	1.13800000E+3	6.05000000E+0	6.05000000E+0	2.14876033E+0	1.72396694E+2	1.88099174E+2
9.62975000E+3	8.05699928E+1	-4.17327000E+5	-3.86835000E+5	1.30000000E+1	1.12800000E+3	6.05000000E+0	6.05000000E+0	2.14876033E+0	1.68264463E+2	1.86446281E+2
9.63000000E+3	8.05613763E+1	-4.18055000E+5	-3.87566000E+5	1.54000000E+2	1.12020000E+4	6.00510000E+1	6.00440000E+1	2.56478582E+0	1.68956387E+2	1.86541440E+2
9.63025000E+3	8.05527677E+1	-4.18782000E+5	-3.88297000E+5	1.55000000E+2	1.13990000E+4	6.00520000E+1	6.00450000E+1	2.58139729E+0	1.71984280E+2	1.89818824E+2
9.63050000E+3	8.05441671E+1	-4.19509000E+5	-3.89027000E+5	1.31000000E+2	1.11700000E+4	6.00500000E+1	6.00430000E+1	2.18176973E+0	1.68726062E+2	1.86011657E+2
9.63075000E+3	8.05355743E+1	-4.20235000E+5	-3.89756000E+5	1.48000000E+2	1.11950000E+4	6.00510000E+1	6.00440000E+1	2.46485910E+0	1.68823167E+2	1.86424872E+2
9.63100000E+3	8.05269895E+1	-4.20960000E+5	-3.90484000E+5	1.47000000E+2	1.12600000E+4	6.00510000E+1	6.00440000E+1	2.44820465E+0	1.69472615E+2	1.87507285E+2
9.63125000E+3	8.05184125E+1	-4.21685000E+5	-3.91212000E+5	1.71000000E+2	1.11540000E+4	6.00510000E+1	6.00430000E+1	2.84795896E+0	1.69006345E+2	1.85742119E+2
9.63150000E+3	8.05098433E+1	-4.22408000E+5	-3.91939000E+5	1.30000000E+2	1.09840000E+4	6.00510000E+1	6.00440000E+1	2.16507894E+0	1.65192919E+2	1.82911192E+2
9.63175000E+3	8.05012820E+1	-4.23131000E+5	-3.92665000E+5	1.35000000E+2	1.10210000E+4	6.00510000E+1	6.00440000E+1	2.24835121E+0	1.65692495E+2	1.83527335E+2
9.63200000E+3	8.04927285E+1	-4.23853000E+5	-3.93391000E+5	1.49000000E+2	1.10280000E+4	6.00510000E+1	6.00440000E+1	2.48151356E+0	1.66625035E+2	1.83643903E+2
9.63225000E+3	8.04841827E+1	-4.24575000E+5	-3.94115000E+5	1.39000000E+2	1.08000000E+4	6.00510000E+1	6.00440000E+1	2.31496902E+0	1.62195467E+2	1.79847130E+2
9.63250000E+3	8.04756447E+1	-4.25296000E+5	-3.94839000E+5	1.50000000E+2	1.12440000E+4	6.00510000E+1	6.00440000E+1	2.49816801E+0	1.68789862E+2	1.87240845E+2
9.63275000E+3	8.04671144E+1	-4.26016000E+5	-3.95562000E+5	1.38000000E+2	1.10150000E+4	6.00510000E+1	6.00440000E+1	2.29831457E+0	1.66092155E+2	1.83427420E+2
9.63300000E+3	8.04585919E+1	-4.26735000E+5	-3.96285000E+5	1.71000000E+2	1.09530000E+4	6.00520000E+1	6.00450000E+1	2.84786410E+0	1.65340039E+2	1.82391927E+2
9.63325000E+3	8.04500770E+1	-4.27454000E+5	-3.97007000E+5	1.56000000E+2	1.07660000E+4	6.00500000E+1	6.00440000E+1	2.59809473E+0	1.62214821E+2	1.79283930E+2
9.63350000E+3	8.04415699E+1	-4.28171000E+5	-3.97728000E+5	1.43000000E+2	1.08550000E+4	6.00520000E+1	6.00450000E+1	2.38154717E+0	1.64357557E+2	1.80760008E+2
9.63375000E+3	8.04330703E+1	-4.28889000E+5	-3.98448000E+5	1.50000000E+2	1.09690000E+4	6.00490000E+1	6.00420000E+1	2.49825122E+0	1.65215074E+2	1.82667488E+2
9.63400000E+3	8.04245785E+1	-4.29605000E+5	-3.99168000E+5	1.40000000E+2	1.09070000E+4	6.00490000E+1	6.00420000E+1	2.33170114E+0	1.64232543E+2	1.81634998E+2
9.63425000E+3	8.04160942E+1	-4.30321000E+5	-3.99886000E+5	1.71000000E+2	1.08760000E+4	6.00510000E+1	6.00440000E+1	2.84791153E+0	1.63794108E+2	1.81112721E+2
9.63450000E+3	8.04076176E+1	-4.31036000E+5	-4.00605000E+5	1.87000000E+2	1.10460000E+4	6.00510000E+1	6.00440000E+1	3.11438279E+0	1.64660039E+2	1.83943648E+2
9.63475000E+3	8.03991485E+1	-4.31750000E+5	-4.01322000E+5	1.60000000E+2	1.08380000E+4	6.00510000E+1	6.00440000E+1	2.66471254E+0	1.64227074E+2	1.80479925E+2
9.63500000E+3	8.03906870E+1	-4.32463000E+5	-4.02039000E+5	1.73000000E+2	1.09860000E+4	6.00510000E+1	6.00440000E+1	2.88122044E+0	1.65442707E+2	1.82944497E+2
9.63525000E+3	8.03822330E+1	-4.33176000E+5	-4.02755000E+5	1.64000000E+2	1.08610000E+4	6.00510000E+1	6.00440000E+1	2.73133036E+0	1.63710846E+2	1.80862933E+2
9.63550000E+3	8.03737865E+1	-4.33888000E+5	-4.03470000E+5	1.56000000E+2	1.07630000E+4	6.00510000E+1	6.00440000E+1	2.59809473E+0	1.62045595E+2	1.79230987E+2
9.63575000E+3	8.03653476E+1	-4.34600000E+5	-4.04185000E+5	1.55000000E+2	1.07180000E+4	6.00510000E+1	6.00440000E+1	2.58144028E+0	1.61862417E+2	1.78481624E+2
9.63600000E+3	8.03569161E+1	-4.35310000E+5	-4.04899000E+5	1.74000000E+2	1.06490000E+4	6.00500000E+1	6.00430000E+1	2.89792316E+0	1.60316403E+2	1.77335554E+2
9.63625000E+3	8.03484921E+1	-4.36020000E+5	-4.05612000E+5	1.56000000E+2	1.06800000E+4	6.00510000E+1	6.00440000E+1	2.59809473E+0	1.60979834E+2	1.77848828E+2
9.63650000E+3	8.03400756E+1	-4.36730000E+5	-4.06324000E+5	1.49000000E+2	1.06530000E+4	6.00510000E+1	6.00440000E+1	2.48151356E+0	1.60013988E+2	1.77399211E+2
9.63675000E+3	8.03316665E+1	-4.37438000E+5	-4.07036000E+5	1.57000000E+2	1.05170000E+4	6.00510000E+1	6.00450000E+1	2.61470564E+0	1.58082297E+2	1.75134469E+2
9.63700000E+3	8.03232648E+1	-4.38146000E+5	-4.07747000E+5	1.49000000E+2	1.05910000E+4	6.00520000E+1	6.00450000E+1	2.48147223E+0	1.59145407E+2	1.76363818E+2
9.63725000E+3	8.03148704E+1	-4.38853000E+5	-4.08458000E+5	1.47000000E+2	1.05990000E+4	6.00510000E+1	6.00450000E+1	2.44816388E+0	1.59381193E+2	1.76499975E+2
9.63750000E+3	8.03064835E+1	-4.39560000E+5	-4.09167000E+5	1.62000000E+2	1.06650000E+4	6.00510000E+1	6.00440000E+1	2.69802145E+0	1.61113054E+2	1.77599041E+2
9.63775000E+3	8.02981039E+1	-4.40266000E+5	-4.09876000E+5	1.52000000E+2	1.05870000E+4	6.00530000E+1	6.00460000E+1	2.53139260E+0	1.59092801E+2	1.76294273E+2
9.63800000E+3	8.02897316E+1	-4.40971000E+5	-4.10584000E+5	1.23000000E+2	1.04180000E+4	6.00500000E+1	6.00430000E+1	2.04853189E+0	1.56286428E+2	1.73488759E+2
9.63825000E+3	8.02813667E+1	-4.41675000E+5	-4.11292000E+5	1.60000000E+2	1.06030000E+4	6.00510000E+1	6.00440000E+1	2.66471254E+0	1.59431150E+2	1.76566585E+2
9.63850000E+3	8.02730090E+1	-4.42379000E+5	-4.11999000E+5	1.44000000E+2	1.04750000E+4	6.00520000E+1	6.00450000E+1	2.39820135E+0	1.57646706E+2	1.74432159E+2
9.63875000E+3	8.02646587E+1	-4.43082000E+5	-4.12705000E+5	1.53000000E+2	1.04570000E+4	6.00500000E+1	6.00440000E+1	2.54813137E+0	1.56969192E+2	1.74138218E+2
9.63900000E+3	8.02563156E+1	-4.43784000E+5	-4.13411000E+5	1.60000000E+2	1.03520000E+4	6.00510000E+1	6.00440000E+1	2.66471254E+0	1.56250520E+2	1.72386805E+2
9.63925000E+3	8.02479797E+1	-4.44486000E+5	-4.14116000E+5	1.50000000E+2	1.03490000E+4	6.00510000E+1	6.00440000E+1	2.49816801E+0	1.56483656E+2	1.72336847E+2
9.63950000E+3	8.02396511E+1	-4.45187000E+5	-4.14820000E+5	1.67000000E+2	1.04520000E+4	6.00510000E+1	6.00440000E+1	2.78129372E+0	1.57932424E+2	1.74052056E+2
9.63975000E+3	8.02313296E+1	-4.45887000E+5	-4.15523000E+5	1.55000000E+2	1.03950000E+4	6.00510000E+1	6.00450000E+1	2.58139729E+0	1.56367088E+2	1.73102863E+2
9.64000000E+3	8.02230154E+1	-4.46587000E+5	-4.16226000E+5	1.44000000E+2	1.02650000E+4	6.00500000E+1	6.00440000E+1	2.39824129E+0	1.54421316E+2	1.70940883E+2
9.64025000E+3	8.02147084E+1	-4.47286000E+5	-4.16928000E+5	1.86000000E+2	1.03040000E+4	6.00510000E+1	6.00440000E+1	3.09772833E+0	1.54835057E+2	1.71587484E+2
9.64050000E+3	8.02064085E+1	-4.47984000E+5	-4.17630000E+5	1.66000000E+2	1.03270000E+4	6.00520000E+1	6.00450000E+1	2.76459322E+0	1.55032305E+2	1.71967628E+2
9.64075000E+3	8.01981157E+1	-4.48682000E+5	-4.18330000E+5	1.47000000E+2	1.02050000E+4	6.00520000E+1	6.00460000E+1	2.44812311E+0	1.53283821E+2	1.69936055E+2
9.64100000E+3	8.01898300E+1	-4.49378000E+5	-4.19031000E+5	1.59000000E+2	1.02940000E+4	6.00500000E+1	6.00430000E+1	2.64810219E+0	1.54671107E+2	1.71423813E+2
9.64125000E+3	8.01815515E+1	-4.50075000E+5	-4.19730000E+5	1.52000000E+2	1.02410000E+4	6.00510000E+1	6.00440000E+1	2.53147692E+0	1.54835057E+2	1.70538376E+2
9.64150000E+3	8.01732800E+1	-4.50770000E+5	-4.20429000E+5	1.51000000E+2	1.02440000E+4	6.00500000E+1	6.00440000E+1	2.51482246E+0	1.53888426E+2	1.70591174E+2
9.64175000E+3	8.01650157E+1	-4.51465000E+5	-4.21127000E+5	1.52000000E+2	1.02090000E+4	6.00510000E+1	6.00440000E+1	2.53147692E+0	1.52803450E+2	1.70005495E+2
9.64200000E+3	8.01567583E+1	-4.52159000E+5	-4.21824000E+5	1.30000000E+2	1.02810000E+4	6.00520000E+1	6.00450000E+1	2.16504288E+0	1.53916606E+2	1.71201625E+2
9.64225000E+3	8.01485080E+1	-4.52853000E+5	-4.22521000E+5	1.41000000E+2	1.02700000E+4	6.00530000E+1	6.00460000E+1	2.34819971E+0	1.54263734E+2	1.71015603E+2
9.64250000E+3	8.01402647E+1	-4.53546000E+5	-4.23217000E+5	1.53000000E+2	1.01640000E+4	6.00510000E+1	6.00440000E+1	2.54813137E+0	1.53769296E+2	1.69256132E+2
9.64275000E+3	8.01320284E+1	-4.54238000E+5	-4.23913000E+5	1.36000000E+2	1.00800000E+4	6.00520000E+1	6.00460000E+1	2.26493022E+0	1.51551988E+2	1.67854526E+2
9.64300000E+3	8.01237991E+1	-4.54930000E+5	-4.24607000E+5	1.53000000E+2	1.00870000E+4	6.00510000E+1	6.00450000E+1	2.54808893E+0	1.50971674E+2	1.67973889E+2
9.64325000E+3	8.01155768E+1	-4.55621000E+5	-4.25301000E+5	1.52000000E+2	1.01940000E+4	6.00500000E+1	6.00440000E+1	2.53147692E+0	1.52989176E+2	1.69758535E+2
9.64350000E+3	8.01073614E+1	-4.56311000E+5	-4.25995000E+5	1.63000000E+2	1.01070000E+4	6.00510000E+1	6.00450000E+1	2.71463069E+0	1.51937520E+2	1.68306939E+2
9.64375000E+3	8.00991530E+1	-4.57001000E+5	-4.26688000E+5	1.48000000E+2	9.89100000E+3	6.00520000E+1	6.00460000E+1	2.46477700E+0	1.48804370E+2	1.64707254E+2
9.64400000E+3	8.00909514E+1	-4.57689000E+5	-4.27380000E+5	1.61000000E+2	1.00390000E+4	6.00500000E+1	6.00440000E+1	2.68136700E+0	1.51007494E+2	1.67177352E+2
9.64425000E+3	8.00827568E+1	-4.58378000E+5	-4.28071000E+5	1.44000000E+2	1.00560000E+4	6.00500000E+1	6.00440000E+1	2.39824129E+0	1.51390508E+2	1.67460450E+2
9.64450000E+3	8.00745690E+1	-4.59065000E+5	-4.28762000E+5	1.67000000E+2	9.99600000E+3	6.00510000E+1	6.00440000E+1	2.78129372E+0	1.50638624E+2	1.66458510E+2
9.64475000E+3	8.00663881E+1	-4.59752000E+5	-4.29452000E+5	1.31000000E+2	9.86600000E+3	6.00530000E+1	6.00470000E+1	2.18162439E+0	1.48435549E+2	1.64288212E+2
9.64500000E+3	8.00582141E+1	-4.60439000E+5	-4.30142000E+5	1.41000000E+2	9.91500000E+3	6.00510000E+1	6.00440000E+1	2.34827793E+0	1.48906763E+2	1.65109657E+2
9.64525000E+3	8.00500469E+1	-4.61124000E+5	-4.30831000E+5	1.42000000E+2	9.90900000E+3	6.00500000E+1	6.00440000E+1	2.36493238E+0	1.48393006E+2	1.65012490E+2
9.64550000E+3	8.00418865E+1	-4.61809000E+5	-4.31519000E+5	1.56000000E+2	9.81600000E+3	6.00500000E+1	6.00440000E+1	2.59809473E+0	1.48093256E+2	1.63463780E+2
9.64575000E+3	8.00337329E+1	-4.62494000E+5	-4.32207000E+5	1.33000000E+2	9.73600000E+3	6.00520000E+1	6.00460000E+1	2.21496852E+0	1.45074269E+2	1.62126157E+2
9.64600000E+3	8.00255861E+1	-4.63178000E+5	-4.32893000E+5	1.36000000E+2	9.74900000E+3	6.00510000E+1	6.00450000E+1	2.26496794E+0	1.46259013E+2	1.62345340E+2
9.64625000E+3	8.00174461E+1	-4.63861000E+5	-4.33580000E+5	1.59000000E+2	9.57500000E+3	6.00510000E+1	6.00450000E+1	2.64801399E+0	1.45492998E+2	1.59447803E+2
9.64650000E+3	8.00093128E+1	-4.64543000E+5	-4.34265000E+5	1.66000000E+2	9.97600000E+3	6.00510000E+1	6.00450000E+1	2.76459322E+0	1.49572863E+2	1.66125460E+2
9.64675000E+3	8.00011863E+1	-4.65225000E+5	-4.34950000E+5	1.42000000E+2	1.00810000E+4	6.00500000E+1	6.00440000E+1	2.36493238E+0	1.50957535E+2	1.67876769E+2
9.64700000E+3	7.99930665E+1	-4.65906000E+5	-4.35635000E+5	1.38000000E+2	9.71400000E+3	6.00510000E+1	6.00450000E+1	2.29827629E+0	1.45842700E+2	1.61762502E+2
9.64725000E+3	7.99849534E+1	-4.66587000E+5	-4.36319000E+5	1.50000000E+2	9.88700000E+3	6.00500000E+1	6.00440000E+1	2.49816801E+0	1.47910075E+2	1.64646128E+2
9.64750000E+3	7.99768469E+1	-4.67267000E+5	-4.37002000E+5	1.43000000E+2	9.47500000E+3	6.00500000E+1	6.00440000E+1	2.38158684E+0	1.42031640E+2	1.57785179E+2
9.64775000E+3	7.99687472E+1	-4.67946000E+5	-4.37684000E+5	1.33000000E+2	9.80600000E+3	6.00510000E+1	6.00450000E+1	2.21500541E+0	1.47424689E+2	1.63294533E+2
9.64800000E+3	7.99606541E+1	-4.68625000E+5	-4.38366000E+5	1.34000000E+2	9.79000000E+3	6.00520000E+1	6.00460000E+1	2.23162242E+0	1.46223273E+2	1.63025378E+2
9.64825000E+3	7.99525676E+1	-4.69303000E+5	-4.39047000E+5	1.49000000E+2	9.69200000E+3	6.00510000E+1	6.00450000E+1	2.48147223E+0	1.45792743E+2	1.61396147E+2
9.64850000E+3	7.99444878E+1	-4.69980000E+5	-4.39728000E+5	1.42000000E+2	9.60100000E+3	6.00500000E+1	6.00440000E+1	2.36493238E+0	1.44396336E+2	1.59883430E+2
9.64875000E+3	7.99364146E+1	-4.70657000E+5	-4.40408000E+5	1.73000000E+2	9.60700000E+3	6.00500000E+1	6.00440000E+1	2.88122044E+0	1.44729392E+2	1.59983347E+2
9.64900000E+3	7.99283480E+1	-4.71333000E+5	-4.41087000E+5	1.47000000E+2	9.41800000E+3	6.00500000E+1	6.00450000E+1	2.44816388E+0	1.40932556E+2	1.56835970E+2
9.64925000E+3	7.99202880E+1	-4.72009000E+5	-4.41766000E+5	1.42000000E+2	9.32500000E+3	6.00520000E+1	6.00460000E+1	2.36485361E+0	1.40777992E+2	1.55282089E+2
9.64950000E+3	7.99122345E+1	-4.72684000E+5	-4.42444000E+5	1.31000000E+2	9.55400000E+3	6.00510000E+1	6.00450000E+1	2.18169706E+0	1.43328171E+2	1.59098100E+2
9.64975000E+3	7.99041876E+1	-4.73358000E+5	-4.43122000E+5	1.63000000E+2	9.38300000E+3	6.00510000E+1	6.00450000E+1	2.71463069E+0	1.40280761E+2	1.56250520E+2
9.65000000E+3	7.98961472E+1	-4.74032000E+5	-4.43798000E+5	1.41000000E+2	9.46500000E+3	6.00510000E+1	6.00450000E+1	2.34823882E+0	1.41579657E+2	1.57616026E+2
9.65025000E+3	7.98881134E+1	-4.74705000E+5	-4.44475000E+5	1.38000000E+2	9.26700000E+3	6.00500000E+1	6.00450000E+1	2.29827629E+0	1.38334721E+2	1.54321399E+2
9.65050000E+3	7.98800860E+1	-4.75377000E+5	-4.45150000E+5	1.55000000E+2	9.50800000E+3	6.00510000E+1	6.00450000E+1	2.58139729E+0	1.42445588E+2	1.58332084E+2
9.65075000E+3	7.98720652E+1	-4.76049000E+5	-4.45825000E+5	1.50000000E+2	9.36500000E+3	6.00510000E+1	6.00450000E+1	2.49812641E+0	1.39264958E+2	1.55950775E+2
9.65100000E+3	7.98640508E+1	-4.76720000E+5	-4.46500000E+5	1.53000000E+2	9.44500000E+3	6.00500000E+1	6.00440000E+1	2.54813137E+0	1.41998335E+2	1.57285595E+2
9.65125000E+3	7.98560429E+1	-4.77391000E+5	-4.47173000E+5	1.60000000E+2	9.45300000E+3	6.00520000E+1	6.00470000E+1	2.66457941E+0	1.40311730E+2	1.57413575E+2
9.65150000E+3	7.98480414E+1	-4.78061000E+5	-4.47847000E+5	1.24000000E+2	9.21300000E+3	6.00500000E+1	6.00440000E+1	2.06515222E+0	1.38301415E+2	1.53422148E+2
9.65175000E+3	7.98400464E+1	-4.78730000E+5	-4.48519000E+5	1.24000000E+2	9.19500000E+3	6.00510000E+1	6.00450000E+1	2.06511783E+0	1.37383224E+2	1.53119848E+2
9.65200000E+3	7.98320577E+1	-4.79399000E+5	-4.49191000E+5	1.61000000E+2	9.10800000E+3	6.00500000E+1	6.00450000E+1	2.68132234E+0	1.36669442E+2	1.51673605E+2
9.65225000E+3	7.98240755E+1	-4.80067000E+5	-4.49862000E+5	1.49000000E+2	9.51000000E+3	6.00500000E+1	6.00440000E+1	2.48151356E+0	1.43080766E+2	1.58368027E+2
9.65250000E+3	7.98160997E+1	-4.80735000E+5	-4.50533000E+5	1.60000000E+2	9.46200000E+3	6.00510000E+1	6.00450000E+1	2.66466817E+0	1.41896055E+2	1.57566069E+2
9.65275000E+3	7.98081302E+1	-4.81402000E+5	-4.51203000E+5	1.33000000E+2	9.27900000E+3	6.00510000E+1	6.00450000E+1	2.21500541E+0	1.38465638E+2	1.54518659E+2
9.65300000E+3	7.98001671E+1	-4.82068000E+5	-4.51873000E+5	1.67000000E+2	9.24500000E+3	6.00500000E+1	6.00450000E+1	2.78124740E+0	1.38151540E+2	1.53955037E+2
9.65325000E+3	7.97922103E+1	-4.82734000E+5	-4.52542000E+5	1.37000000E+2	9.30600000E+3	6.00510000E+1	6.00450000E+1	2.28162212E+0	1.38998518E+2	1.54968277E+2
9.65350000E+3	7.97842599E+1	-4.83399000E+5	-4.53210000E+5	1.60000000E+2	9.32400000E+3	6.00510000E+1	6.00450000E+1	2.66466817E+0	1.39448136E+2	1.55268022E+2
9.65375000E+3	7.97763158E+1	-4.84063000E+5	-4.53878000E+5	1.40000000E+2	9.19600000E+3	6.00510000E+1	6.00450000E+1	2.33158464E+0	1.38382375E+2	1.53136501E+2
9.65400000E+3	7.97683780E+1	-4.84727000E+5	-4.54545000E+5	1.35000000E+2	9.33200000E+3	6.00510000E+1	6.00450000E+1	2.24831376E+0	1.39464788E+2	1.55401242E+2
9.65425000E+3	7.97604465E+1	-4.85391000E+5	-4.55211000E+5	1.55000000E+2	9.29200000E+3	6.00500000E+1	6.00450000E+1	2.58139729E+0	1.39417152E+2	1.54737719E+2
9.65450000E+3	7.97525212E+1	-4.86053000E+5	-4.55877000E+5	1.50000000E+2	9.16500000E+3	6.00500000E+1	6.00450000E+1	2.49812641E+0	1.36519567E+2	1.52622814E+2
9.65475000E+3	7.97446022E+1	-4.86716000E+5	-4.56543000E+5	1.42000000E+2	9.31300000E+3	6.00500000E+1	6.00450000E+1	2.36489300E+0	1.37801832E+2	1.55087427E+2
9.65500000E+3	7.97366895E+1	-4.87377000E+5	-4.57207000E+5	1.28000000E+2	9.16700000E+3	6.00510000E+1	6.00460000E+1	2.13169903E+0	1.36284158E+2	1.52653578E+2
9.65525000E+3	7.97287830E+1	-4.88038000E+5	-4.57872000E+5	1.38000000E+2	9.11800000E+3	6.00510000E+1	6.00450000E+1	2.29827629E+0	1.35734626E+2	1.51837605E+2
9.65550000E+3	7.97208827E+1	-4.88698000E+5	-4.58535000E+5	1.44000000E+2	9.23000000E+3	6.00510000E+1	6.00450000E+1	2.39820135E+0	1.38065977E+2	1.53702686E+2
9.65575000E+3	7.97129886E+1	-4.89358000E+5	-4.59198000E+5	1.61000000E+2	9.18900000E+3	6.00510000E+1	6.00450000E+1	2.68132234E+0	1.38249155E+2	1.53019933E+2
9.65600000E+3	7.97051007E+1	-4.90017000E+5	-4.59861000E+5	1.56000000E+2	9.21000000E+3	6.00510000E+1	6.00450000E+1	2.59805146E+0	1.38115935E+2	1.53369636E+2
9.65625000E+3	7.96972189E+1	-4.90676000E+5	-4.60522000E+5	1.48000000E+2	9.13500000E+3	6.00500000E+1	6.00440000E+1	2.46485910E+0	1.36486261E+2	1.52123231E+2
9.65650000E+3	7.96893434E+1	-4.91334000E+5	-4.61184000E+5	1.48000000E+2	9.25800000E+3	6.00500000E+1	6.00440000E+1	2.46485910E+0	1.38384679E+2	1.54171524E+2
9.65675000E+3	7.96814739E+1	-4.91992000E+5	-4.61844000E+5	1.66000000E+2	9.00700000E+3	6.00500000E+1	6.00450000E+1	2.76459322E+0	1.34404663E+2	1.49991674E+2
9.65700000E+3	7.96736106E+1	-4.92648000E+5	-4.62504000E+5	1.46000000E+2	9.07700000E+3	6.00500000E+1	6.00450000E+1	2.43150970E+0	1.36153206E+2	1.51157369E+2
9.65725000E+3	7.96657535E+1	-4.93305000E+5	-4.63164000E+5	1.65000000E+2	9.04300000E+3	6.00510000E+1	6.00450000E+1	2.74793905E+0	1.34685517E+2	1.50588666E+2
9.65750000E+3	7.96579024E+1	-4.93960000E+5	-4.63822000E+5	1.67000000E+2	9.19400000E+3	6.00510000E+1	6.00450000E+1	2.78124740E+0	1.37183394E+2	1.53103196E+2
9.65775000E+3	7.96500575E+1	-4.94615000E+5	-4.64481000E+5	1.76000000E+2	9.24300000E+3	6.00500000E+1	6.00450000E+1	2.93113498E+0	1.38084929E+2	1.53921732E+2
9.65800000E+3	7.96422186E+1	-4.95270000E+5	-4.65139000E+5	1.98000000E+2	8.96500000E+3	6.00500000E+1	6.00450000E+1	3.29752685E+0	1.34304746E+2	1.49292256E+2
9.65825000E+3	7.96343858E+1	-4.95924000E+5	-4.65796000E+5	1.82000000E+2	9.03000000E+3	6.00510000E+1	6.00450000E+1	3.03106004E+0	1.35218398E+2	1.50372184E+2
9.65850000E+3	7.96265590E+1	-4.96577000E+5	-4.66452000E+5	1.58000000E+2	8.96400000E+3	6.00500000E+1	6.00440000E+1	2.63140364E+0	1.34154871E+2	1.49275604E+2
9.65875000E+3	7.96187383E+1	-4.97230000E+5	-4.67108000E+5	1.81000000E+2	9.14300000E+3	6.00500000E+1	6.00440000E+1	3.01445607E+0	1.36819317E+2	1.52256453E+2
9.65900000E+3	7.96109236E+1	-4.97882000E+5	-4.67764000E+5	1.76000000E+2	8.86400000E+3	6.00500000E+1	6.00450000E+1	2.93113498E+0	1.31773522E+2	1.47610325E+2
9.65925000E+3	7.96031149E+1	-4.98534000E+5	-4.68418000E+5	2.06000000E+2	9.08300000E+3	6.00520000E+1	6.00460000E+1	3.43070313E+0	1.35332712E+2	1.51252248E+2
9.65950000E+3	7.95953123E+1	-4.99185000E+5	-4.69073000E+5	1.95000000E+2	9.20700000E+3	6.00520000E+1	6.00460000E+1	3.24751024E+0	1.37580763E+2	1.53317125E+2
9.65975000E+3	7.95875156E+1	-4.99836000E+5	-4.69726000E+5	1.97000000E+2	8.98600000E+3	6.00510000E+1	6.00450000E+1	3.28087268E+0	1.33519841E+2	1.49639473E+2
9.66000000E+3	7.95797249E+1	-5.00486000E+5	-4.70380000E+5	1.99000000E+2	9.00300000E+3	6.00510000E+1	6.00460000E+1	3.31412584E+0	1.33303359E+2	1.49922566E+2
9.66025000E+3	7.95719401E+1	-5.01135000E+5	-4.71032000E+5	2.33000000E+2	9.10200000E+3	6.00500000E+1	6.00440000E+1	3.88048764E+0	1.35054122E+2	1.51573689E+2
9.66050000E+3	7.95641613E+1	-5.01784000E+5	-4.71684000E+5	2.41000000E+2	9.14600000E+3	6.00530000E+1	6.00470000E+1	4.01352274E+0	1.35996536E+2	1.52298803E+2
9.66075000E+3	7.95563884E+1	-5.02432000E+5	-4.72336000E+5	1.99000000E+2	9.02800000E+3	6.00520000E+1	6.00460000E+1	3.31412584E+0	1.35682409E+2	1.50336375E+2
9.66100000E+3	7.95486215E+1	-5.03080000E+5	-4.72986000E+5	2.34000000E+2	8.98200000E+3	6.00500000E+1	6.00450000E+1	3.89707719E+0	1.34371357E+2	1.49575354E+2
9.66125000E+3	7.95408605E+1	-5.03727000E+5	-4.73637000E+5	2.28000000E+2	8.89200000E+3	6.00510000E+1	6.00460000E+1	3.79708890E+0	1.31671413E+2	1.48074137E+2
9.66150000E+3	7.95331054E+1	-5.04374000E+5	-4.74287000E+5	2.20000000E+2	8.86000000E+3	6.00500000E+1	6.00440000E+1	3.66397975E+0	1.32839301E+2	1.47543714E+2
9.66175000E+3	7.95253561E+1	-5.05020000E+5	-4.74936000E+5	2.21000000E+2	8.80200000E+3	6.00530000E+1	6.00480000E+1	3.68038902E+0	1.31800243E+2	1.46570529E+2
9.66200000E+3	7.95176127E+1	-5.05665000E+5	-4.75584000E+5	2.30000000E+2	8.90900000E+3	6.00500000E+1	6.00450000E+1	3.83046049E+0	1.33039134E+2	1.48359700E+2
9.66225000E+3	7.95098752E+1	-5.06310000E+5	-4.76232000E+5	2.31000000E+2	8.83100000E+3	6.00510000E+1	6.00460000E+1	3.84705059E+0	1.32404123E+2	1.47058334E+2
9.66250000E+3	7.95021436E+1	-5.06954000E+5	-4.76880000E+5	2.47000000E+2	8.73600000E+3	6.00520000E+1	6.00470000E+1	4.11344447E+0	1.30037301E+2	1.45473923E+2
9.66275000E+3	7.94944177E+1	-5.07598000E+5	-4.77527000E+5	2.09000000E+2	8.84300000E+3	6.00500000E+1	6.00450000E+1	3.48072279E+0	1.32805995E+2	1.47260616E+2
9.66300000E+3	7.94866977E+1	-5.08241000E+5	-4.78173000E+5	2.42000000E+2	8.87800000E+3	6.00510000E+1	6.00450000E+1	4.03031060E+0	1.32437428E+2	1.47841002E+2
9.66325000E+3	7.94789835E+1	-5.08884000E+5	-4.78819000E+5	2.39000000E+2	8.86300000E+3	6.00510000E+1	6.00450000E+1	3.98034807E+0	1.32520691E+2	1.47591214E+2
9.66350000E+3	7.94712751E+1	-5.09526000E+5	-4.79464000E+5	2.41000000E+2	8.83600000E+3	6.00510000E+1	6.00460000E+1	4.01358958E+0	1.31321710E+2	1.47141596E+2
9.66375000E+3	7.94635725E+1	-5.10168000E+5	-4.80109000E+5	2.01000000E+2	8.64800000E+3	6.00500000E+1	6.00450000E+1	3.34748938E+0	1.29159034E+2	1.44013322E+2
9.66400000E+3	7.94558757E+1	-5.10809000E+5	-4.80753000E+5	2.35000000E+2	8.93100000E+3	6.00510000E+1	6.00450000E+1	3.91373137E+0	1.33003614E+2	1.48723585E+2
9.66425000E+3	7.94481846E+1	-5.11449000E+5	-4.81397000E+5	2.16000000E+2	8.71800000E+3	6.00500000E+1	6.00450000E+1	3.59730202E+0	1.30407993E+2	1.45179017E+2
9.66450000E+3	7.94404993E+1	-5.12089000E+5	-4.82040000E+5	2.29000000E+2	8.75300000E+3	6.00520000E+1	6.00460000E+1	3.81374280E+0	1.30786652E+2	1.45757011E+2
9.66475000E+3	7.94328197E+1	-5.12728000E+5	-4.82683000E+5	1.89000000E+2	8.76300000E+3	6.00500000E+1	6.00450000E+1	3.14763927E+0	1.30424646E+2	1.45928393E+2
9.66500000E+3	7.94251458E+1	-5.13367000E+5	-4.83325000E+5	2.30000000E+2	8.79300000E+3	6.00510000E+1	6.00460000E+1	3.83039670E+0	1.31488235E+2	1.46425538E+2
9.66525000E+3	7.94174777E+1	-5.14006000E+5	-4.83966000E+5	1.99000000E+2	8.71100000E+3	6.00510000E+1	6.00450000E+1	3.31418103E+0	1.30205992E+2	1.45060032E+2
9.66550000E+3	7.94098152E+1	-5.14643000E+5	-4.84607000E+5	2.09000000E+2	8.55600000E+3	6.00510000E+1	6.00460000E+1	3.48066482E+0	1.27907945E+2	1.42478893E+2
9.66575000E+3	7.94021585E+1	-5.15281000E+5	-4.85247000E+5	1.91000000E+2	8.61000000E+3	6.00510000E+1	6.00450000E+1	3.18094762E+0	1.29306756E+2	1.43378129E+2
9.66600000E+3	7.93945074E+1	-5.15917000E+5	-4.85887000E+5	1.96000000E+2	8.66000000E+3	6.00510000E+1	6.00460000E+1	3.26416414E+0	1.29073621E+2	1.44210754E+2
9.66625000E+3	7.93868620E+1	-5.16553000E+5	-4.86527000E+5	2.00000000E+2	8.65200000E+3	6.00520000E+1	6.00470000E+1	3.33072427E+0	1.27689336E+2	1.44075135E+2
9.66650000E+3	7.93792222E+1	-5.17189000E+5	-4.87165000E+5	1.96000000E+2	8.54700000E+3	6.00500000E+1	6.00440000E+1	3.26427287E+0	1.27327227E+2	1.42331391E+2
9.66675000E+3	7.93715881E+1	-5.17824000E+5	-4.87804000E+5	1.81000000E+2	8.30600000E+3	6.00500000E+1	6.00450000E+1	3.01440586E+0	1.24313072E+2	1.38318068E+2
9.66700000E+3	7.93639596E+1	-5.18459000E+5	-4.88441000E+5	1.71000000E+2	8.67100000E+3	6.00520000E+1	6.00460000E+1	2.84781667E+0	1.30037301E+2	1.44391527E+2
9.66725000E+3	7.93563367E+1	-5.19093000E+5	-4.89078000E+5	1.49000000E+2	8.52100000E+3	6.00510000E+1	6.00460000E+1	2.48143090E+0	1.27075319E+2	1.41896055E+2
9.66750000E+3	7.93487194E+1	-5.19726000E+5	-4.89715000E+5	1.70000000E+2	8.34600000E+3	6.00510000E+1	6.00460000E+1	2.83116278E+0	1.24077867E+2	1.38981865E+2
9.66775000E+3	7.93411078E+1	-5.20359000E+5	-4.90351000E+5	1.84000000E+2	8.34800000E+3	6.00510000E+1	6.00460000E+1	3.06431736E+0	1.24360960E+2	1.39015170E+2
9.66800000E+3	7.93335017E+1	-5.20991000E+5	-4.90987000E+5	1.65000000E+2	8.35600000E+3	6.00500000E+1	6.00450000E+1	2.74793905E+0	1.23580350E+2	1.39150708E+2
9.66825000E+3	7.93259011E+1	-5.21623000E+5	-4.91622000E+5	1.73000000E+2	8.48800000E+3	6.00510000E+1	6.00450000E+1	2.88117245E+0	1.26675659E+2	1.41346522E+2
9.66850000E+3	7.93183062E+1	-5.22254000E+5	-4.92256000E+5	1.72000000E+2	8.43700000E+3	6.00500000E+1	6.00450000E+1	2.86451828E+0	1.25861782E+2	1.40499584E+2
9.66875000E+3	7.93107168E+1	-5.22885000E+5	-4.92890000E+5	1.59000000E+2	8.41800000E+3	6.00510000E+1	6.00460000E+1	2.64796989E+0	1.24760620E+2	1.40180846E+2
9.66900000E+3	7.93031329E+1	-5.23515000E+5	-4.93524000E+5	1.56000000E+2	8.42800000E+3	6.00500000E+1	6.00450000E+1	2.59805146E+0	1.25611990E+2	1.40349709E+2
9.66925000E+3	7.92955545E+1	-5.24145000E+5	-4.94156000E+5	1.70000000E+2	8.30700000E+3	6.00520000E+1	6.00470000E+1	2.83111563E+0	1.23209885E+2	1.38330114E+2
9.66950000E+3	7.92879817E+1	-5.24774000E+5	-4.94789000E+5	1.67000000E+2	8.20900000E+3	6.00510000E+1	6.00460000E+1	2.78120108E+0	1.22179481E+2	1.36700471E+2
9.66975000E+3	7.92804143E+1	-5.25403000E+5	-4.95421000E+5	1.50000000E+2	8.31900000E+3	6.00520000E+1	6.00460000E+1	2.49808480E+0	1.24442150E+2	1.38529941E+2
9.67000000E+3	7.92728525E+1	-5.26031000E+5	-4.96052000E+5	1.57000000E+2	8.16200000E+3	6.00510000E+1	6.00460000E+1	2.61466209E+0	1.21746515E+2	1.35917803E+2
9.67025000E+3	7.92652961E+1	-5.26659000E+5	-4.96683000E+5	1.38000000E+2	8.27900000E+3	6.00500000E+1	6.00450000E+1	2.29827629E+0	1.22830974E+2	1.37868443E+2
9.67050000E+3	7.92577452E+1	-5.27286000E+5	-4.97313000E+5	1.50000000E+2	8.28600000E+3	6.00520000E+1	6.00470000E+1	2.49804320E+0	1.23293146E+2	1.37980417E+2
9.67075000E+3	7.92501998E+1	-5.27913000E+5	-4.97943000E+5	1.67000000E+2	8.14800000E+3	6.00510000E+1	6.00460000E+1	2.78120108E+0	1.20797322E+2	1.35684668E+2
9.67100000E+3	7.92426598E+1	-5.28539000E+5	-4.98572000E+5	1.24000000E+2	8.41100000E+3	6.00510000E+1	6.00460000E+1	2.06508344E+0	1.24144477E+2	1.40064279E+2
9.67125000E+3	7.92351252E+1	-5.29164000E+5	-4.99201000E+5	1.45000000E+2	8.20100000E+3	6.00520000E+1	6.00470000E+1	2.41477509E+0	1.21877706E+2	1.36564977E+2
9.67150000E+3	7.92275961E+1	-5.29789000E+5	-4.99829000E+5	1.41000000E+2	8.22000000E+3	6.00510000E+1	6.00460000E+1	2.34819971E+0	1.21363508E+2	1.36883649E+2
9.67175000E+3	7.92200724E+1	-5.30414000E+5	-5.00457000E+5	1.56000000E+2	8.20100000E+3	6.00510000E+1	6.00460000E+1	2.59800819E+0	1.21746515E+2	1.36567251E+2
9.67200000E+3	7.92125541E+1	-5.31038000E+5	-5.01084000E+5	1.60000000E+2	8.04400000E+3	6.00510000E+1	6.00460000E+1	2.66462379E+0	1.20197832E+2	1.33952807E+2
9.67225000E+3	7.92050411E+1	-5.31661000E+5	-5.01711000E+5	1.52000000E+2	8.15800000E+3	6.00510000E+1	6.00460000E+1	2.53139260E+0	1.22479226E+2	1.35851193E+2
9.67250000E+3	7.91975336E+1	-5.32284000E+5	-5.02337000E+5	1.62000000E+2	8.00400000E+3	6.00510000E+1	6.00460000E+1	2.69793159E+0	1.19265291E+2	1.33286706E+2
9.67275000E+3	7.91900314E+1	-5.32907000E+5	-5.02962000E+5	1.52000000E+2	8.04500000E+3	6.00520000E+1	6.00470000E+1	2.53135044E+0	1.19446480E+2	1.33967228E+2
9.67300000E+3	7.91825346E+1	-5.33529000E+5	-5.03587000E+5	1.78000000E+2	8.28900000E+3	6.00500000E+1	6.00450000E+1	2.96444333E+0	1.23930058E+2	1.38034971E+2
9.67325000E+3	7.91750431E+1	-5.34150000E+5	-5.04212000E+5	1.47000000E+2	7.96600000E+3	6.00510000E+1	6.00460000E+1	2.44812311E+0	1.18416013E+2	1.32653911E+2
9.67350000E+3	7.91675570E+1	-5.34771000E+5	-5.04836000E+5	1.26000000E+2	8.11900000E+3	6.00510000E+1	6.00460000E+1	2.09839123E+0	1.19964697E+2	1.35201745E+2
9.67375000E+3	7.91600762E+1	-5.35392000E+5	-5.05460000E+5	1.23000000E+2	8.09200000E+3	6.00510000E+1	6.00460000E+1	2.04842954E+0	1.20381009E+2	1.34752127E+2
9.67400000E+3	7.91526007E+1	-5.36011000E+5	-5.06083000E+5	1.66000000E+2	8.11100000E+3	6.00510000E+1	6.00460000E+1	2.76454718E+0	1.19764867E+2	1.35068525E+2
9.67425000E+3	7.91451305E+1	-5.36631000E+5	-5.06705000E+5	1.44000000E+2	8.07100000E+3	6.00510000E+1	6.00460000E+1	2.39816141E+0	1.19664951E+2	1.34402425E+2
9.67450000E+3	7.91376656E+1	-5.37250000E+5	-5.07327000E+5	1.56000000E+2	7.97700000E+3	6.00510000E+1	6.00460000E+1	2.59800819E+0	1.18515928E+2	1.32837088E+2
9.67475000E+3	7.91302060E+1	-5.37868000E+5	-5.07949000E+5	1.25000000E+2	7.89800000E+3	6.00500000E+1	6.00450000E+1	2.08177200E+0	1.17635304E+2	1.31523730E+2
9.67500000E+3	7.91227517E+1	-5.38486000E+5	-5.08570000E+5	1.44000000E+2	8.02700000E+3	6.00520000E+1	6.00470000E+1	2.39812147E+0	1.19413175E+2	1.33667488E+2
9.67525000E+3	7.91153026E+1	-5.39103000E+5	-5.09191000E+5	1.43000000E+2	7.91800000E+3	6.00520000E+1	6.00470000E+1	2.38146785E+0	1.17215080E+2	1.31852395E+2
9.67550000E+3	7.91078588E+1	-5.39720000E+5	-5.09811000E+5	1.51000000E+2	8.09400000E+3	6.00500000E+1	6.00450000E+1	2.51478058E+0	1.20366361E+2	1.34787677E+2
9.67575000E+3	7.91004202E+1	-5.40337000E+5	-5.10430000E+5	1.32000000E+2	8.09900000E+3	6.00520000E+1	6.00470000E+1	2.19827802E+0	1.19712915E+2	1.34866449E+2
9.67600000E+3	7.90929869E+1	-5.40953000E+5	-5.11049000E+5	1.30000000E+2	8.00100000E+3	6.00510000E+1	6.00460000E+1	2.16500683E+0	1.18066310E+2	1.33236749E+2
9.67625000E+3	7.90855588E+1	-5.41568000E+5	-5.11668000E+5	1.52000000E+2	7.94100000E+3	6.00500000E+1	6.00450000E+1	2.53143476E+0	1.18118235E+2	1.32239800E+2
9.67650000E+3	7.90781359E+1	-5.42183000E+5	-5.12286000E+5	1.45000000E+2	8.13500000E+3	6.00510000E+1	6.00460000E+1	2.41481531E+0	1.19798172E+2	1.35468185E+2
9.67675000E+3	7.90707181E+1	-5.42797000E+5	-5.12903000E+5	1.49000000E+2	8.01800000E+3	6.00500000E+1	6.00460000E+1	2.48143090E+0	1.18767694E+2	1.33522065E+2
9.67700000E+3	7.90633056E+1	-5.43411000E+5	-5.13521000E+5	1.42000000E+2	8.02200000E+3	6.00500000E+1	6.00460000E+1	2.36485361E+0	1.18151540E+2	1.33588676E+2
9.67725000E+3	7.90558983E+1	-5.44025000E+5	-5.14137000E+5	1.48000000E+2	8.12700000E+3	6.00500000E+1	6.00450000E+1	2.46481805E+0	1.20799334E+2	1.35337219E+2
9.67750000E+3	7.90484961E+1	-5.44638000E+5	-5.14753000E+5	1.18000000E+2	7.89100000E+3	6.00510000E+1	6.00460000E+1	1.96516004E+0	1.16334449E+2	1.31404972E+2
9.67775000E+3	7.90410991E+1	-5.45250000E+5	-5.15369000E+5	1.37000000E+2	8.02700000E+3	6.00510000E+1	6.00460000E+1	2.28158412E+0	1.19165376E+2	1.33669714E+2
9.67800000E+3	7.90337072E+1	-5.45862000E+5	-5.15984000E+5	1.29000000E+2	7.84000000E+3	6.00500000E+1	6.00450000E+1	2.14838871E+0	1.17452123E+2	1.30557868E+2
9.67825000E+3	7.90263205E+1	-5.46473000E+5	-5.16598000E+5	1.34000000E+2	7.89600000E+3	6.00500000E+1	6.00460000E+1	2.23162242E+0	1.16552873E+2	1.31490425E+2
9.67850000E+3	7.90189389E+1	-5.47084000E+5	-5.17213000E+5	1.21000000E+2	7.83600000E+3	6.00510000E+1	6.00460000E+1	2.01512174E+0	1.16451017E+2	1.30489084E+2
9.67875000E+3	7.90115625E+1	-5.47695000E+5	-5.17826000E+5	1.32000000E+2	7.78300000E+3	6.00510000E+1	6.00460000E+1	2.19831463E+0	1.15451866E+2	1.29606501E+2
9.67900000E+3	7.90041911E+1	-5.48305000E+5	-5.18439000E+5	1.21000000E+2	7.81400000E+3	6.00500000E+1	6.00450000E+1	2.01515530E+0	1.16353039E+2	1.30124896E+2
9.67925000E+3	7.89968248E+1	-5.48914000E+5	-5.19052000E+5	1.44000000E+2	7.93900000E+3	6.00510000E+1	6.00460000E+1	2.39816141E+0	1.17316947E+2	1.32204293E+2
9.67950000E+3	7.89894637E+1	-5.49523000E+5	-5.19664000E+5	1.11000000E+2	7.79800000E+3	6.00500000E+1	6.00450000E+1	1.84861354E+0	1.15020816E+2	1.29858451E+2
9.67975000E+3	7.89821076E+1	-5.50132000E+5	-5.20276000E+5	1.30000000E+2	7.94200000E+3	6.00500000E+1	6.00450000E+1	2.16504288E+0	1.17701915E+2	1.32256453E+2
9.68000000E+3	7.89747565E+1	-5.50740000E+5	-5.20887000E+5	1.50000000E+1	8.29000000E+2	6.05000000E+0	6.05000000E+0	2.47933884E+0	1.22479339E+2	1.37024793E+2
9.68025000E+3	7.89674106E+1	-5.51347000E+5	-5.21498000E+5	1.90000000E+1	7.56000000E+2	6.04900000E+0	6.04900000E+0	3.14101504E+0	1.12415275E+2	1.24979335E+2
9.68050000E+3	7.89600697E+1	-5.51954000E+5	-5.22108000E+5	1.30000000E+1	7.65000000E+2	6.05100000E+0	6.05100000E+0	2.14840522E+0	1.11386548E+2	1.26425384E+2
9.68075000E+3	7.89527338E+1	-5.52561000E+5	-5.22718000E+5	9.00000000E+0	8.00000000E+2	6.04900000E+0	6.04900000E+0	1.48784923E+0	1.17044140E+2	1.32253265E+2
9.68100000E+3	7.89454030E+1	-5.53167000E+5	-5.23327000E+5	1.20000000E+1	7.69000000E+2	6.04900000E+0	6.04900000E+0	1.98379898E+0	1.11258059E+2	1.27128451E+2
9.68125000E+3	7.89380771E+1	-5.53773000E+5	-5.23936000E+5	2.30000000E+1	8.06000000E+2	6.05000000E+0	6.05000000E+0	3.80165289E+0	1.19669421E+2	1.33223140E+2
9.68150000E+3	7.89307563E+1	-5.54378000E+5	-5.24544000E+5	1.10000000E+1	7.59000000E+2	6.05000000E+0	6.05000000E+0	1.81818182E+0	1.12231405E+2	1.25454545E+2
9.68175000E+3	7.89234405E+1	-5.54982000E+5	-5.25152000E+5	1.10000000E+1	7.60000000E+2	6.04900000E+0	6.04900000E+0	1.81848239E+0	1.12084642E+2	1.25640602E+2
9.68200000E+3	7.89161297E+1	-5.55587000E+5	-5.25759000E+5	1.10000000E+1	7.67000000E+2	6.04900000E+0	6.04900000E+0	1.81848239E+0	1.11754009E+2	1.26797818E+2
9.68225000E+3	7.89088239E+1	-5.56190000E+5	-5.26366000E+5	1.10000000E+1	7.65000000E+2	6.04900000E+0	6.04900000E+0	1.81848239E+0	1.10596793E+2	1.26467185E+2
9.68250000E+3	7.89015230E+1	-5.56794000E+5	-5.26972000E+5	1.30000000E+1	8.10000000E+2	6.05000000E+0	6.05000000E+0	2.14876033E+0	1.17685950E+2	1.33884298E+2
9.68275000E+3	7.88942271E+1	-5.57396000E+5	-5.27578000E+5	1.40000000E+1	7.53000000E+2	6.04900000E+0	6.04900000E+0	2.31443214E+0	1.11258059E+2	1.24483386E+2
9.68300000E+3	7.88869362E+1	-5.57999000E+5	-5.28184000E+5	1.00000000E+1	7.68000000E+2	6.04900000E+0	6.04900000E+0	1.65316581E+0	1.16217557E+2	1.26963134E+2
9.68325000E+3	7.88796502E+1	-5.58600000E+5	-5.28789000E+5	1.00000000E+1	7.47000000E+2	6.05100000E+0	6.05100000E+0	1.65261940E+0	1.08577095E+2	1.23450669E+2
9.68350000E+3	7.88723691E+1	-5.59202000E+5	-5.29393000E+5	1.10000000E+1	7.92000000E+2	6.05000000E+0	6.04900000E+0	1.81848239E+0	1.16528926E+2	1.30909091E+2
9.68375000E+3	7.88650930E+1	-5.59803000E+5	-5.29997000E+5	1.20000000E+1	7.70000000E+2	6.05100000E+0	6.05100000E+0	1.98314328E+0	1.11882333E+2	1.27251694E+2
9.68400000E+3	7.88578217E+1	-5.60403000E+5	-5.30601000E+5	1.90000000E+1	7.83000000E+2	6.04900000E+0	6.04900000E+0	3.14101504E+0	1.14895024E+2	1.29442883E+2
9.68425000E+3	7.88505554E+1	-5.61003000E+5	-5.31204000E+5	1.60000000E+1	7.91000000E+2	6.04900000E+0	6.04900000E+0	2.64506530E+0	1.16382873E+2	1.30765416E+2
9.68450000E+3	7.88432940E+1	-5.61602000E+5	-5.31806000E+5	1.80000000E+1	7.66000000E+2	6.04900000E+0	6.04900000E+0	2.97569846E+0	1.13076542E+2	1.26632501E+2
9.68475000E+3	7.88360375E+1	-5.62201000E+5	-5.32408000E+5	1.40000000E+1	7.30000000E+2	6.04900000E+0	6.04900000E+0	2.31443214E+0	1.08282361E+2	1.20681104E+2
9.68500000E+3	7.88287858E+1	-5.62800000E+5	-5.33010000E+5	1.10000000E+1	7.67000000E+2	6.05000000E+0	6.05000000E+0	1.81818182E+0	1.11735537E+2	1.26776860E+2
9.68525000E+3	7.88215391E+1	-5.63398000E+5	-5.33611000E+5	9.00000000E+0	8.27000000E+2	6.04900000E+0	6.04900000E+0	1.48784923E+0	1.17870722E+2	1.36716813E+2
9.68550000E+3	7.88142971E+1	-5.63995000E+5	-5.34212000E+5	1.00000000E+1	7.66000000E+2	6.04900000E+0	6.04900000E+0	1.65316581E+0	1.12249959E+2	1.26632501E+2
9.68575000E+3	7.88070601E+1	-5.64593000E+5	-5.34812000E+5	1.60000000E+1	7.98000000E+2	6.05100000E+0	6.05100000E+0	2.64419104E+0	1.18658073E+2	1.31879028E+2
9.68600000E+3	7.87998278E+1	-5.65189000E+5	-5.35412000E+5	1.60000000E+1	7.73000000E+2	6.05000000E+0	6.05000000E+0	2.64462810E+0	1.13719008E+2	1.27768595E+2
9.68625000E+3	7.87926004E+1	-5.65785000E+5	-5.36011000E+5	1.60000000E+1	7.83000000E+2	6.05100000E+0	6.05100000E+0	2.64419104E+0	1.18327549E+2	1.29400099E+2
9.68650000E+3	7.87853779E+1	-5.66381000E+5	-5.36610000E+5	6.00000000E+0	7.13000000E+2	6.05000000E+0	6.05000000E+0	9.91735537E-1	1.05123967E+2	1.17851240E+2
9.68675000E+3	7.87781601E+1	-5.66976000E+5	-5.37209000E+5	1.80000000E+1	7.87000000E+2	6.05000000E+0	6.05000000E+0	2.97520661E+0	1.13884298E+2	1.30082645E+2
9.68700000E+3	7.87709472E+1	-5.67571000E+5	-5.37807000E+5	1.90000000E+1	7.65000000E+2	6.04900000E+0	6.04900000E+0	3.14101504E+0	1.13407175E+2	1.26467185E+2
9.68725000E+3	7.87637390E+1	-5.68166000E+5	-5.38404000E+5	9.00000000E+0	7.37000000E+2	6.04900000E+0	6.04900000E+0	1.48784923E+0	1.08943627E+2	1.21838320E+2
9.68750000E+3	7.87565357E+1	-5.68759000E+5	-5.39001000E+5	1.60000000E+1	7.78000000E+2	6.04900000E+0	6.04900000E+0	2.64506530E+0	1.15390974E+2	1.28616300E+2
9.68775000E+3	7.87493371E+1	-5.69353000E+5	-5.39598000E+5	6.00000000E+0	7.15000000E+2	6.05000000E+0	6.05000000E+0	9.91735537E-1	1.03801653E+2	1.18181818E+2
9.68800000E+3	7.87421433E+1	-5.69946000E+5	-5.40194000E+5	1.40000000E+1	7.73000000E+2	6.05000000E+0	6.05000000E+0	2.31404959E+0	1.13719008E+2	1.27768595E+2
9.68825000E+3	7.87349542E+1	-5.70538000E+5	-5.40790000E+5	1.30000000E+1	7.24000000E+2	6.05000000E+0	6.05000000E+0	2.14876033E+0	1.05619835E+2	1.19669421E+2
9.68850000E+3	7.87277699E+1	-5.71130000E+5	-5.41385000E+5	1.00000000E+1	7.24000000E+2	6.04800000E+0	6.04800000E+0	1.65343915E+0	1.05985450E+2	1.19708995E+2
9.68875000E+3	7.87205904E+1	-5.71722000E+5	-5.41980000E+5	1.30000000E+1	7.72000000E+2	6.05100000E+0	6.05100000E+0	2.14840522E+0	1.12212857E+2	1.27582218E+2
9.68900000E+3	7.87134155E+1	-5.72313000E+5	-5.42574000E+5	1.10000000E+1	7.25000000E+2	6.04900000E+0	6.04900000E+0	1.81848239E+0	1.05141346E+2	1.19854521E+2
9.68925000E+3	7.87062455E+1	-5.72904000E+5	-5.43168000E+5	1.30000000E+1	7.63000000E+2	6.05000000E+0	6.05000000E+0	2.14876033E+0	1.11570248E+2	1.26115702E+2
9.68950000E+3	7.86990801E+1	-5.73494000E+5	-5.43761000E+5	1.30000000E+1	7.32000000E+2	6.05000000E+0	6.05000000E+0	2.14876033E+0	1.05785124E+2	1.20991736E+2
9.68975000E+3	7.86919194E+1	-5.74084000E+5	-5.44354000E+5	1.60000000E+1	7.51000000E+2	6.04900000E+0	6.04900000E+0	2.64506530E+0	1.11754009E+2	1.24152753E+2
9.69000000E+3	7.86847634E+1	-5.74673000E+5	-5.44947000E+5	6.00000000E+0	7.51000000E+2	6.04900000E+0	6.04900000E+0	9.91899488E-1	1.12249959E+2	1.24152753E+2
9.69025000E+3	7.86776122E+1	-5.75262000E+5	-5.45539000E+5	1.40000000E+1	7.12000000E+2	6.05100000E+0	6.05100000E+0	2.31366716E+0	1.05437118E+2	1.17666501E+2
9.69050000E+3	7.86704656E+1	-5.75851000E+5	-5.46130000E+5	1.40000000E+1	7.31000000E+2	6.04800000E+0	6.04800000E+0	2.31481481E+0	1.09126984E+2	1.20866402E+2
9.69075000E+3	7.86633237E+1	-5.76439000E+5	-5.46721000E+5	1.00000000E+1	7.09000000E+2	6.05100000E+0	6.05100000E+0	1.65261940E+0	1.04776070E+2	1.17170716E+2
9.69100000E+3	7.86561864E+1	-5.77026000E+5	-5.47312000E+5	1.70000000E+1	7.53000000E+2	6.05000000E+0	6.05000000E+0	2.80991736E+0	1.13057851E+2	1.24462810E+2
9.69125000E+3	7.86490538E+1	-5.77613000E+5	-5.47902000E+5	9.00000000E+0	7.34000000E+2	6.05200000E+0	6.05200000E+0	1.48711170E+0	1.07732981E+2	1.21282221E+2
9.69150000E+3	7.86419259E+1	-5.78200000E+5	-5.48492000E+5	8.00000000E+0	7.23000000E+2	6.05000000E+0	6.05000000E+0	1.32231405E+0	1.04462810E+2	1.19504132E+2
9.69175000E+3	7.86348026E+1	-5.78786000E+5	-5.49082000E+5	1.20000000E+1	7.17000000E+2	6.05100000E+0	6.05100000E+0	1.98314328E+0	1.04610808E+2	1.18492811E+2
9.69200000E+3	7.86276839E+1	-5.79372000E+5	-5.49670000E+5	8.00000000E+0	6.88000000E+2	6.05000000E+0	6.05000000E+0	1.32231405E+0	1.00330579E+2	1.13719008E+2
9.69225000E+3	7.86205698E+1	-5.79957000E+5	-5.50259000E+5	1.00000000E+1	7.28000000E+2	6.05000000E+0	6.05000000E+0	1.65289256E+0	1.08760331E+2	1.20330579E+2
9.69250000E+3	7.86134604E+1	-5.80542000E+5	-5.50847000E+5	1.60000000E+1	7.48000000E+2	6.05000000E+0	6.05000000E+0	2.64462810E+0	1.11074380E+2	1.23636364E+2
9.69275000E+3	7.86063556E+1	-5.81127000E+5	-5.51435000E+5	1.00000000E+1	7.70000000E+2	6.05100000E+0	6.05100000E+0	1.65261940E+0	1.10725500E+2	1.27251694E+2
9.69300000E+3	7.85992553E+1	-5.81711000E+5	-5.52022000E+5	1.10000000E+1	7.32000000E+2	6.05000000E+0	6.05000000E+0	1.81818182E+0	1.09090909E+2	1.20991736E+2
9.69325000E+3	7.85921597E+1	-5.82294000E+5	-5.52608000E+5	1.20000000E+1	7.16000000E+2	6.05100000E+0	6.05100000E+0	1.98314328E+0	1.06924475E+2	1.18327549E+2
9.69350000E+3	7.85850686E+1	-5.82877000E+5	-5.53195000E+5	1.10000000E+1	7.23000000E+2	6.05000000E+0	6.05000000E+0	1.81818182E+0	1.05454545E+2	1.19504132E+2
9.69375000E+3	7.85779821E+1	-5.83460000E+5	-5.53780000E+5	1.40000000E+1	7.56000000E+2	6.04900000E+0	6.04900000E+0	2.31443214E+0	1.11092743E+2	1.24979335E+2
9.69400000E+3	7.85709002E+1	-5.84042000E+5	-5.54366000E+5	8.00000000E+0	6.88000000E+2	6.04900000E+0	6.04900000E+0	1.32253265E+0	9.95205819E+1	1.13737808E+2
9.69425000E+3	7.85638228E+1	-5.84624000E+5	-5.54951000E+5	7.00000000E+0	7.16000000E+2	6.05000000E+0	6.05000000E+0	1.15702479E+0	1.06611570E+2	1.18347107E+2
9.69450000E+3	7.85567500E+1	-5.85205000E+5	-5.55535000E+5	1.10000000E+1	7.24000000E+2	6.05000000E+0	6.05000000E+0	1.81818182E+0	1.08264463E+2	1.19669421E+2
9.69475000E+3	7.85496817E+1	-5.85786000E+5	-5.56119000E+5	1.20000000E+1	7.33000000E+2	6.04900000E+0	6.04900000E+0	1.98379898E+0	1.05967929E+2	1.21177054E+2
9.69500000E+3	7.85426180E+1	-5.86367000E+5	-5.56703000E+5	9.00000000E+0	7.00000000E+2	6.05000000E+0	6.05000000E+0	1.48760331E+0	1.00495868E+2	1.15702479E+2
9.69525000E+3	7.85355588E+1	-5.86947000E+5	-5.57286000E+5	9.00000000E+0	7.24000000E+2	6.04900000E+0	6.04900000E+0	1.48784923E+0	1.04810713E+2	1.19689205E+2
9.69550000E+3	7.85285041E+1	-5.87526000E+5	-5.57869000E+5	1.90000000E+1	7.52000000E+2	6.05000000E+0	6.05000000E+0	3.14049587E+0	1.13553719E+2	1.24297521E+2
9.69575000E+3	7.85214539E+1	-5.88106000E+5	-5.58451000E+5	1.40000000E+1	6.86000000E+2	6.05100000E+0	6.05100000E+0	2.31366716E+0	1.01636093E+2	1.13369691E+2
9.69600000E+3	7.85144082E+1	-5.88684000E+5	-5.59033000E+5	1.70000000E+1	7.10000000E+2	6.04900000E+0	6.04900000E+0	2.81038188E+0	1.03653496E+2	1.17374773E+2
9.69625000E+3	7.85073669E+1	-5.89263000E+5	-5.59615000E+5	8.00000000E+0	7.41000000E+2	6.05100000E+0	6.05100000E+0	1.32209552E+0	1.06924475E+2	1.22459098E+2
9.69650000E+3	7.85003302E+1	-5.89841000E+5	-5.60196000E+5	1.30000000E+1	7.07000000E+2	6.05100000E+0	6.05100000E+0	2.14840522E+0	1.04115022E+2	1.16840192E+2
9.69675000E+3	7.84932980E+1	-5.90418000E+5	-5.60776000E+5	2.00000000E+1	7.15000000E+2	6.05000000E+0	6.05000000E+0	3.30578512E+0	1.04793388E+2	1.18181818E+2
9.69700000E+3	7.84862702E+1	-5.90995000E+5	-5.61357000E+5	1.30000000E+1	7.45000000E+2	6.05000000E+0	6.05000000E+0	2.14876033E+0	1.09917355E+2	1.23140496E+2
9.69725000E+3	7.84792469E+1	-5.91572000E+5	-5.61936000E+5	8.00000000E+0	6.68000000E+2	6.05000000E+0	6.05000000E+0	1.32231405E+0	9.98347107E+1	1.10413223E+2
9.69750000E+3	7.84722280E+1	-5.92148000E+5	-5.62516000E+5	1.10000000E+1	6.95000000E+2	6.05000000E+0	6.05000000E+0	1.81818182E+0	1.03140496E+2	1.14876033E+2
9.69775000E+3	7.84652136E+1	-5.92724000E+5	-5.63095000E+5	1.80000000E+1	7.09000000E+2	6.04900000E+0	6.04900000E+0	2.97569846E+0	1.03488180E+2	1.17209456E+2
9.69800000E+3	7.84582036E+1	-5.93299000E+5	-5.63673000E+5	1.00000000E+1	7.09000000E+2	6.05000000E+0	6.05000000E+0	1.65289256E+0	1.05619835E+2	1.17190083E+2
9.69825000E+3	7.84511980E+1	-5.93874000E+5	-5.64251000E+5	8.00000000E+0	7.33000000E+2	6.05000000E+0	6.05000000E+0	1.32231405E+0	1.07272727E+2	1.21157025E+2
9.69850000E+3	7.84441969E+1	-5.94448000E+5	-5.64829000E+5	1.40000000E+1	7.37000000E+2	6.04900000E+0	6.04900000E+0	2.31443214E+0	1.09935527E+2	1.21838320E+2
9.69875000E+3	7.84372001E+1	-5.95023000E+5	-5.65406000E+5	9.00000000E+0	6.51000000E+2	6.04900000E+0	6.04900000E+0	1.48784923E+0	9.62142503E+1	1.07621094E+2
9.69900000E+3	7.84302078E+1	-5.95596000E+5	-5.65983000E+5	1.00000000E+1	6.77000000E+2	6.05000000E+0	6.05000000E+0	1.65289256E+0	9.78512397E+1	1.11900826E+2
9.69925000E+3	7.84232199E+1	-5.96169000E+5	-5.66559000E+5	1.10000000E+1	7.28000000E+2	6.04900000E+0	6.04900000E+0	1.81848239E+0	1.05471979E+2	1.20350471E+2
9.69950000E+3	7.84162363E+1	-5.96742000E+5	-5.67135000E+5	7.00000000E+0	6.93000000E+2	6.05000000E+0	6.05000000E+0	1.15702479E+0	1.00826446E+2	1.14545455E+2
9.69975000E+3	7.84092572E+1	-5.97315000E+5	-5.67711000E+5	9.00000000E+0	7.49000000E+2	6.04900000E+0	6.04900000E+0	1.48784923E+0	1.08612994E+2	1.23822119E+2
9.70000000E+3	7.84022824E+1	-5.97886000E+5	-5.68286000E+5	1.90000000E+1	7.10000000E+2	6.05100000E+0	6.05100000E+0	3.13997686E+0	1.05106594E+2	1.17335978E+2
