0.1m ZnCl2 in capillary, redone for longer time
k beta - VTC XES
Pd X-ray tube.  At 35 kV and 2.8 mA.  Ge 555 optic. 
***************************
Energy_(eV)	theta_(deg)	source_(ustep)	detect_(ustep)	ROI_counts	total_counts	real_time	live_time	cnts_per_live	ICR_(cnts/sec)	OCR_(cnts/sec)
9.55000000E+3	8.39082055E+1	-1.30004000E+5	-9.84830000E+4	3.90000000E+1	5.21800000E+3	6.05000000E+0	6.04700000E+0	6.44947908E+0	8.13223140E+2	8.62479339E+2
9.55025000E+3	8.38949558E+1	-1.31163000E+5	-9.96450000E+4	4.50000000E+1	5.38400000E+3	6.04900000E+0	6.04600000E+0	7.44293748E+0	8.36667218E+2	8.90064473E+2
9.55050000E+3	8.38817338E+1	-1.32318000E+5	-1.00804000E+5	3.90000000E+1	5.43100000E+3	6.05100000E+0	6.04700000E+0	6.44947908E+0	8.47793753E+2	8.97537597E+2
9.55075000E+3	8.38685393E+1	-1.33472000E+5	-1.01961000E+5	4.90000000E+1	5.31500000E+3	6.04900000E+0	6.04600000E+0	8.10453192E+0	8.22780625E+2	8.78657629E+2
9.55100000E+3	8.38553722E+1	-1.34623000E+5	-1.03115000E+5	4.00000000E+1	5.29700000E+3	6.05000000E+0	6.04600000E+0	6.61594443E+0	8.21652893E+2	8.75537190E+2
9.55125000E+3	8.38422322E+1	-1.35771000E+5	-1.04266000E+5	3.90000000E+1	5.41700000E+3	6.04900000E+0	6.04500000E+0	6.45161290E+0	8.41130765E+2	8.95519921E+2
9.55150000E+3	8.38291192E+1	-1.36917000E+5	-1.05415000E+5	3.00000000E+1	5.60400000E+3	6.05000000E+0	6.04600000E+0	4.96195832E+0	8.74545455E+2	9.26280992E+2
9.55175000E+3	8.38160331E+1	-1.38060000E+5	-1.06562000E+5	3.10000000E+1	5.46000000E+3	6.05000000E+0	6.04600000E+0	5.12735693E+0	8.44297521E+2	9.02479339E+2
9.55200000E+3	8.38029737E+1	-1.39201000E+5	-1.07706000E+5	4.20000000E+1	5.60200000E+3	6.05000000E+0	6.04600000E+0	6.94674165E+0	8.65785124E+2	9.25950413E+2
9.55225000E+3	8.37899407E+1	-1.40340000E+5	-1.08848000E+5	3.70000000E+1	5.63100000E+3	6.05000000E+0	6.04700000E+0	6.11873656E+0	8.70743802E+2	9.30743802E+2
9.55250000E+3	8.37769342E+1	-1.41476000E+5	-1.09987000E+5	4.30000000E+1	5.63000000E+3	6.05000000E+0	6.04700000E+0	7.11096411E+0	8.79669421E+2	9.30578512E+2
9.55275000E+3	8.37639539E+1	-1.42609000E+5	-1.11124000E+5	4.00000000E+1	5.63500000E+3	6.04900000E+0	6.04600000E+0	6.61594443E+0	8.69730534E+2	9.31558935E+2
9.55300000E+3	8.37509996E+1	-1.43741000E+5	-1.12259000E+5	3.60000000E+1	5.68500000E+3	6.04900000E+0	6.04600000E+0	5.95434998E+0	8.77996363E+2	9.39824764E+2
9.55325000E+3	8.37380712E+1	-1.44869000E+5	-1.13391000E+5	4.30000000E+1	5.56500000E+3	6.05100000E+0	6.04700000E+0	7.11096411E+0	8.57213684E+2	9.19682697E+2
9.55350000E+3	8.37251686E+1	-1.45996000E+5	-1.14521000E+5	3.90000000E+1	5.58600000E+3	6.05000000E+0	6.04600000E+0	6.45054582E+0	8.61487603E+2	9.23305785E+2
9.55375000E+3	8.37122916E+1	-1.47120000E+5	-1.15648000E+5	3.70000000E+1	5.62900000E+3	6.05000000E+0	6.04600000E+0	6.11974859E+0	8.69586777E+2	9.30413223E+2
9.55400000E+3	8.36994401E+1	-1.48242000E+5	-1.16773000E+5	3.80000000E+1	5.81100000E+3	6.05100000E+0	6.04700000E+0	6.28410782E+0	9.00181788E+2	9.60337134E+2
9.55425000E+3	8.36866138E+1	-1.49361000E+5	-1.17896000E+5	3.90000000E+1	5.73900000E+3	6.04800000E+0	6.04500000E+0	6.45161290E+0	8.90211640E+2	9.48908730E+2
9.55450000E+3	8.36738128E+1	-1.50479000E+5	-1.19016000E+5	4.90000000E+1	5.69200000E+3	6.05000000E+0	6.04600000E+0	8.10453192E+0	8.87107438E+2	9.40826446E+2
9.55475000E+3	8.36610367E+1	-1.51594000E+5	-1.20134000E+5	4.50000000E+1	5.72100000E+3	6.04900000E+0	6.04600000E+0	7.44293748E+0	8.85931559E+2	9.45776161E+2
9.55500000E+3	8.36482855E+1	-1.52706000E+5	-1.21250000E+5	4.90000000E+1	5.77400000E+3	6.04900000E+0	6.04600000E+0	8.10453192E+0	8.97007770E+2	9.54537940E+2
9.55525000E+3	8.36355591E+1	-1.53816000E+5	-1.22364000E+5	3.80000000E+1	5.78500000E+3	6.05000000E+0	6.04600000E+0	6.28514720E+0	9.00826446E+2	9.56198347E+2
9.55550000E+3	8.36228572E+1	-1.54924000E+5	-1.23475000E+5	3.30000000E+1	5.79800000E+3	6.04900000E+0	6.04600000E+0	5.45815415E+0	8.98495619E+2	9.58505538E+2
9.55575000E+3	8.36101798E+1	-1.56030000E+5	-1.24584000E+5	3.90000000E+1	5.67900000E+3	6.05000000E+0	6.04700000E+0	6.44947908E+0	8.76033058E+2	9.38677686E+2
9.55600000E+3	8.35975267E+1	-1.57134000E+5	-1.25691000E+5	4.20000000E+1	5.98300000E+3	6.05100000E+0	6.04700000E+0	6.94559286E+0	9.31251033E+2	9.88762188E+2
9.55625000E+3	8.35848978E+1	-1.58235000E+5	-1.26795000E+5	5.00000000E+1	5.70100000E+3	6.05000000E+0	6.04600000E+0	8.26993053E+0	8.80661157E+2	9.42314050E+2
9.55650000E+3	8.35722930E+1	-1.59334000E+5	-1.27898000E+5	4.90000000E+1	5.87500000E+3	6.04900000E+0	6.04600000E+0	8.10453192E+0	9.08414614E+2	9.71234915E+2
9.55675000E+3	8.35597120E+1	-1.60431000E+5	-1.28998000E+5	3.20000000E+1	5.70000000E+3	6.04900000E+0	6.04600000E+0	5.29275554E+0	8.79484212E+2	9.42304513E+2
9.55700000E+3	8.35471549E+1	-1.61526000E+5	-1.30096000E+5	5.00000000E+1	5.83500000E+3	6.05000000E+0	6.04600000E+0	8.26993053E+0	9.00991736E+2	9.64462810E+2
9.55725000E+3	8.35346214E+1	-1.62618000E+5	-1.31192000E+5	4.80000000E+1	5.91200000E+3	6.05100000E+0	6.04800000E+0	7.93650794E+0	9.20343745E+2	9.77028590E+2
9.55750000E+3	8.35221114E+1	-1.63709000E+5	-1.32285000E+5	3.90000000E+1	5.74800000E+3	6.05100000E+0	6.04700000E+0	6.44947908E+0	9.01999669E+2	9.49925632E+2
9.55775000E+3	8.35096248E+1	-1.64797000E+5	-1.33377000E+5	3.60000000E+1	5.73200000E+3	6.05000000E+0	6.04600000E+0	5.95434998E+0	8.92561983E+2	9.47438017E+2
9.55800000E+3	8.34971614E+1	-1.65883000E+5	-1.34466000E+5	3.70000000E+1	5.82200000E+3	6.05000000E+0	6.04700000E+0	6.11873656E+0	9.01818182E+2	9.62314050E+2
9.55825000E+3	8.34847212E+1	-1.66967000E+5	-1.35553000E+5	5.10000000E+1	5.70800000E+3	6.05000000E+0	6.04600000E+0	8.43532914E+0	8.83801653E+2	9.43471074E+2
9.55850000E+3	8.34723040E+1	-1.68049000E+5	-1.36638000E+5	4.30000000E+1	5.88300000E+3	6.04900000E+0	6.04500000E+0	7.11331679E+0	9.11720946E+2	9.72557448E+2
9.55875000E+3	8.34599097E+1	-1.69129000E+5	-1.37721000E+5	4.50000000E+1	5.76200000E+3	6.04800000E+0	6.04500000E+0	7.44416873E+0	8.91369048E+2	9.52711640E+2
9.55900000E+3	8.34475382E+1	-1.70206000E+5	-1.38802000E+5	4.10000000E+1	5.70100000E+3	6.05000000E+0	6.04600000E+0	6.78134304E+0	8.86280992E+2	9.42314050E+2
9.55925000E+3	8.34351893E+1	-1.71282000E+5	-1.39881000E+5	3.60000000E+1	5.66300000E+3	6.05000000E+0	6.04600000E+0	5.95434998E+0	8.74049587E+2	9.36033058E+2
9.55950000E+3	8.34228629E+1	-1.72355000E+5	-1.40958000E+5	4.60000000E+1	5.68900000E+3	6.04900000E+0	6.04600000E+0	7.60833609E+0	8.85766242E+2	9.40486031E+2
9.55975000E+3	8.34105589E+1	-1.73427000E+5	-1.42032000E+5	4.60000000E+1	5.65000000E+3	6.05000000E+0	6.04600000E+0	7.60833609E+0	8.71074380E+2	9.33884298E+2
9.56000000E+3	8.33982772E+1	-1.74496000E+5	-1.43105000E+5	2.90000000E+1	5.74000000E+3	6.05000000E+0	6.04600000E+0	4.79655971E+0	8.83966942E+2	9.48760331E+2
9.56025000E+3	8.33860176E+1	-1.75563000E+5	-1.44176000E+5	5.70000000E+1	5.70200000E+3	6.04900000E+0	6.04500000E+0	9.42928040E+0	8.89072574E+2	9.42635146E+2
9.56050000E+3	8.33737801E+1	-1.76629000E+5	-1.45244000E+5	4.30000000E+1	5.71200000E+3	6.04900000E+0	6.04600000E+0	7.11214026E+0	8.91552323E+2	9.44288312E+2
9.56075000E+3	8.33615646E+1	-1.77692000E+5	-1.46311000E+5	4.70000000E+1	5.75400000E+3	6.04900000E+0	6.04600000E+0	7.77373470E+0	8.87088775E+2	9.51231609E+2
9.56100000E+3	8.33493708E+1	-1.78753000E+5	-1.47375000E+5	5.40000000E+1	5.60100000E+3	6.05000000E+0	6.04700000E+0	8.93004796E+0	8.69586777E+2	9.25785124E+2
9.56125000E+3	8.33371988E+1	-1.79812000E+5	-1.48438000E+5	5.30000000E+1	5.61700000E+3	6.04900000E+0	6.04600000E+0	8.76612636E+0	8.70887750E+2	9.28583237E+2
9.56150000E+3	8.33250483E+1	-1.80870000E+5	-1.49498000E+5	5.60000000E+1	5.76900000E+3	6.04900000E+0	6.04600000E+0	9.26232220E+0	8.95023971E+2	9.53711357E+2
9.56175000E+3	8.33129193E+1	-1.81925000E+5	-1.50557000E+5	5.50000000E+1	5.75200000E+3	6.05000000E+0	6.04600000E+0	9.09692359E+0	8.98016529E+2	9.50743802E+2
9.56200000E+3	8.33008117E+1	-1.82978000E+5	-1.51613000E+5	4.90000000E+1	5.66500000E+3	6.05000000E+0	6.04700000E+0	8.10319167E+0	8.83636364E+2	9.36363636E+2
9.56225000E+3	8.32887254E+1	-1.84030000E+5	-1.52668000E+5	5.10000000E+1	5.63200000E+3	6.05000000E+0	6.04600000E+0	8.43532914E+0	8.71074380E+2	9.30909091E+2
9.56250000E+3	8.32766602E+1	-1.85079000E+5	-1.53720000E+5	5.50000000E+1	5.58300000E+3	6.05000000E+0	6.04600000E+0	9.09692359E+0	8.68099174E+2	9.22809917E+2
9.56275000E+3	8.32646160E+1	-1.86126000E+5	-1.54771000E+5	5.20000000E+1	5.65900000E+3	6.04900000E+0	6.04500000E+0	8.60215054E+0	8.80145479E+2	9.35526533E+2
9.56300000E+3	8.32525928E+1	-1.87172000E+5	-1.55820000E+5	5.60000000E+1	5.62800000E+3	6.05000000E+0	6.04600000E+0	9.26232220E+0	8.68760331E+2	9.30247934E+2
9.56325000E+3	8.32405903E+1	-1.88215000E+5	-1.56867000E+5	5.10000000E+1	5.53000000E+3	6.05000000E+0	6.04700000E+0	8.43393418E+0	8.54545455E+2	9.14049587E+2
9.56350000E+3	8.32286087E+1	-1.89257000E+5	-1.57912000E+5	4.80000000E+1	5.67600000E+3	6.05000000E+0	6.04600000E+0	7.93913331E+0	8.82314050E+2	9.38181818E+2
9.56375000E+3	8.32166476E+1	-1.90297000E+5	-1.58955000E+5	5.60000000E+1	5.52600000E+3	6.05100000E+0	6.04700000E+0	9.26079047E+0	8.56552636E+2	9.13237481E+2
9.56400000E+3	8.32047071E+1	-1.91335000E+5	-1.59996000E+5	5.30000000E+1	5.53700000E+3	6.04800000E+0	6.04400000E+0	8.76902713E+0	8.63756614E+2	9.15509259E+2
9.56425000E+3	8.31927869E+1	-1.92371000E+5	-1.61035000E+5	6.00000000E+1	5.45500000E+3	6.05000000E+0	6.04600000E+0	9.92391664E+0	8.46280992E+2	9.01652893E+2
9.56450000E+3	8.31808871E+1	-1.93405000E+5	-1.62072000E+5	5.20000000E+1	5.51200000E+3	6.04900000E+0	6.04600000E+0	8.60072775E+0	8.57497107E+2	9.11224996E+2
9.56475000E+3	8.31690075E+1	-1.94437000E+5	-1.63108000E+5	5.10000000E+1	5.48300000E+3	6.04900000E+0	6.04600000E+0	8.43532914E+0	8.50057861E+2	9.06430815E+2
9.56500000E+3	8.31571480E+1	-1.95468000E+5	-1.64141000E+5	7.00000000E+1	5.31200000E+3	6.05000000E+0	6.04700000E+0	1.15759881E+1	8.25454545E+2	8.78016529E+2
9.56525000E+3	8.31453085E+1	-1.96496000E+5	-1.65173000E+5	5.70000000E+1	5.35600000E+3	6.04900000E+0	6.04600000E+0	9.42772081E+0	8.31377087E+2	8.85435609E+2
9.56550000E+3	8.31334889E+1	-1.97523000E+5	-1.66203000E+5	5.90000000E+1	5.41800000E+3	6.05000000E+0	6.04700000E+0	9.75690425E+0	8.39008264E+2	8.95537190E+2
9.56575000E+3	8.31216891E+1	-1.98548000E+5	-1.67231000E+5	5.40000000E+1	5.54300000E+3	6.04900000E+0	6.04600000E+0	8.93152498E+0	8.58984956E+2	9.16349810E+2
9.56600000E+3	8.31099091E+1	-1.99571000E+5	-1.68258000E+5	5.60000000E+1	5.37600000E+3	6.05100000E+0	6.04800000E+0	9.25925926E+0	8.35564370E+2	8.88448190E+2
9.56625000E+3	8.30981486E+1	-2.00592000E+5	-1.69282000E+5	6.10000000E+1	5.29400000E+3	6.05000000E+0	6.04700000E+0	1.00876468E+1	8.21322314E+2	8.75041322E+2
9.56650000E+3	8.30864077E+1	-2.01611000E+5	-1.70305000E+5	7.10000000E+1	5.33900000E+3	6.05000000E+0	6.04600000E+0	1.17433014E+1	8.24793388E+2	8.82479339E+2
9.56675000E+3	8.30746863E+1	-2.02629000E+5	-1.71326000E+5	7.90000000E+1	5.30400000E+3	6.04900000E+0	6.04500000E+0	1.30686518E+1	8.22615308E+2	8.76839147E+2
9.56700000E+3	8.30629841E+1	-2.03645000E+5	-1.72345000E+5	8.00000000E+1	5.21500000E+3	6.05000000E+0	6.04600000E+0	1.32318889E+1	8.11239669E+2	8.61983471E+2
9.56725000E+3	8.30513012E+1	-2.04659000E+5	-1.73362000E+5	8.90000000E+1	5.32400000E+3	6.05000000E+0	6.04700000E+0	1.47180420E+1	8.26776860E+2	8.80000000E+2
9.56750000E+3	8.30396375E+1	-2.05671000E+5	-1.74378000E+5	8.20000000E+1	5.22400000E+3	6.05100000E+0	6.04800000E+0	1.35582011E+1	8.12262436E+2	8.63328375E+2
9.56775000E+3	8.30279928E+1	-2.06682000E+5	-1.75391000E+5	7.20000000E+1	5.25200000E+3	6.05000000E+0	6.04600000E+0	1.19087000E+1	8.16363636E+2	8.68099174E+2
9.56800000E+3	8.30163671E+1	-2.07691000E+5	-1.76403000E+5	8.50000000E+1	5.03400000E+3	6.05100000E+0	6.04800000E+0	1.40542328E+1	7.82845811E+2	8.31928607E+2
9.56825000E+3	8.30047603E+1	-2.08698000E+5	-1.77414000E+5	9.30000000E+1	5.10400000E+3	6.05000000E+0	6.04700000E+0	1.53795270E+1	7.91570248E+2	8.43636364E+2
9.56850000E+3	8.29931723E+1	-2.09703000E+5	-1.78422000E+5	8.50000000E+1	5.08100000E+3	6.04900000E+0	6.04600000E+0	1.40588819E+1	7.88890726E+2	8.39973549E+2
9.56875000E+3	8.29816029E+1	-2.10707000E+5	-1.79429000E+5	1.03000000E+2	5.28100000E+3	6.05000000E+0	6.04600000E+0	1.70360569E+1	8.19669421E+2	8.72892562E+2
9.56900000E+3	8.29700522E+1	-2.11709000E+5	-1.80434000E+5	8.00000000E+1	5.21500000E+3	6.05000000E+0	6.04700000E+0	1.32297007E+1	8.06446281E+2	8.61983471E+2
9.56925000E+3	8.29585201E+1	-2.12709000E+5	-1.81438000E+5	1.16000000E+2	5.10600000E+3	6.05100000E+0	6.04800000E+0	1.91798942E+1	7.87473145E+2	8.43827467E+2
9.56950000E+3	8.29470063E+1	-2.13707000E+5	-1.82439000E+5	1.17000000E+2	5.12300000E+3	6.05100000E+0	6.04800000E+0	1.93452381E+1	7.93587837E+2	8.46636920E+2
9.56975000E+3	8.29355109E+1	-2.14704000E+5	-1.83439000E+5	1.32000000E+2	5.09100000E+3	6.05200000E+0	6.04900000E+0	2.18217887E+1	7.89491077E+2	8.41209518E+2
9.57000000E+3	8.29240338E+1	-2.15699000E+5	-1.84438000E+5	1.29000000E+2	4.96200000E+3	6.05000000E+0	6.04700000E+0	2.13328923E+1	7.75041322E+2	8.20165289E+2
9.57025000E+3	8.29125749E+1	-2.16692000E+5	-1.85434000E+5	1.05000000E+2	5.07000000E+3	6.04900000E+0	6.04600000E+0	1.73668541E+1	7.84261861E+2	8.38155067E+2
9.57050000E+3	8.29011341E+1	-2.17684000E+5	-1.86429000E+5	1.31000000E+2	5.07700000E+3	6.05000000E+0	6.04700000E+0	2.16636349E+1	7.88264463E+2	8.39173554E+2
9.57075000E+3	8.28897112E+1	-2.18674000E+5	-1.87422000E+5	1.45000000E+2	5.07500000E+3	6.05000000E+0	6.04700000E+0	2.39788325E+1	7.87107438E+2	8.38842975E+2
9.57100000E+3	8.28783064E+1	-2.19662000E+5	-1.88414000E+5	1.27000000E+2	5.05700000E+3	6.04900000E+0	6.04600000E+0	2.10056236E+1	7.84923128E+2	8.36005951E+2
9.57125000E+3	8.28669194E+1	-2.20649000E+5	-1.89404000E+5	1.33000000E+2	5.05500000E+3	6.04900000E+0	6.04600000E+0	2.19980152E+1	7.86576294E+2	8.35675318E+2
9.57150000E+3	8.28555501E+1	-2.21634000E+5	-1.90392000E+5	1.39000000E+2	5.10300000E+3	6.04900000E+0	6.04600000E+0	2.29904069E+1	7.91535791E+2	8.43610514E+2
9.57175000E+3	8.28441986E+1	-2.22618000E+5	-1.91379000E+5	1.55000000E+2	4.90400000E+3	6.05000000E+0	6.04700000E+0	2.56325451E+1	7.59338843E+2	8.10578512E+2
9.57200000E+3	8.28328646E+1	-2.23599000E+5	-1.92364000E+5	1.81000000E+2	5.05600000E+3	6.04900000E+0	6.04600000E+0	2.99371485E+1	7.86245660E+2	8.35840635E+2
9.57225000E+3	8.28215482E+1	-2.24580000E+5	-1.93347000E+5	1.79000000E+2	4.90100000E+3	6.05100000E+0	6.04800000E+0	2.95965608E+1	7.52107090E+2	8.09948769E+2
9.57250000E+3	8.28102493E+1	-2.25558000E+5	-1.94329000E+5	1.75000000E+2	4.99500000E+3	6.04900000E+0	6.04600000E+0	2.89447569E+1	7.72359068E+2	8.25756323E+2
9.57275000E+3	8.27989677E+1	-2.26535000E+5	-1.95309000E+5	1.85000000E+2	4.99500000E+3	6.04900000E+0	6.04600000E+0	3.05987430E+1	7.76491982E+2	8.25756323E+2
9.57300000E+3	8.27877034E+1	-2.27511000E+5	-1.96288000E+5	2.15000000E+2	5.08700000E+3	6.04900000E+0	6.04600000E+0	3.55607013E+1	7.90213258E+2	8.40965449E+2
9.57325000E+3	8.27764564E+1	-2.28484000E+5	-1.97265000E+5	2.28000000E+2	5.08500000E+3	6.05000000E+0	6.04700000E+0	3.77046469E+1	7.90082645E+2	8.40495868E+2
9.57350000E+3	8.27652265E+1	-2.29456000E+5	-1.98240000E+5	2.38000000E+2	4.89200000E+3	6.05000000E+0	6.04700000E+0	3.93583595E+1	7.56694215E+2	8.08595041E+2
9.57375000E+3	8.27540136E+1	-2.30427000E+5	-1.99214000E+5	2.52000000E+2	5.05000000E+3	6.05100000E+0	6.04800000E+0	4.16666667E+1	7.85655264E+2	8.34572798E+2
9.57400000E+3	8.27428178E+1	-2.31396000E+5	-2.00187000E+5	2.90000000E+2	4.99800000E+3	6.05000000E+0	6.04700000E+0	4.79576650E+1	7.79504132E+2	8.26115702E+2
9.57425000E+3	8.27316388E+1	-2.32364000E+5	-2.01157000E+5	3.00000000E+2	5.01200000E+3	6.05100000E+0	6.04800000E+0	4.96031746E+1	7.81854239E+2	8.28292844E+2
9.57450000E+3	8.27204768E+1	-2.33329000E+5	-2.02126000E+5	3.10000000E+2	4.88500000E+3	6.05100000E+0	6.04800000E+0	5.12566138E+1	7.59048091E+2	8.07304578E+2
9.57475000E+3	8.27093314E+1	-2.34294000E+5	-2.03094000E+5	3.69000000E+2	5.07300000E+3	6.04900000E+0	6.04600000E+0	6.10320873E+1	7.90874525E+2	8.38651017E+2
9.57500000E+3	8.26982028E+1	-2.35257000E+5	-2.04060000E+5	3.92000000E+2	5.07800000E+3	6.05200000E+0	6.04900000E+0	6.48040999E+1	7.93952412E+2	8.39061467E+2
9.57525000E+3	8.26870908E+1	-2.36218000E+5	-2.05024000E+5	4.28000000E+2	5.16800000E+3	6.05000000E+0	6.04700000E+0	7.07788986E+1	8.00991736E+2	8.54214876E+2
9.57550000E+3	8.26759954E+1	-2.37178000E+5	-2.05987000E+5	4.30000000E+2	5.20500000E+3	6.05000000E+0	6.04700000E+0	7.11096411E+1	8.11074380E+2	8.60330579E+2
9.57575000E+3	8.26649164E+1	-2.38136000E+5	-2.06949000E+5	5.29000000E+2	5.16000000E+3	6.05000000E+0	6.04700000E+0	8.74813957E+1	8.06446281E+2	8.52892562E+2
9.57600000E+3	8.26538539E+1	-2.39092000E+5	-2.07909000E+5	5.38000000E+2	5.23700000E+3	6.04900000E+0	6.04600000E+0	8.89844525E+1	8.15672012E+2	8.65762936E+2
9.57625000E+3	8.26428077E+1	-2.40048000E+5	-2.08867000E+5	5.58000000E+2	5.34000000E+3	6.04900000E+0	6.04600000E+0	9.22924247E+1	8.28401389E+2	8.82790544E+2
9.57650000E+3	8.26317777E+1	-2.41001000E+5	-2.09824000E+5	5.98000000E+2	5.22900000E+3	6.05100000E+0	6.04800000E+0	9.88756614E+1	8.14410841E+2	8.64154685E+2
9.57675000E+3	8.26207640E+1	-2.41953000E+5	-2.10779000E+5	6.70000000E+2	5.27900000E+3	6.04900000E+0	6.04600000E+0	1.10817069E+2	8.25095057E+2	8.72706232E+2
9.57700000E+3	8.26097663E+1	-2.42904000E+5	-2.11733000E+5	7.36000000E+2	5.34500000E+3	6.05000000E+0	6.04700000E+0	1.21713246E+2	8.36198347E+2	8.83471074E+2
9.57725000E+3	8.25987848E+1	-2.43853000E+5	-2.12686000E+5	6.93000000E+2	5.32400000E+3	6.04900000E+0	6.04600000E+0	1.14621237E+2	8.33360886E+2	8.80145479E+2
9.57750000E+3	8.25878192E+1	-2.44801000E+5	-2.13637000E+5	7.14000000E+2	5.34100000E+3	6.05100000E+0	6.04800000E+0	1.18055556E+2	8.31928607E+2	8.82664022E+2
9.57775000E+3	8.25768696E+1	-2.45747000E+5	-2.14586000E+5	7.66000000E+2	5.41300000E+3	6.05000000E+0	6.04700000E+0	1.26674384E+2	8.50909091E+2	8.94710744E+2
9.57800000E+3	8.25659358E+1	-2.46692000E+5	-2.15534000E+5	8.17000000E+2	5.39200000E+3	6.04900000E+0	6.04600000E+0	1.35130665E+2	8.46751529E+2	8.91387006E+2
9.57825000E+3	8.25550178E+1	-2.47635000E+5	-2.16481000E+5	8.31000000E+2	5.35000000E+3	6.05000000E+0	6.04700000E+0	1.37423516E+2	8.36033058E+2	8.84297521E+2
9.57850000E+3	8.25441156E+1	-2.48577000E+5	-2.17426000E+5	8.58000000E+2	5.40600000E+3	6.04800000E+0	6.04500000E+0	1.41935484E+2	8.41269841E+2	8.93849206E+2
9.57875000E+3	8.25332290E+1	-2.49517000E+5	-2.18369000E+5	8.46000000E+2	5.32200000E+3	6.05000000E+0	6.04700000E+0	1.39904085E+2	8.32066116E+2	8.79669421E+2
9.57900000E+3	8.25223580E+1	-2.50456000E+5	-2.19311000E+5	9.02000000E+2	5.39500000E+3	6.04800000E+0	6.04500000E+0	1.49214227E+2	8.42096561E+2	8.92030423E+2
9.57925000E+3	8.25115025E+1	-2.51394000E+5	-2.20252000E+5	9.56000000E+2	5.35800000E+3	6.05000000E+0	6.04600000E+0	1.58121072E+2	8.43305785E+2	8.85619835E+2
9.57950000E+3	8.25006625E+1	-2.52330000E+5	-2.21191000E+5	9.15000000E+2	5.30800000E+3	6.05000000E+0	6.04700000E+0	1.51314702E+2	8.30247934E+2	8.77355372E+2
9.57975000E+3	8.24898379E+1	-2.53264000E+5	-2.22129000E+5	8.51000000E+2	5.17700000E+3	6.05000000E+0	6.04700000E+0	1.40730941E+2	8.09421488E+2	8.55702479E+2
9.58000000E+3	8.24790286E+1	-2.54197000E+5	-2.23066000E+5	9.17000000E+2	5.35100000E+3	6.05000000E+0	6.04600000E+0	1.51670526E+2	8.39504132E+2	8.84462810E+2
9.58025000E+3	8.24682346E+1	-2.55129000E+5	-2.24001000E+5	9.07000000E+2	5.25200000E+3	6.05100000E+0	6.04800000E+0	1.49966931E+2	8.21186581E+2	8.67955710E+2
9.58050000E+3	8.24574558E+1	-2.56059000E+5	-2.24934000E+5	9.14000000E+2	5.60900000E+3	6.05100000E+0	6.04800000E+0	1.51124339E+2	8.79028260E+2	9.26954222E+2
9.58075000E+3	8.24466922E+1	-2.56988000E+5	-2.25866000E+5	8.12000000E+2	5.56800000E+3	6.04900000E+0	6.04500000E+0	1.34325889E+2	8.64936353E+2	9.20482724E+2
9.58100000E+3	8.24359437E+1	-2.57916000E+5	-2.26797000E+5	7.28000000E+2	5.75800000E+3	6.05100000E+0	6.04800000E+0	1.20370370E+2	9.03156503E+2	9.51578252E+2
9.58125000E+3	8.24252101E+1	-2.58842000E+5	-2.27726000E+5	6.53000000E+2	6.03500000E+3	6.05000000E+0	6.04700000E+0	1.07987432E+2	9.40991736E+2	9.97520661E+2
9.58150000E+3	8.24144916E+1	-2.59767000E+5	-2.28654000E+5	6.57000000E+2	6.27800000E+3	6.04900000E+0	6.04500000E+0	1.08684864E+2	9.75863779E+2	1.03785750E+3
9.58175000E+3	8.24037880E+1	-2.60690000E+5	-2.29581000E+5	5.46000000E+2	6.54200000E+3	6.05000000E+0	6.04600000E+0	9.03076414E+1	1.02049587E+3	1.08132231E+3
9.58200000E+3	8.23930992E+1	-2.61612000E+5	-2.30506000E+5	5.28000000E+2	6.89300000E+3	6.05000000E+0	6.04500000E+0	8.73449132E+1	1.07305785E+3	1.13933884E+3
9.58225000E+3	8.23824251E+1	-2.62533000E+5	-2.31430000E+5	4.89000000E+2	6.99400000E+3	6.04900000E+0	6.04400000E+0	8.09066843E+1	1.08894032E+3	1.15622417E+3
9.58250000E+3	8.23717659E+1	-2.63452000E+5	-2.32353000E+5	4.17000000E+2	6.11700000E+3	6.05000000E+0	6.04600000E+0	6.89712206E+1	9.45785124E+2	1.01107438E+3
9.58275000E+3	8.23611212E+1	-2.64370000E+5	-2.33274000E+5	4.35000000E+2	4.44800000E+3	6.05000000E+0	6.04700000E+0	7.19364974E+1	6.90082645E+2	7.35206612E+2
9.58300000E+3	8.23504912E+1	-2.65287000E+5	-2.34193000E+5	3.78000000E+2	2.68500000E+3	6.05000000E+0	6.04800000E+0	6.25000000E+1	4.18016529E+2	4.43801653E+2
9.58325000E+3	8.23398758E+1	-2.66202000E+5	-2.35112000E+5	3.85000000E+2	1.58500000E+3	6.05000000E+0	6.04900000E+0	6.36468838E+1	2.42479339E+2	2.61983471E+2
9.58350000E+3	8.23292748E+1	-2.67116000E+5	-2.36029000E+5	3.17000000E+2	1.28500000E+3	6.05100000E+0	6.05000000E+0	5.23966942E+1	1.99966948E+2	2.12361593E+2
9.58375000E+3	8.23186883E+1	-2.68028000E+5	-2.36945000E+5	3.08000000E+2	1.20800000E+3	6.05000000E+0	6.05000000E+0	5.09090909E+1	1.86115702E+2	1.99669421E+2
9.58400000E+3	8.23081161E+1	-2.68939000E+5	-2.37859000E+5	3.15000000E+2	1.23000000E+3	6.05000000E+0	6.05000000E+0	5.20661157E+1	1.87768595E+2	2.03305785E+2
9.58425000E+3	8.22975583E+1	-2.69849000E+5	-2.38772000E+5	2.81000000E+2	1.13000000E+3	6.05100000E+0	6.05000000E+0	4.64462810E+1	1.70550322E+2	1.86745992E+2
9.58450000E+3	8.22870147E+1	-2.70757000E+5	-2.39684000E+5	2.55000000E+2	1.23500000E+3	6.04900000E+0	6.04900000E+0	4.21557282E+1	1.88295586E+2	2.04165978E+2
9.58475000E+3	8.22764854E+1	-2.71665000E+5	-2.40594000E+5	2.74000000E+2	1.19400000E+3	6.05000000E+0	6.05000000E+0	4.52892562E+1	1.79504132E+2	1.97355372E+2
9.58500000E+3	8.22659702E+1	-2.72571000E+5	-2.41503000E+5	2.71000000E+2	1.22500000E+3	6.05100000E+0	6.05000000E+0	4.47933884E+1	1.87407040E+2	2.02445877E+2
9.58525000E+3	8.22554691E+1	-2.73475000E+5	-2.42411000E+5	2.24000000E+2	1.13900000E+3	6.05000000E+0	6.05000000E+0	3.70247934E+1	1.71404959E+2	1.88264463E+2
9.58550000E+3	8.22449820E+1	-2.74378000E+5	-2.43318000E+5	2.11000000E+2	1.18100000E+3	6.04900000E+0	6.04900000E+0	3.48817986E+1	1.82178873E+2	1.95238882E+2
9.58575000E+3	8.22345090E+1	-2.75280000E+5	-2.44223000E+5	2.20000000E+2	1.15900000E+3	6.04900000E+0	6.04900000E+0	3.63696479E+1	1.75896842E+2	1.91601918E+2
9.58600000E+3	8.22240498E+1	-2.76181000E+5	-2.45127000E+5	1.56000000E+2	1.09900000E+3	6.04900000E+0	6.04900000E+0	2.57893867E+1	1.67135064E+2	1.81682923E+2
9.58625000E+3	8.22136046E+1	-2.77080000E+5	-2.46029000E+5	2.02000000E+2	1.18200000E+3	6.05000000E+0	6.05000000E+0	3.33884298E+1	1.81157025E+2	1.95371901E+2
9.58650000E+3	8.22031732E+1	-2.77978000E+5	-2.46930000E+5	1.57000000E+2	1.12400000E+3	6.05000000E+0	6.05000000E+0	2.59504132E+1	1.70082645E+2	1.85785124E+2
9.58675000E+3	8.21927555E+1	-2.78875000E+5	-2.47830000E+5	1.46000000E+2	1.14400000E+3	6.04900000E+0	6.04900000E+0	2.41362209E+1	1.74904943E+2	1.89122169E+2
9.58700000E+3	8.21823516E+1	-2.79771000E+5	-2.48729000E+5	1.35000000E+2	1.17100000E+3	6.05000000E+0	6.04900000E+0	2.23177385E+1	1.76198347E+2	1.93553719E+2
9.58725000E+3	8.21719614E+1	-2.80665000E+5	-2.49627000E+5	1.22000000E+2	1.17600000E+3	6.05000000E+0	6.05000000E+0	2.01652893E+1	1.78181818E+2	1.94380165E+2
9.58750000E+3	8.21615847E+1	-2.81558000E+5	-2.50523000E+5	1.41000000E+2	1.33000000E+3	6.05000000E+0	6.04900000E+0	2.33096380E+1	1.99834711E+2	2.19834711E+2
9.58775000E+3	8.21512217E+1	-2.82450000E+5	-2.51418000E+5	1.19000000E+2	1.31100000E+3	6.05000000E+0	6.05000000E+0	1.96694215E+1	2.00826446E+2	2.16694215E+2
9.58800000E+3	8.21408721E+1	-2.83340000E+5	-2.52312000E+5	1.15000000E+2	1.32200000E+3	6.05000000E+0	6.05000000E+0	1.90082645E+1	1.98512397E+2	2.18512397E+2
9.58825000E+3	8.21305361E+1	-2.84229000E+5	-2.53204000E+5	9.90000000E+1	1.36000000E+3	6.05000000E+0	6.05000000E+0	1.63636364E+1	2.07107438E+2	2.24793388E+2
9.58850000E+3	8.21202134E+1	-2.85117000E+5	-2.54095000E+5	1.11000000E+2	1.47700000E+3	6.04900000E+0	6.04800000E+0	1.83531746E+1	2.24830551E+2	2.44172591E+2
9.58875000E+3	8.21099041E+1	-2.86004000E+5	-2.54985000E+5	1.02000000E+2	1.56400000E+3	6.05000000E+0	6.04900000E+0	1.68622913E+1	2.36694215E+2	2.58512397E+2
9.58900000E+3	8.20996081E+1	-2.86889000E+5	-2.55874000E+5	9.40000000E+1	1.59900000E+3	6.05000000E+0	6.05000000E+0	1.55371901E+1	2.44297521E+2	2.64297521E+2
9.58925000E+3	8.20893254E+1	-2.87774000E+5	-2.56761000E+5	9.60000000E+1	1.69400000E+3	6.05000000E+0	6.04900000E+0	1.58703918E+1	2.59173554E+2	2.80000000E+2
9.58950000E+3	8.20790559E+1	-2.88657000E+5	-2.57647000E+5	9.30000000E+1	1.75500000E+3	6.04900000E+0	6.04900000E+0	1.53744421E+1	2.67316912E+2	2.90130600E+2
9.58975000E+3	8.20687996E+1	-2.89538000E+5	-2.58532000E+5	9.50000000E+1	1.82900000E+3	6.05000000E+0	6.04900000E+0	1.57050752E+1	2.80000000E+2	3.02314050E+2
9.59000000E+3	8.20585563E+1	-2.90419000E+5	-2.59416000E+5	7.60000000E+1	1.72100000E+3	6.04900000E+0	6.04800000E+0	1.25661376E+1	2.62026781E+2	2.84509836E+2
9.59025000E+3	8.20483262E+1	-2.91298000E+5	-2.60299000E+5	7.50000000E+1	1.76800000E+3	6.04900000E+0	6.04900000E+0	1.23987436E+1	2.69135394E+2	2.92279716E+2
9.59050000E+3	8.20381091E+1	-2.92176000E+5	-2.61180000E+5	7.40000000E+1	1.79200000E+3	6.04900000E+0	6.04900000E+0	1.22334270E+1	2.74260208E+2	2.96247314E+2
9.59075000E+3	8.20279049E+1	-2.93053000E+5	-2.62060000E+5	7.10000000E+1	1.72000000E+3	6.05100000E+0	6.05000000E+0	1.17355372E+1	2.62601223E+2	2.84250537E+2
9.59100000E+3	8.20177137E+1	-2.93929000E+5	-2.62939000E+5	7.20000000E+1	1.74100000E+3	6.05000000E+0	6.04900000E+0	1.19027939E+1	2.63966942E+2	2.87768595E+2
9.59125000E+3	8.20075353E+1	-2.94803000E+5	-2.63817000E+5	5.50000000E+1	1.65800000E+3	6.04900000E+0	6.04800000E+0	9.09391534E+0	2.49462721E+2	2.74094892E+2
9.59150000E+3	8.19973698E+1	-2.95677000E+5	-2.64693000E+5	5.60000000E+1	1.70800000E+3	6.04900000E+0	6.04800000E+0	9.25925926E+0	2.61696148E+2	2.82360721E+2
9.59175000E+3	8.19872170E+1	-2.96549000E+5	-2.65569000E+5	5.30000000E+1	1.71500000E+3	6.05000000E+0	6.04900000E+0	8.76177881E+0	2.59504132E+2	2.83471074E+2
9.59200000E+3	8.19770770E+1	-2.97420000E+5	-2.66443000E+5	6.20000000E+1	1.61400000E+3	6.04900000E+0	6.04800000E+0	1.02513228E+1	2.44668540E+2	2.66820962E+2
9.59225000E+3	8.19669497E+1	-2.98290000E+5	-2.67316000E+5	4.90000000E+1	1.68800000E+3	6.05000000E+0	6.04900000E+0	8.10051248E+0	2.53719008E+2	2.79008264E+2
9.59250000E+3	8.19568350E+1	-2.99158000E+5	-2.68188000E+5	5.00000000E+1	1.64100000E+3	6.04900000E+0	6.04800000E+0	8.26719577E+0	2.49958671E+2	2.71284510E+2
9.59275000E+3	8.19467329E+1	-3.00026000E+5	-2.69058000E+5	5.20000000E+1	1.66100000E+3	6.04900000E+0	6.04900000E+0	8.59646223E+0	2.51115887E+2	2.74590841E+2
9.59300000E+3	8.19366434E+1	-3.00892000E+5	-2.69928000E+5	3.50000000E+1	1.73300000E+3	6.04900000E+0	6.04800000E+0	5.78703704E+0	2.63183997E+2	2.86493635E+2
9.59325000E+3	8.19265664E+1	-3.01757000E+5	-2.70796000E+5	5.30000000E+1	1.69100000E+3	6.05000000E+0	6.04900000E+0	8.76177881E+0	2.59338843E+2	2.79504132E+2
9.59350000E+3	8.19165019E+1	-3.02621000E+5	-2.71663000E+5	5.00000000E+1	1.67600000E+3	6.04900000E+0	6.04900000E+0	8.26582906E+0	2.58059183E+2	2.77070590E+2
9.59375000E+3	8.19064497E+1	-3.03483000E+5	-2.72529000E+5	5.60000000E+1	1.68800000E+3	6.05100000E+0	6.05000000E+0	9.25619835E+0	2.59295984E+2	2.78962155E+2
9.59400000E+3	8.18964100E+1	-3.04345000E+5	-2.73394000E+5	4.30000000E+1	1.61000000E+3	6.04900000E+0	6.04800000E+0	7.10978836E+0	2.45660440E+2	2.66159696E+2
9.59425000E+3	8.18863826E+1	-3.05205000E+5	-2.74258000E+5	3.90000000E+1	1.64700000E+3	6.05100000E+0	6.05000000E+0	6.44628099E+0	2.48223434E+2	2.72186415E+2
9.59450000E+3	8.18763674E+1	-3.06065000E+5	-2.75120000E+5	3.40000000E+1	1.66300000E+3	6.04900000E+0	6.04800000E+0	5.62169312E+0	2.53430319E+2	2.74921475E+2
9.59475000E+3	8.18663645E+1	-3.06923000E+5	-2.75982000E+5	3.50000000E+1	1.69100000E+3	6.04900000E+0	6.04900000E+0	5.78608034E+0	2.58389816E+2	2.79550339E+2
9.59500000E+3	8.18563739E+1	-3.07780000E+5	-2.76842000E+5	5.30000000E+1	1.65500000E+3	6.05100000E+0	6.05000000E+0	8.76033058E+0	2.50371839E+2	2.73508511E+2
9.59525000E+3	8.18463953E+1	-3.08636000E+5	-2.77701000E+5	4.20000000E+1	1.65400000E+3	6.05000000E+0	6.04900000E+0	6.94329641E+0	2.53057851E+2	2.73388430E+2
9.59550000E+3	8.18364289E+1	-3.09491000E+5	-2.78559000E+5	3.30000000E+1	1.61400000E+3	6.04900000E+0	6.04800000E+0	5.45634921E+0	2.49462721E+2	2.66820962E+2
9.59575000E+3	8.18264746E+1	-3.10344000E+5	-2.79416000E+5	3.90000000E+1	1.63600000E+3	6.05000000E+0	6.05000000E+0	6.44628099E+0	2.48264463E+2	2.70413223E+2
9.59600000E+3	8.18165322E+1	-3.11197000E+5	-2.80271000E+5	3.10000000E+1	1.57400000E+3	6.05000000E+0	6.05000000E+0	5.12396694E+0	2.39338843E+2	2.60165289E+2
9.59625000E+3	8.18066019E+1	-3.12048000E+5	-2.81126000E+5	3.60000000E+1	1.55500000E+3	6.05100000E+0	6.05000000E+0	5.95041322E+0	2.36985622E+2	2.56982317E+2
9.59650000E+3	8.17966835E+1	-3.12898000E+5	-2.81980000E+5	3.50000000E+1	1.62800000E+3	6.04900000E+0	6.04900000E+0	5.78608034E+0	2.47809555E+2	2.69135394E+2
9.59675000E+3	8.17867771E+1	-3.13748000E+5	-2.82832000E+5	3.70000000E+1	1.58800000E+3	6.04900000E+0	6.04900000E+0	6.11671351E+0	2.41527525E+2	2.62522731E+2
9.59700000E+3	8.17768824E+1	-3.14596000E+5	-2.83683000E+5	3.20000000E+1	1.52600000E+3	6.04900000E+0	6.04900000E+0	5.29013060E+0	2.32765746E+2	2.52273103E+2
9.59725000E+3	8.17669997E+1	-3.15443000E+5	-2.84533000E+5	3.20000000E+1	1.65800000E+3	6.05100000E+0	6.05000000E+0	5.28925620E+0	2.50371839E+2	2.74004297E+2
9.59750000E+3	8.17571287E+1	-3.16288000E+5	-2.85382000E+5	2.10000000E+1	1.52800000E+3	6.05000000E+0	6.05000000E+0	3.47107438E+0	2.32727273E+2	2.52561983E+2
9.59775000E+3	8.17472694E+1	-3.17133000E+5	-2.86230000E+5	2.80000000E+1	1.61400000E+3	6.04900000E+0	6.04900000E+0	4.62886428E+0	2.42684741E+2	2.66820962E+2
9.59800000E+3	8.17374218E+1	-3.17977000E+5	-2.87077000E+5	2.50000000E+1	1.49000000E+3	6.04900000E+0	6.04800000E+0	4.13359788E+0	2.27806249E+2	2.46321706E+2
9.59825000E+3	8.17275859E+1	-3.18819000E+5	-2.87923000E+5	3.10000000E+1	1.57400000E+3	6.05100000E+0	6.05000000E+0	5.12396694E+0	2.40621385E+2	2.60122294E+2
9.59850000E+3	8.17177616E+1	-3.19661000E+5	-2.88768000E+5	3.60000000E+1	1.54700000E+3	6.05200000E+0	6.05100000E+0	5.94942985E+0	2.37111699E+2	2.55617978E+2
9.59875000E+3	8.17079489E+1	-3.20501000E+5	-2.89611000E+5	2.60000000E+1	1.54700000E+3	6.05000000E+0	6.05000000E+0	4.29752066E+0	2.34545455E+2	2.55702479E+2
9.59900000E+3	8.16981478E+1	-3.21341000E+5	-2.90454000E+5	2.90000000E+1	1.51600000E+3	6.04900000E+0	6.04900000E+0	4.79418086E+0	2.29624731E+2	2.50619937E+2
9.59925000E+3	8.16883581E+1	-3.22179000E+5	-2.91295000E+5	2.60000000E+1	1.51900000E+3	6.04900000E+0	6.04800000E+0	4.29894180E+0	2.31443214E+2	2.51115887E+2
9.59950000E+3	8.16785799E+1	-3.23016000E+5	-2.92136000E+5	3.00000000E+1	1.57500000E+3	6.05000000E+0	6.04900000E+0	4.95949744E+0	2.38347107E+2	2.60330579E+2
9.59975000E+3	8.16688132E+1	-3.23852000E+5	-2.92975000E+5	2.00000000E+1	1.43200000E+3	6.04900000E+0	6.04900000E+0	3.30633163E+0	2.18383204E+2	2.36733344E+2
9.60000000E+3	8.16590578E+1	-3.24687000E+5	-2.93813000E+5	2.70000000E+1	1.48800000E+3	6.05100000E+0	6.05000000E+0	4.46280992E+0	2.26243596E+2	2.45909767E+2
9.60025000E+3	8.16493138E+1	-3.25521000E+5	-2.94651000E+5	2.30000000E+1	1.46300000E+3	6.05000000E+0	6.04900000E+0	3.80228137E+0	2.22314050E+2	2.41818182E+2
9.60050000E+3	8.16395810E+1	-3.26354000E+5	-2.95487000E+5	2.70000000E+1	1.50600000E+3	6.05000000E+0	6.05000000E+0	4.46280992E+0	2.30743802E+2	2.48925620E+2
9.60075000E+3	8.16298596E+1	-3.27186000E+5	-2.96322000E+5	2.80000000E+1	1.48800000E+3	6.05000000E+0	6.04900000E+0	4.62886428E+0	2.28099174E+2	2.45950413E+2
9.60100000E+3	8.16201494E+1	-3.28017000E+5	-2.97156000E+5	2.60000000E+1	1.51800000E+3	6.04900000E+0	6.04900000E+0	4.29823111E+0	2.31608530E+2	2.50950570E+2
9.60125000E+3	8.16104504E+1	-3.28847000E+5	-2.97989000E+5	2.00000000E+1	1.48200000E+3	6.04800000E+0	6.04700000E+0	3.30742517E+0	2.23379630E+2	2.45039683E+2
9.60150000E+3	8.16007625E+1	-3.29675000E+5	-2.98821000E+5	2.40000000E+1	1.44800000E+3	6.04900000E+0	6.04900000E+0	3.96759795E+0	2.16399405E+2	2.39378410E+2
9.60175000E+3	8.15910858E+1	-3.30503000E+5	-2.99652000E+5	2.20000000E+1	1.41400000E+3	6.04800000E+0	6.04800000E+0	3.63756614E+0	2.13955026E+2	2.33796296E+2
9.60200000E+3	8.15814201E+1	-3.31330000E+5	-3.00482000E+5	2.50000000E+1	1.41700000E+3	6.05100000E+0	6.05000000E+0	4.13223140E+0	2.11700545E+2	2.34176169E+2
9.60225000E+3	8.15717655E+1	-3.32155000E+5	-3.01311000E+5	2.70000000E+1	1.45800000E+3	6.05000000E+0	6.04900000E+0	4.46354769E+0	2.19834711E+2	2.40991736E+2
9.60250000E+3	8.15621220E+1	-3.32980000E+5	-3.02138000E+5	2.30000000E+1	1.40400000E+3	6.05000000E+0	6.04900000E+0	3.80228137E+0	2.13719008E+2	2.32066116E+2
9.60275000E+3	8.15524894E+1	-3.33803000E+5	-3.02965000E+5	1.80000000E+1	1.41200000E+3	6.04900000E+0	6.04900000E+0	2.97569846E+0	2.16730038E+2	2.33427013E+2
9.60300000E+3	8.15428677E+1	-3.34626000E+5	-3.03791000E+5	1.10000000E+1	1.41700000E+3	6.04900000E+0	6.04800000E+0	1.81878307E+0	2.15242189E+2	2.34253596E+2
9.60325000E+3	8.15332569E+1	-3.35447000E+5	-3.04616000E+5	1.70000000E+1	1.41200000E+3	6.05000000E+0	6.04900000E+0	2.81038188E+0	2.13884298E+2	2.33388430E+2
9.60350000E+3	8.15236570E+1	-3.36268000E+5	-3.05439000E+5	2.50000000E+1	1.37400000E+3	6.04900000E+0	6.04900000E+0	4.13291453E+0	2.07802943E+2	2.27144983E+2
9.60375000E+3	8.15140680E+1	-3.37087000E+5	-3.06262000E+5	2.10000000E+1	1.41400000E+3	6.05000000E+0	6.04900000E+0	3.47164821E+0	2.15206612E+2	2.33719008E+2
9.60400000E+3	8.15044897E+1	-3.37906000E+5	-3.07084000E+5	1.70000000E+1	1.36400000E+3	6.05000000E+0	6.04900000E+0	2.81038188E+0	2.02148760E+2	2.25454545E+2
9.60425000E+3	8.14949222E+1	-3.38723000E+5	-3.07904000E+5	2.20000000E+1	1.37600000E+3	6.05100000E+0	6.05100000E+0	3.63576268E+0	2.05585854E+2	2.27400430E+2
9.60450000E+3	8.14853655E+1	-3.39540000E+5	-3.08724000E+5	2.00000000E+1	1.38600000E+3	6.05000000E+0	6.05000000E+0	3.30578512E+0	2.10909091E+2	2.29090909E+2
9.60475000E+3	8.14758194E+1	-3.40355000E+5	-3.09543000E+5	1.80000000E+1	1.37600000E+3	6.05000000E+0	6.04900000E+0	2.97569846E+0	2.08429752E+2	2.27438017E+2
9.60500000E+3	8.14662840E+1	-3.41170000E+5	-3.10361000E+5	2.30000000E+1	1.42400000E+3	6.04800000E+0	6.04800000E+0	3.80291005E+0	2.17592593E+2	2.35449735E+2
9.60525000E+3	8.14567592E+1	-3.41983000E+5	-3.11177000E+5	2.80000000E+1	1.44000000E+3	6.04900000E+0	6.04800000E+0	4.62962963E+0	2.16564721E+2	2.38055877E+2
9.60550000E+3	8.14472451E+1	-3.42796000E+5	-3.11993000E+5	2.70000000E+1	1.42700000E+3	6.05000000E+0	6.04900000E+0	4.46354769E+0	2.15537190E+2	2.35867769E+2
9.60575000E+3	8.14377414E+1	-3.43607000E+5	-3.12808000E+5	2.20000000E+1	1.37600000E+3	6.05000000E+0	6.05000000E+0	3.63636364E+0	2.09586777E+2	2.27438017E+2
9.60600000E+3	8.14282483E+1	-3.44418000E+5	-3.13621000E+5	2.20000000E+1	1.36400000E+3	6.04900000E+0	6.04900000E+0	3.63696479E+0	2.06315093E+2	2.25491817E+2
9.60625000E+3	8.14187657E+1	-3.45227000E+5	-3.14434000E+5	1.70000000E+1	1.34300000E+3	6.05000000E+0	6.05000000E+0	2.80991736E+0	2.01322314E+2	2.21983471E+2
9.60650000E+3	8.14092935E+1	-3.46036000E+5	-3.15246000E+5	1.70000000E+1	1.41700000E+3	6.05000000E+0	6.04900000E+0	2.81038188E+0	2.17024793E+2	2.34214876E+2
9.60675000E+3	8.13998318E+1	-3.46844000E+5	-3.16057000E+5	1.60000000E+1	1.43900000E+3	6.05000000E+0	6.04900000E+0	2.64506530E+0	2.17190083E+2	2.37851240E+2
9.60700000E+3	8.13903805E+1	-3.47650000E+5	-3.16867000E+5	2.50000000E+1	1.43200000E+3	6.05100000E+0	6.05000000E+0	4.13223140E+0	2.15666832E+2	2.36655098E+2
9.60725000E+3	8.13809395E+1	-3.48456000E+5	-3.17675000E+5	1.50000000E+1	1.42200000E+3	6.04900000E+0	6.04900000E+0	2.47974872E+0	2.14250289E+2	2.35080179E+2
9.60750000E+3	8.13715088E+1	-3.49260000E+5	-3.18483000E+5	1.90000000E+1	1.36400000E+3	6.04900000E+0	6.04900000E+0	3.14101504E+0	2.06149777E+2	2.25491817E+2
9.60775000E+3	8.13620885E+1	-3.50064000E+5	-3.19290000E+5	1.70000000E+1	1.25600000E+3	6.05000000E+0	6.05000000E+0	2.80991736E+0	1.87933884E+2	2.07603306E+2
9.60800000E+3	8.13526784E+1	-3.50867000E+5	-3.20096000E+5	1.70000000E+1	1.37800000E+3	6.05200000E+0	6.05200000E+0	2.80898876E+0	2.11004627E+2	2.27693325E+2
9.60825000E+3	8.13432785E+1	-3.51669000E+5	-3.20901000E+5	2.70000000E+1	1.36700000E+3	6.05000000E+0	6.04900000E+0	4.46354769E+0	2.08760331E+2	2.25950413E+2
9.60850000E+3	8.13338888E+1	-3.52469000E+5	-3.21705000E+5	2.00000000E+1	1.35900000E+3	6.05000000E+0	6.04900000E+0	3.30633163E+0	2.03636364E+2	2.24628099E+2
9.60875000E+3	8.13245093E+1	-3.53269000E+5	-3.22508000E+5	1.80000000E+1	1.36200000E+3	6.04900000E+0	6.04900000E+0	2.97569846E+0	2.07637626E+2	2.25161184E+2
9.60900000E+3	8.13151399E+1	-3.54068000E+5	-3.23310000E+5	1.40000000E+1	1.37100000E+3	6.04800000E+0	6.04800000E+0	2.31481481E+0	2.04365079E+2	2.26686508E+2
9.60925000E+3	8.13057806E+1	-3.54866000E+5	-3.24112000E+5	2.30000000E+1	1.35000000E+3	6.04900000E+0	6.04900000E+0	3.80228137E+0	2.03670028E+2	2.23177385E+2
9.60950000E+3	8.12964314E+1	-3.55663000E+5	-3.24912000E+5	1.90000000E+1	1.33100000E+3	6.05100000E+0	6.05100000E+0	3.13997686E+0	2.00627995E+2	2.19963642E+2
9.60975000E+3	8.12870922E+1	-3.56459000E+5	-3.25711000E+5	1.90000000E+1	1.37600000E+3	6.05000000E+0	6.04900000E+0	3.14101504E+0	2.06280992E+2	2.27438017E+2
9.61000000E+3	8.12777631E+1	-3.57255000E+5	-3.26510000E+5	2.10000000E+1	1.35800000E+3	6.04900000E+0	6.04900000E+0	3.47164821E+0	2.04000661E+2	2.24499917E+2
9.61025000E+3	8.12684439E+1	-3.58049000E+5	-3.27307000E+5	2.20000000E+1	1.35100000E+3	6.05000000E+0	6.04900000E+0	3.63696479E+0	2.05950413E+2	2.23305785E+2
9.61050000E+3	8.12591347E+1	-3.58842000E+5	-3.28104000E+5	2.30000000E+1	1.31100000E+3	6.04900000E+0	6.04800000E+0	3.80291005E+0	1.98545214E+2	2.16730038E+2
9.61075000E+3	8.12498353E+1	-3.59634000E+5	-3.28899000E+5	2.10000000E+1	1.32000000E+3	6.04800000E+0	6.04800000E+0	3.47222222E+0	1.99239418E+2	2.18253968E+2
9.61100000E+3	8.12405459E+1	-3.60426000E+5	-3.29694000E+5	1.90000000E+1	1.30200000E+3	6.05100000E+0	6.05000000E+0	3.14049587E+0	1.98479590E+2	2.15171046E+2
9.61125000E+3	8.12312663E+1	-3.61216000E+5	-3.30487000E+5	2.10000000E+1	1.32200000E+3	6.05000000E+0	6.04900000E+0	3.47164821E+0	1.97024793E+2	2.18512397E+2
9.61150000E+3	8.12219966E+1	-3.62006000E+5	-3.31280000E+5	1.50000000E+1	1.31200000E+3	6.05100000E+0	6.05100000E+0	2.47892910E+0	1.97157495E+2	2.16823666E+2
9.61175000E+3	8.12127366E+1	-3.62795000E+5	-3.32072000E+5	1.60000000E+1	1.33700000E+3	6.05000000E+0	6.05000000E+0	2.64462810E+0	2.04132231E+2	2.20991736E+2
9.61200000E+3	8.12034864E+1	-3.63582000E+5	-3.32863000E+5	1.50000000E+1	1.30100000E+3	6.04900000E+0	6.04900000E+0	2.47974872E+0	1.92097867E+2	2.15076872E+2
9.61225000E+3	8.11942460E+1	-3.64369000E+5	-3.33653000E+5	1.80000000E+1	1.32000000E+3	6.05000000E+0	6.05000000E+0	2.97520661E+0	2.00826446E+2	2.18181818E+2
9.61250000E+3	8.11850152E+1	-3.65155000E+5	-3.34442000E+5	2.40000000E+1	1.37600000E+3	6.05000000E+0	6.04900000E+0	3.96759795E+0	2.06942149E+2	2.27438017E+2
9.61275000E+3	8.11757941E+1	-3.65940000E+5	-3.35231000E+5	1.60000000E+1	1.31900000E+3	6.04900000E+0	6.04900000E+0	2.64506530E+0	1.98545214E+2	2.18052571E+2
9.61300000E+3	8.11665827E+1	-3.66724000E+5	-3.36018000E+5	1.80000000E+1	1.30400000E+3	6.05100000E+0	6.05100000E+0	2.97471492E+0	1.97983804E+2	2.15501570E+2
9.61325000E+3	8.11573809E+1	-3.67508000E+5	-3.36804000E+5	2.10000000E+1	1.36100000E+3	6.05000000E+0	6.05000000E+0	3.47107438E+0	2.03801653E+2	2.24958678E+2
9.61350000E+3	8.11481887E+1	-3.68290000E+5	-3.37590000E+5	1.90000000E+1	1.30200000E+3	6.05000000E+0	6.04900000E+0	3.14101504E+0	1.92892562E+2	2.15206612E+2
9.61375000E+3	8.11390061E+1	-3.69071000E+5	-3.38375000E+5	2.20000000E+1	1.35100000E+3	6.05000000E+0	6.04900000E+0	3.63696479E+0	2.04462810E+2	2.23305785E+2
9.61400000E+3	8.11298329E+1	-3.69852000E+5	-3.39158000E+5	1.60000000E+1	1.28900000E+3	6.05000000E+0	6.05000000E+0	2.64462810E+0	1.96033058E+2	2.13057851E+2
9.61425000E+3	8.11206693E+1	-3.70631000E+5	-3.39941000E+5	1.40000000E+1	1.31800000E+3	6.05000000E+0	6.04900000E+0	2.31443214E+0	1.98347107E+2	2.17851240E+2
9.61450000E+3	8.11115152E+1	-3.71410000E+5	-3.40723000E+5	2.10000000E+1	1.23900000E+3	6.05000000E+0	6.05000000E+0	3.47107438E+0	1.86611570E+2	2.04793388E+2
9.61475000E+3	8.11023705E+1	-3.72188000E+5	-3.41504000E+5	1.40000000E+1	1.28400000E+3	6.04900000E+0	6.04800000E+0	2.31481481E+0	1.91436601E+2	2.12266490E+2
9.61500000E+3	8.10932352E+1	-3.72965000E+5	-3.42284000E+5	1.20000000E+1	1.31900000E+3	6.05000000E+0	6.04900000E+0	1.98379898E+0	1.99338843E+2	2.18016529E+2
9.61525000E+3	8.10841094E+1	-3.73741000E+5	-3.43064000E+5	1.80000000E+1	1.26200000E+3	6.05000000E+0	6.05000000E+0	2.97520661E+0	1.85950413E+2	2.08595041E+2
9.61550000E+3	8.10749928E+1	-3.74516000E+5	-3.43842000E+5	1.00000000E+1	1.29200000E+3	6.05000000E+0	6.05000000E+0	1.65289256E+0	1.96694215E+2	2.13553719E+2
9.61575000E+3	8.10658857E+1	-3.75291000E+5	-3.44620000E+5	1.90000000E+1	1.29000000E+3	6.05100000E+0	6.05000000E+0	3.14049587E+0	1.96165923E+2	2.13187903E+2
9.61600000E+3	8.10567878E+1	-3.76064000E+5	-3.45396000E+5	1.30000000E+1	1.21600000E+3	6.05000000E+0	6.05000000E+0	2.14876033E+0	1.82644628E+2	2.00991736E+2
9.61625000E+3	8.10476992E+1	-3.76837000E+5	-3.46172000E+5	1.30000000E+1	1.21600000E+3	6.04900000E+0	6.04800000E+0	2.14947090E+0	1.83501405E+2	2.01024963E+2
9.61650000E+3	8.10386199E+1	-3.77608000E+5	-3.46947000E+5	1.70000000E+1	1.24200000E+3	6.05000000E+0	6.05000000E+0	2.80991736E+0	1.85454545E+2	2.05289256E+2
9.61675000E+3	8.10295498E+1	-3.78379000E+5	-3.47721000E+5	7.00000000E+0	1.31000000E+3	6.05000000E+0	6.04900000E+0	1.15721607E+0	1.96528926E+2	2.16528926E+2
9.61700000E+3	8.10204889E+1	-3.79149000E+5	-3.48494000E+5	1.20000000E+1	1.20300000E+3	6.04900000E+0	6.04900000E+0	1.98379898E+0	1.81517606E+2	1.98875847E+2
9.61725000E+3	8.10114372E+1	-3.79918000E+5	-3.49267000E+5	1.90000000E+1	1.29800000E+3	6.04900000E+0	6.04900000E+0	3.14101504E+0	1.94246983E+2	2.14580922E+2
9.61750000E+3	8.10023946E+1	-3.80687000E+5	-3.50038000E+5	2.20000000E+1	1.25700000E+3	6.05000000E+0	6.04900000E+0	3.63696479E+0	1.88099174E+2	2.07768595E+2
9.61775000E+3	8.09933612E+1	-3.81454000E+5	-3.50809000E+5	1.00000000E+1	1.27300000E+3	6.05000000E+0	6.05000000E+0	1.65289256E+0	1.91239669E+2	2.10413223E+2
9.61800000E+3	8.09843368E+1	-3.82221000E+5	-3.51578000E+5	1.30000000E+1	1.19700000E+3	6.05100000E+0	6.05000000E+0	2.14876033E+0	1.79474467E+2	1.97818542E+2
9.61825000E+3	8.09753215E+1	-3.82986000E+5	-3.52347000E+5	1.70000000E+1	1.28400000E+3	6.04900000E+0	6.04900000E+0	2.81038188E+0	1.94412300E+2	2.12266490E+2
9.61850000E+3	8.09663153E+1	-3.83751000E+5	-3.53115000E+5	1.60000000E+1	1.22900000E+3	6.04900000E+0	6.04900000E+0	2.64506530E+0	1.82840139E+2	2.03174078E+2
9.61875000E+3	8.09573180E+1	-3.84515000E+5	-3.53883000E+5	1.40000000E+1	1.24700000E+3	6.04900000E+0	6.04900000E+0	2.31443214E+0	1.87303687E+2	2.06149777E+2
9.61900000E+3	8.09483298E+1	-3.85278000E+5	-3.54649000E+5	3.10000000E+1	1.23600000E+3	6.04900000E+0	6.04800000E+0	5.12566138E+0	1.84327988E+2	2.04331294E+2
9.61925000E+3	8.09393505E+1	-3.86041000E+5	-3.55414000E+5	1.70000000E+1	1.23600000E+3	6.05000000E+0	6.04900000E+0	2.81038188E+0	1.87933884E+2	2.04297521E+2
9.61950000E+3	8.09303802E+1	-3.86802000E+5	-3.56179000E+5	2.00000000E+1	1.25100000E+3	6.05000000E+0	6.05000000E+0	3.30578512E+0	1.89090909E+2	2.06776860E+2
9.61975000E+3	8.09214188E+1	-3.87563000E+5	-3.56943000E+5	1.70000000E+1	1.17800000E+3	6.04800000E+0	6.04800000E+0	2.81084656E+0	1.79232804E+2	1.94775132E+2
9.62000000E+3	8.09124663E+1	-3.88323000E+5	-3.57706000E+5	2.20000000E+1	1.22900000E+3	6.04900000E+0	6.04900000E+0	3.63696479E+0	1.86973053E+2	2.03174078E+2
9.62025000E+3	8.09035226E+1	-3.89082000E+5	-3.58468000E+5	2.20000000E+1	1.19500000E+3	6.05000000E+0	6.05000000E+0	3.63636364E+0	1.78181818E+2	1.97520661E+2
9.62050000E+3	8.08945878E+1	-3.89840000E+5	-3.59230000E+5	2.30000000E+1	1.22000000E+3	6.04900000E+0	6.04900000E+0	3.80228137E+0	1.84162672E+2	2.01686229E+2
9.62075000E+3	8.08856617E+1	-3.90597000E+5	-3.59990000E+5	2.00000000E+1	1.21300000E+3	6.04900000E+0	6.04900000E+0	3.30633163E+0	1.84989254E+2	2.00529013E+2
9.62100000E+3	8.08767445E+1	-3.91354000E+5	-3.60750000E+5	2.00000000E+1	1.21600000E+3	6.04900000E+0	6.04900000E+0	3.30633163E+0	1.83832038E+2	2.01024963E+2
9.62125000E+3	8.08678360E+1	-3.92109000E+5	-3.61509000E+5	2.00000000E+1	1.21000000E+3	6.05000000E+0	6.04900000E+0	3.30633163E+0	1.82314050E+2	2.00000000E+2
9.62150000E+3	8.08589363E+1	-3.92864000E+5	-3.62267000E+5	2.00000000E+1	1.26800000E+3	6.05000000E+0	6.05000000E+0	3.30578512E+0	1.87768595E+2	2.09586777E+2
9.62175000E+3	8.08500453E+1	-3.93618000E+5	-3.63024000E+5	1.30000000E+1	1.20800000E+3	6.04900000E+0	6.04900000E+0	2.14911556E+0	1.81682923E+2	1.99702430E+2
9.62200000E+3	8.08411630E+1	-3.94371000E+5	-3.63780000E+5	1.30000000E+1	1.23500000E+3	6.05000000E+0	6.04900000E+0	2.14911556E+0	1.83801653E+2	2.04132231E+2
9.62225000E+3	8.08322893E+1	-3.95124000E+5	-3.64536000E+5	1.10000000E+1	1.19200000E+3	6.05000000E+0	6.05000000E+0	1.81818182E+0	1.76528926E+2	1.97024793E+2
9.62250000E+3	8.08234243E+1	-3.95875000E+5	-3.65291000E+5	1.80000000E+1	1.18200000E+3	6.04900000E+0	6.04900000E+0	2.97569846E+0	1.76723425E+2	1.95404199E+2
9.62275000E+3	8.08145679E+1	-3.96626000E+5	-3.66045000E+5	1.00000000E+1	1.26900000E+3	6.04900000E+0	6.04900000E+0	1.65316581E+0	1.91105968E+2	2.09786742E+2
9.62300000E+3	8.08057201E+1	-3.97376000E+5	-3.66798000E+5	1.40000000E+1	1.19600000E+3	6.04900000E+0	6.04900000E+0	2.31443214E+0	1.78872541E+2	1.97718631E+2
9.62325000E+3	8.07968809E+1	-3.98125000E+5	-3.67550000E+5	1.30000000E+1	1.14000000E+3	6.05100000E+0	6.05100000E+0	2.14840522E+0	1.70550322E+2	1.88398612E+2
9.62350000E+3	8.07880502E+1	-3.98873000E+5	-3.68302000E+5	1.20000000E+1	1.22200000E+3	6.05000000E+0	6.05000000E+0	1.98347107E+0	1.85785124E+2	2.01983471E+2
9.62375000E+3	8.07792280E+1	-3.99621000E+5	-3.69052000E+5	1.10000000E+1	1.21000000E+3	6.05000000E+0	6.05000000E+0	1.81818182E+0	1.82148760E+2	2.00000000E+2
9.62400000E+3	8.07704143E+1	-4.00368000E+5	-3.69802000E+5	1.40000000E+1	1.22900000E+3	6.05000000E+0	6.04900000E+0	2.31443214E+0	1.85785124E+2	2.03140496E+2
9.62425000E+3	8.07616091E+1	-4.01114000E+5	-3.70552000E+5	1.80000000E+1	1.19100000E+3	6.05000000E+0	6.05000000E+0	2.97520661E+0	1.80000000E+2	1.96859504E+2
9.62450000E+3	8.07528124E+1	-4.01859000E+5	-3.71300000E+5	1.50000000E+1	1.15600000E+3	6.05000000E+0	6.05000000E+0	2.47933884E+0	1.73884298E+2	1.91074380E+2
9.62475000E+3	8.07440241E+1	-4.02603000E+5	-3.72047000E+5	1.10000000E+1	1.17000000E+3	6.05000000E+0	6.05000000E+0	1.81818182E+0	1.73388430E+2	1.93388430E+2
9.62500000E+3	8.07352442E+1	-4.03347000E+5	-3.72794000E+5	1.80000000E+1	1.15600000E+3	6.04900000E+0	6.04800000E+0	2.97619048E+0	1.73747727E+2	1.91105968E+2
9.62525000E+3	8.07264726E+1	-4.04089000E+5	-3.73540000E+5	1.80000000E+1	1.15700000E+3	6.04900000E+0	6.04900000E+0	2.97569846E+0	1.73251777E+2	1.91271285E+2
9.62550000E+3	8.07177095E+1	-4.04831000E+5	-3.74285000E+5	1.90000000E+1	1.14200000E+3	6.04900000E+0	6.04900000E+0	3.14101504E+0	1.73417094E+2	1.88791536E+2
9.62575000E+3	8.07089546E+1	-4.05573000E+5	-3.75030000E+5	1.40000000E+1	1.16700000E+3	6.05200000E+0	6.05100000E+0	2.31366716E+0	1.75809650E+2	1.92828817E+2
9.62600000E+3	8.07002081E+1	-4.06313000E+5	-3.75773000E+5	1.20000000E+1	1.16800000E+3	6.05100000E+0	6.05000000E+0	1.98347107E+0	1.73855561E+2	1.93025946E+2
9.62625000E+3	8.06914699E+1	-4.07053000E+5	-3.76516000E+5	1.00000000E+1	1.13000000E+3	6.04900000E+0	6.04800000E+0	1.65343915E+0	1.66969747E+2	1.86807737E+2
9.62650000E+3	8.06827399E+1	-4.07792000E+5	-3.77258000E+5	1.80000000E+1	1.18200000E+3	6.04900000E+0	6.04900000E+0	2.97569846E+0	1.77384692E+2	1.95404199E+2
9.62675000E+3	8.06740182E+1	-4.08530000E+5	-3.78000000E+5	1.30000000E+1	1.13700000E+3	6.04900000E+0	6.04900000E+0	2.14911556E+0	1.71102662E+2	1.87964953E+2
9.62700000E+3	8.06653047E+1	-4.09267000E+5	-3.78740000E+5	2.00000000E+1	1.18600000E+3	6.05000000E+0	6.05000000E+0	3.30578512E+0	1.81157025E+2	1.96033058E+2
9.62725000E+3	8.06565994E+1	-4.10003000E+5	-3.79480000E+5	1.60000000E+1	1.15400000E+3	6.05000000E+0	6.05000000E+0	2.64462810E+0	1.74710744E+2	1.90743802E+2
9.62750000E+3	8.06479023E+1	-4.10739000E+5	-3.80219000E+5	1.60000000E+1	1.11500000E+3	6.05000000E+0	6.04900000E+0	2.64506530E+0	1.66776860E+2	1.84297521E+2
9.62775000E+3	8.06392133E+1	-4.11474000E+5	-3.80957000E+5	1.40000000E+1	1.14800000E+3	6.04900000E+0	6.04900000E+0	2.31443214E+0	1.73747727E+2	1.89783435E+2
9.62800000E+3	8.06305325E+1	-4.12208000E+5	-3.81694000E+5	1.40000000E+1	1.14600000E+3	6.05100000E+0	6.05100000E+0	2.31366716E+0	1.72037680E+2	1.89390183E+2
9.62825000E+3	8.06218598E+1	-4.12942000E+5	-3.82431000E+5	1.50000000E+1	1.13300000E+3	6.04900000E+0	6.04900000E+0	2.47974872E+0	1.72425194E+2	1.87303687E+2
9.62850000E+3	8.06131952E+1	-4.13675000E+5	-3.83167000E+5	1.40000000E+1	1.12100000E+3	6.05000000E+0	6.05000000E+0	2.31404959E+0	1.65785124E+2	1.85289256E+2
9.62875000E+3	8.06045387E+1	-4.14407000E+5	-3.83902000E+5	1.80000000E+1	1.12700000E+3	6.04900000E+0	6.04900000E+0	2.97569846E+0	1.69614812E+2	1.86311787E+2
9.62900000E+3	8.05958902E+1	-4.15138000E+5	-3.84636000E+5	1.70000000E+1	1.16400000E+3	6.05000000E+0	6.05000000E+0	2.80991736E+0	1.73553719E+2	1.92396694E+2
9.62925000E+3	8.05872497E+1	-4.15868000E+5	-3.85370000E+5	9.00000000E+0	1.10000000E+3	6.05000000E+0	6.05000000E+0	1.48760331E+0	1.65785124E+2	1.81818182E+2
9.62950000E+3	8.05786173E+1	-4.16598000E+5	-3.86103000E+5	2.00000000E+1	1.08100000E+3	6.04900000E+0	6.04800000E+0	3.30687831E+0	1.63332782E+2	1.78707224E+2
9.62975000E+3	8.05699928E+1	-4.17327000E+5	-3.86835000E+5	1.10000000E+1	1.12600000E+3	6.04900000E+0	6.04900000E+0	1.81848239E+0	1.69945446E+2	1.86146470E+2
9.63000000E+3	8.05613763E+1	-4.18055000E+5	-3.87566000E+5	1.57000000E+2	1.13310000E+4	6.00500000E+1	6.00430000E+1	2.61479273E+0	1.70774355E+2	1.88692756E+2
9.63025000E+3	8.05527677E+1	-4.18782000E+5	-3.88297000E+5	1.45000000E+2	1.13010000E+4	6.00500000E+1	6.00430000E+1	2.41493596E+0	1.70058285E+2	1.88193172E+2
9.63050000E+3	8.05441671E+1	-4.19509000E+5	-3.89027000E+5	1.50000000E+2	1.12090000E+4	6.00510000E+1	6.00440000E+1	2.49816801E+0	1.67923931E+2	1.86658007E+2
9.63075000E+3	8.05355743E+1	-4.20235000E+5	-3.89756000E+5	1.48000000E+2	1.10500000E+4	6.00500000E+1	6.00430000E+1	2.46490015E+0	1.66827644E+2	1.84013322E+2
9.63100000E+3	8.05269895E+1	-4.20960000E+5	-3.90484000E+5	1.66000000E+2	1.14430000E+4	6.00500000E+1	6.00430000E+1	2.76468531E+0	1.72156536E+2	1.90557868E+2
9.63125000E+3	8.05184125E+1	-4.21685000E+5	-3.91212000E+5	1.60000000E+2	1.11560000E+4	6.00510000E+1	6.00440000E+1	2.66471254E+0	1.68306939E+2	1.85775424E+2
9.63150000E+3	8.05098433E+1	-4.22408000E+5	-3.91939000E+5	1.58000000E+2	1.10650000E+4	6.00510000E+1	6.00440000E+1	2.63140364E+0	1.67008043E+2	1.84260046E+2
9.63175000E+3	8.05012820E+1	-4.23131000E+5	-3.92665000E+5	1.36000000E+2	1.09170000E+4	6.00500000E+1	6.00430000E+1	2.26504339E+0	1.64845962E+2	1.81798501E+2
9.63200000E+3	8.04927285E+1	-4.23853000E+5	-3.93391000E+5	1.31000000E+2	1.10390000E+4	6.00510000E+1	6.00440000E+1	2.18173340E+0	1.66824866E+2	1.83827080E+2
9.63225000E+3	8.04841827E+1	-4.24575000E+5	-3.94115000E+5	1.54000000E+2	1.09260000E+4	6.00500000E+1	6.00430000E+1	2.56482854E+0	1.64496253E+2	1.81948376E+2
9.63250000E+3	8.04756447E+1	-4.25296000E+5	-3.94839000E+5	1.23000000E+2	1.09900000E+4	6.00500000E+1	6.00430000E+1	2.04853189E+0	1.66028310E+2	1.83014155E+2
9.63275000E+3	8.04671144E+1	-4.26016000E+5	-3.95562000E+5	1.69000000E+2	1.09760000E+4	6.00500000E+1	6.00430000E+1	2.81464950E+0	1.65861782E+2	1.82781016E+2
9.63300000E+3	8.04585919E+1	-4.26735000E+5	-3.96285000E+5	1.55000000E+2	1.07810000E+4	6.00510000E+1	6.00450000E+1	2.58139729E+0	1.63044745E+2	1.79530732E+2
9.63325000E+3	8.04500770E+1	-4.27454000E+5	-3.97007000E+5	1.29000000E+2	1.07960000E+4	6.00510000E+1	6.00440000E+1	2.14842449E+0	1.62145510E+2	1.79780520E+2
9.63350000E+3	8.04415699E+1	-4.28171000E+5	-3.97728000E+5	1.61000000E+2	1.09570000E+4	6.00510000E+1	6.00440000E+1	2.68136700E+0	1.65142962E+2	1.82461574E+2
9.63375000E+3	8.04330703E+1	-4.28889000E+5	-3.98448000E+5	1.65000000E+2	1.06600000E+4	6.00500000E+1	6.00430000E+1	2.74803058E+0	1.61448793E+2	1.77518734E+2
9.63400000E+3	8.04245785E+1	-4.29605000E+5	-3.99168000E+5	1.40000000E+2	1.08990000E+4	6.00500000E+1	6.00430000E+1	2.33166231E+0	1.64479600E+2	1.81498751E+2
9.63425000E+3	8.04160942E+1	-4.30321000E+5	-3.99886000E+5	1.58000000E+2	1.06940000E+4	6.00500000E+1	6.00430000E+1	2.63144746E+0	1.61715237E+2	1.78084929E+2
9.63450000E+3	8.04076176E+1	-4.31036000E+5	-4.00605000E+5	1.71000000E+2	1.09260000E+4	6.00500000E+1	6.00430000E+1	2.84795896E+0	1.65895087E+2	1.81948376E+2
9.63475000E+3	8.03991485E+1	-4.31750000E+5	-4.01322000E+5	1.45000000E+2	1.06920000E+4	6.00510000E+1	6.00440000E+1	2.41489574E+0	1.61063096E+2	1.78048659E+2
9.63500000E+3	8.03906870E+1	-4.32463000E+5	-4.02039000E+5	1.45000000E+2	1.07010000E+4	6.00510000E+1	6.00440000E+1	2.41489574E+0	1.61063096E+2	1.78198531E+2
9.63525000E+3	8.03822330E+1	-4.33176000E+5	-4.02755000E+5	1.69000000E+2	1.07670000E+4	6.00510000E+1	6.00440000E+1	2.81460262E+0	1.62561822E+2	1.79297597E+2
9.63550000E+3	8.03737865E+1	-4.33888000E+5	-4.03470000E+5	1.53000000E+2	1.05570000E+4	6.00510000E+1	6.00450000E+1	2.54808893E+0	1.59431150E+2	1.75800570E+2
9.63575000E+3	8.03653476E+1	-4.34600000E+5	-4.04185000E+5	1.44000000E+2	1.07350000E+4	6.00510000E+1	6.00440000E+1	2.39824129E+0	1.61079749E+2	1.78764717E+2
9.63600000E+3	8.03569161E+1	-4.35310000E+5	-4.04899000E+5	1.32000000E+2	1.07230000E+4	6.00490000E+1	6.00420000E+1	2.19846108E+0	1.62117604E+2	1.78570834E+2
9.63625000E+3	8.03484921E+1	-4.36020000E+5	-4.05612000E+5	1.64000000E+2	1.09290000E+4	6.00500000E+1	6.00430000E+1	2.73137585E+0	1.64679434E+2	1.81998335E+2
9.63650000E+3	8.03400756E+1	-4.36730000E+5	-4.06324000E+5	1.54000000E+2	1.07940000E+4	6.00510000E+1	6.00440000E+1	2.56478582E+0	1.61629282E+2	1.79747215E+2
9.63675000E+3	8.03316665E+1	-4.37438000E+5	-4.07036000E+5	1.41000000E+2	1.06540000E+4	6.00510000E+1	6.00440000E+1	2.34827793E+0	1.59997336E+2	1.77415863E+2
9.63700000E+3	8.03232648E+1	-4.38146000E+5	-4.07747000E+5	1.61000000E+2	1.05520000E+4	6.00500000E+1	6.00430000E+1	2.68141165E+0	1.58717735E+2	1.75720233E+2
9.63725000E+3	8.03148704E+1	-4.38853000E+5	-4.08458000E+5	1.50000000E+2	1.05480000E+4	6.00520000E+1	6.00450000E+1	2.49812641E+0	1.58829015E+2	1.75647772E+2
9.63750000E+3	8.03064835E+1	-4.39560000E+5	-4.09167000E+5	1.61000000E+2	1.07320000E+4	6.00510000E+1	6.00440000E+1	2.68136700E+0	1.60896571E+2	1.78714759E+2
9.63775000E+3	8.02981039E+1	-4.40266000E+5	-4.09876000E+5	1.62000000E+2	1.05290000E+4	6.00500000E+1	6.00430000E+1	2.69806639E+0	1.58417985E+2	1.75337219E+2
9.63800000E+3	8.02897316E+1	-4.40971000E+5	-4.10584000E+5	1.62000000E+2	1.04050000E+4	6.00510000E+1	6.00450000E+1	2.69797652E+0	1.56267173E+2	1.73269388E+2
9.63825000E+3	8.02813667E+1	-4.41675000E+5	-4.11292000E+5	1.55000000E+2	1.06180000E+4	6.00510000E+1	6.00440000E+1	2.58144028E+0	1.59764200E+2	1.76816373E+2
9.63850000E+3	8.02730090E+1	-4.42379000E+5	-4.11999000E+5	1.66000000E+2	1.04890000E+4	6.00500000E+1	6.00430000E+1	2.76468531E+0	1.58384679E+2	1.74671107E+2
9.63875000E+3	8.02646587E+1	-4.43082000E+5	-4.12705000E+5	1.60000000E+2	1.04070000E+4	6.00510000E+1	6.00440000E+1	2.66471254E+0	1.56916621E+2	1.73302693E+2
9.63900000E+3	8.02563156E+1	-4.43784000E+5	-4.13411000E+5	1.45000000E+2	1.04520000E+4	6.00520000E+1	6.00450000E+1	2.41485553E+0	1.57113835E+2	1.74049157E+2
9.63925000E+3	8.02479797E+1	-4.44486000E+5	-4.14116000E+5	1.55000000E+2	1.04920000E+4	6.00500000E+1	6.00430000E+1	2.58148327E+0	1.57818485E+2	1.74721066E+2
9.63950000E+3	8.02396511E+1	-4.45187000E+5	-4.14820000E+5	1.52000000E+2	1.05650000E+4	6.00510000E+1	6.00450000E+1	2.53143476E+0	1.59014837E+2	1.75933790E+2
9.63975000E+3	8.02313296E+1	-4.45887000E+5	-4.15523000E+5	1.39000000E+2	1.03860000E+4	6.00520000E+1	6.00460000E+1	2.31489192E+0	1.56381136E+2	1.72950110E+2
9.64000000E+3	8.02230154E+1	-4.46587000E+5	-4.16226000E+5	1.59000000E+2	1.01930000E+4	6.00510000E+1	6.00440000E+1	2.64805809E+0	1.53036586E+2	1.69739055E+2
9.64025000E+3	8.02147084E+1	-4.47286000E+5	-4.16928000E+5	1.49000000E+2	1.05230000E+4	6.00500000E+1	6.00430000E+1	2.48155489E+0	1.57701915E+2	1.75237302E+2
9.64050000E+3	8.02064085E+1	-4.47984000E+5	-4.17630000E+5	1.40000000E+2	1.03920000E+4	6.00510000E+1	6.00440000E+1	2.33162348E+0	1.56633528E+2	1.73052905E+2
9.64075000E+3	8.01981157E+1	-4.48682000E+5	-4.18330000E+5	1.46000000E+2	1.04180000E+4	6.00500000E+1	6.00440000E+1	2.43155020E+0	1.56935887E+2	1.73488759E+2
9.64100000E+3	8.01898300E+1	-4.49378000E+5	-4.19031000E+5	1.60000000E+2	1.02180000E+4	6.00510000E+1	6.00440000E+1	2.66471254E+0	1.54402092E+2	1.70155368E+2
9.64125000E+3	8.01815515E+1	-4.50075000E+5	-4.19730000E+5	1.49000000E+2	1.03080000E+4	6.00510000E+1	6.00450000E+1	2.48147223E+0	1.54701837E+2	1.71654094E+2
9.64150000E+3	8.01732800E+1	-4.50770000E+5	-4.20429000E+5	1.42000000E+2	1.03430000E+4	6.00500000E+1	6.00440000E+1	2.36493238E+0	1.55603664E+2	1.72239800E+2
9.64175000E+3	8.01650157E+1	-4.51465000E+5	-4.21127000E+5	1.50000000E+2	1.01540000E+4	6.00510000E+1	6.00440000E+1	2.49816801E+0	1.52154002E+2	1.69089607E+2
9.64200000E+3	8.01567583E+1	-4.52159000E+5	-4.21824000E+5	1.60000000E+2	1.02310000E+4	6.00510000E+1	6.00450000E+1	2.66466817E+0	1.53902516E+2	1.70371851E+2
9.64225000E+3	8.01485080E+1	-4.52853000E+5	-4.22521000E+5	1.50000000E+2	1.00030000E+4	6.00520000E+1	6.00460000E+1	2.49808480E+0	1.51119030E+2	1.66572304E+2
9.64250000E+3	8.01402647E+1	-4.53546000E+5	-4.23217000E+5	1.57000000E+2	1.00030000E+4	6.00510000E+1	6.00440000E+1	2.61474918E+0	1.49706083E+2	1.66575078E+2
9.64275000E+3	8.01320284E+1	-4.54238000E+5	-4.23913000E+5	1.51000000E+2	1.00450000E+4	6.00510000E+1	6.00440000E+1	2.51482246E+0	1.50005828E+2	1.67274483E+2
9.64300000E+3	8.01237991E+1	-4.54930000E+5	-4.24607000E+5	1.53000000E+2	9.99400000E+3	6.00510000E+1	6.00440000E+1	2.54813137E+0	1.50472099E+2	1.66425205E+2
9.64325000E+3	8.01155768E+1	-4.55621000E+5	-4.25301000E+5	1.26000000E+2	1.00110000E+4	6.00520000E+1	6.00450000E+1	2.09842618E+0	1.49587025E+2	1.66705522E+2
9.64350000E+3	8.01073614E+1	-4.56311000E+5	-4.25995000E+5	1.62000000E+2	9.95100000E+3	6.00510000E+1	6.00450000E+1	2.69797652E+0	1.49489601E+2	1.65709147E+2
9.64375000E+3	8.00991530E+1	-4.57001000E+5	-4.26688000E+5	1.69000000E+2	1.01180000E+4	6.00500000E+1	6.00440000E+1	2.81460262E+0	1.51840133E+2	1.68492923E+2
9.64400000E+3	8.00909514E+1	-4.57689000E+5	-4.27380000E+5	1.48000000E+2	9.85400000E+3	6.00500000E+1	6.00440000E+1	2.46485910E+0	1.48259784E+2	1.64096586E+2
9.64425000E+3	8.00827568E+1	-4.58378000E+5	-4.28071000E+5	1.53000000E+2	9.85900000E+3	6.00510000E+1	6.00450000E+1	2.54808893E+0	1.48490450E+2	1.64177116E+2
9.64450000E+3	8.00745690E+1	-4.59065000E+5	-4.28762000E+5	1.37000000E+2	9.98900000E+3	6.00510000E+1	6.00450000E+1	2.28162212E+0	1.49972523E+2	1.66341943E+2
9.64475000E+3	8.00663881E+1	-4.59752000E+5	-4.29452000E+5	1.64000000E+2	9.79200000E+3	6.00520000E+1	6.00460000E+1	2.73123938E+0	1.47105842E+2	1.63058682E+2
9.64500000E+3	8.00582141E+1	-4.60439000E+5	-4.30142000E+5	1.52000000E+2	9.81400000E+3	6.00510000E+1	6.00450000E+1	2.53143476E+0	1.48273967E+2	1.63427753E+2
9.64525000E+3	8.00500469E+1	-4.61124000E+5	-4.30831000E+5	1.43000000E+2	9.78800000E+3	6.00510000E+1	6.00450000E+1	2.38154717E+0	1.46841851E+2	1.62994788E+2
9.64550000E+3	8.00418865E+1	-4.61809000E+5	-4.31519000E+5	1.60000000E+2	9.85300000E+3	6.00500000E+1	6.00440000E+1	2.66471254E+0	1.48243131E+2	1.64079933E+2
9.64575000E+3	8.00337329E+1	-4.62494000E+5	-4.32207000E+5	1.68000000E+2	9.90300000E+3	6.00510000E+1	6.00450000E+1	2.79790157E+0	1.49006678E+2	1.64909827E+2
9.64600000E+3	8.00255861E+1	-4.63178000E+5	-4.32893000E+5	1.39000000E+2	9.85500000E+3	6.00510000E+1	6.00450000E+1	2.31493047E+0	1.47457994E+2	1.64110506E+2
9.64625000E+3	8.00174461E+1	-4.63861000E+5	-4.33580000E+5	1.55000000E+2	9.78200000E+3	6.00500000E+1	6.00440000E+1	2.58144028E+0	1.46910908E+2	1.62897585E+2
9.64650000E+3	8.00093128E+1	-4.64543000E+5	-4.34265000E+5	1.60000000E+2	9.84000000E+3	6.00510000E+1	6.00440000E+1	2.66471254E+0	1.47557909E+2	1.63860718E+2
9.64675000E+3	8.00011863E+1	-4.65225000E+5	-4.34950000E+5	1.41000000E+2	9.75700000E+3	6.00500000E+1	6.00440000E+1	2.34827793E+0	1.46944213E+2	1.62481266E+2
9.64700000E+3	7.99930665E+1	-4.65906000E+5	-4.35635000E+5	1.56000000E+2	9.65300000E+3	6.00500000E+1	6.00440000E+1	2.59809473E+0	1.44979184E+2	1.60749376E+2
9.64725000E+3	7.99849534E+1	-4.66587000E+5	-4.36319000E+5	1.50000000E+2	9.76600000E+3	6.00500000E+1	6.00440000E+1	2.49816801E+0	1.47210658E+2	1.62631141E+2
9.64750000E+3	7.99768469E+1	-4.67267000E+5	-4.37002000E+5	1.55000000E+2	9.77700000E+3	6.00500000E+1	6.00440000E+1	2.58144028E+0	1.46078268E+2	1.62814321E+2
9.64775000E+3	7.99687472E+1	-4.67946000E+5	-4.37684000E+5	1.71000000E+2	9.47900000E+3	6.00510000E+1	6.00450000E+1	2.84786410E+0	1.42195800E+2	1.57849162E+2
9.64800000E+3	7.99606541E+1	-4.68625000E+5	-4.38366000E+5	1.53000000E+2	9.63400000E+3	6.00510000E+1	6.00450000E+1	2.54808893E+0	1.43244908E+2	1.60430301E+2
9.64825000E+3	7.99525676E+1	-4.69303000E+5	-4.39047000E+5	1.47000000E+2	9.48200000E+3	6.00500000E+1	6.00440000E+1	2.44820465E+0	1.42281432E+2	1.57901749E+2
9.64850000E+3	7.99444878E+1	-4.69980000E+5	-4.39728000E+5	1.32000000E+2	9.66100000E+3	6.00510000E+1	6.00450000E+1	2.19835124E+0	1.44926812E+2	1.60879919E+2
9.64875000E+3	7.99364146E+1	-4.70657000E+5	-4.40408000E+5	1.44000000E+2	9.64400000E+3	6.00520000E+1	6.00460000E+1	2.39816141E+0	1.45174182E+2	1.60594152E+2
9.64900000E+3	7.99283480E+1	-4.71333000E+5	-4.41087000E+5	1.16000000E+2	9.69900000E+3	6.00510000E+1	6.00450000E+1	1.93188442E+0	1.45826048E+2	1.61512714E+2
9.64925000E+3	7.99202880E+1	-4.72009000E+5	-4.41766000E+5	1.51000000E+2	9.85000000E+3	6.00520000E+1	6.00450000E+1	2.51478058E+0	1.48088323E+2	1.64024512E+2
9.64950000E+3	7.99122345E+1	-4.72684000E+5	-4.42444000E+5	1.42000000E+2	9.44700000E+3	6.00520000E+1	6.00460000E+1	2.36485361E+0	1.42193432E+2	1.57313661E+2
9.64975000E+3	7.99041876E+1	-4.73358000E+5	-4.43122000E+5	1.52000000E+2	9.44600000E+3	6.00490000E+1	6.00440000E+1	2.53147692E+0	1.41551067E+2	1.57304868E+2
9.65000000E+3	7.98961472E+1	-4.74032000E+5	-4.43798000E+5	1.33000000E+2	9.39800000E+3	6.00500000E+1	6.00440000E+1	2.21504230E+0	1.40333056E+2	1.56502914E+2
9.65025000E+3	7.98881134E+1	-4.74705000E+5	-4.44475000E+5	1.37000000E+2	9.58300000E+3	6.00510000E+1	6.00450000E+1	2.28162212E+0	1.44027577E+2	1.59581023E+2
9.65050000E+3	7.98800860E+1	-4.75377000E+5	-4.45150000E+5	1.50000000E+2	9.48500000E+3	6.00510000E+1	6.00450000E+1	2.49812641E+0	1.42179148E+2	1.57949077E+2
9.65075000E+3	7.98720652E+1	-4.76049000E+5	-4.45825000E+5	1.64000000E+2	9.44400000E+3	6.00510000E+1	6.00450000E+1	2.73128487E+0	1.40730379E+2	1.57266324E+2
9.65100000E+3	7.98640508E+1	-4.76720000E+5	-4.46500000E+5	1.66000000E+2	9.46500000E+3	6.00520000E+1	6.00460000E+1	2.76454718E+0	1.42576434E+2	1.57613402E+2
9.65125000E+3	7.98560429E+1	-4.77391000E+5	-4.47173000E+5	1.30000000E+2	9.49700000E+3	6.00500000E+1	6.00440000E+1	2.16507894E+0	1.42731057E+2	1.58151540E+2
9.65150000E+3	7.98480414E+1	-4.78061000E+5	-4.47847000E+5	1.55000000E+2	9.37700000E+3	6.00510000E+1	6.00450000E+1	2.58139729E+0	1.41229955E+2	1.56150605E+2
9.65175000E+3	7.98400464E+1	-4.78730000E+5	-4.48519000E+5	1.54000000E+2	9.50900000E+3	6.00510000E+1	6.00450000E+1	2.56474311E+0	1.42045928E+2	1.58348737E+2
9.65200000E+3	7.98320577E+1	-4.79399000E+5	-4.49191000E+5	1.38000000E+2	9.28500000E+3	6.00510000E+1	6.00450000E+1	2.29827629E+0	1.39198348E+2	1.54618574E+2
9.65225000E+3	7.98240755E+1	-4.80067000E+5	-4.49862000E+5	1.34000000E+2	9.37300000E+3	6.00500000E+1	6.00440000E+1	2.23169676E+0	1.40799334E+2	1.56086595E+2
9.65250000E+3	7.98160997E+1	-4.80735000E+5	-4.50533000E+5	1.73000000E+2	9.17900000E+3	6.00500000E+1	6.00440000E+1	2.88122044E+0	1.37768526E+2	1.52855953E+2
9.65275000E+3	7.98081302E+1	-4.81402000E+5	-4.51203000E+5	1.64000000E+2	9.20300000E+3	6.00510000E+1	6.00450000E+1	2.73128487E+0	1.37599707E+2	1.53253068E+2
9.65300000E+3	7.98001671E+1	-4.82068000E+5	-4.51873000E+5	1.69000000E+2	9.30000000E+3	6.00500000E+1	6.00440000E+1	2.81460262E+0	1.39283930E+2	1.54870941E+2
9.65325000E+3	7.97922103E+1	-4.82734000E+5	-4.52542000E+5	1.50000000E+2	9.14800000E+3	6.00500000E+1	6.00450000E+1	2.49812641E+0	1.37418818E+2	1.52339717E+2
9.65350000E+3	7.97842599E+1	-4.83399000E+5	-4.53210000E+5	1.53000000E+2	9.09700000E+3	6.00500000E+1	6.00450000E+1	2.54808893E+0	1.35886761E+2	1.51490425E+2
9.65375000E+3	7.97763158E+1	-4.84063000E+5	-4.53878000E+5	1.52000000E+2	9.26200000E+3	6.00510000E+1	6.00450000E+1	2.53143476E+0	1.38199197E+2	1.54235566E+2
9.65400000E+3	7.97683780E+1	-4.84727000E+5	-4.54545000E+5	1.68000000E+2	9.28200000E+3	6.00500000E+1	6.00440000E+1	2.79794817E+0	1.38684430E+2	1.54571191E+2
9.65425000E+3	7.97604465E+1	-4.85391000E+5	-4.55211000E+5	1.57000000E+2	9.27200000E+3	6.00510000E+1	6.00450000E+1	2.61470564E+0	1.38448985E+2	1.54402092E+2
9.65450000E+3	7.97525212E+1	-4.86053000E+5	-4.55877000E+5	1.50000000E+2	9.06100000E+3	6.00510000E+1	6.00450000E+1	2.49812641E+0	1.34518992E+2	1.50888412E+2
9.65475000E+3	7.97446022E+1	-4.86716000E+5	-4.56543000E+5	1.40000000E+2	9.12900000E+3	6.00500000E+1	6.00450000E+1	2.33158464E+0	1.36652789E+2	1.52023314E+2
9.65500000E+3	7.97366895E+1	-4.87377000E+5	-4.57207000E+5	1.41000000E+2	9.15100000E+3	6.00520000E+1	6.00460000E+1	2.34819971E+0	1.37880504E+2	1.52384600E+2
9.65525000E+3	7.97287830E+1	-4.88038000E+5	-4.57872000E+5	1.46000000E+2	8.96400000E+3	6.00500000E+1	6.00450000E+1	2.43150970E+0	1.34054954E+2	1.49275604E+2
9.65550000E+3	7.97208827E+1	-4.88698000E+5	-4.58535000E+5	1.57000000E+2	9.16200000E+3	6.00510000E+1	6.00450000E+1	2.61470564E+0	1.37250004E+2	1.52570315E+2
9.65575000E+3	7.97129886E+1	-4.89358000E+5	-4.59198000E+5	1.52000000E+2	8.95300000E+3	6.00500000E+1	6.00450000E+1	2.53143476E+0	1.33888426E+2	1.49092423E+2
9.65600000E+3	7.97051007E+1	-4.90017000E+5	-4.59861000E+5	1.54000000E+2	9.15000000E+3	6.00500000E+1	6.00450000E+1	2.56474311E+0	1.35970025E+2	1.52373022E+2
9.65625000E+3	7.96972189E+1	-4.90676000E+5	-4.60522000E+5	1.69000000E+2	9.19800000E+3	6.00510000E+1	6.00450000E+1	2.81455575E+0	1.37549749E+2	1.53169806E+2
9.65650000E+3	7.96893434E+1	-4.91334000E+5	-4.61184000E+5	1.49000000E+2	9.02200000E+3	6.00500000E+1	6.00450000E+1	2.48147223E+0	1.35303913E+2	1.50241465E+2
9.65675000E+3	7.96814739E+1	-4.91992000E+5	-4.61844000E+5	1.39000000E+2	8.93200000E+3	6.00510000E+1	6.00450000E+1	2.31493047E+0	1.33569799E+2	1.48740237E+2
9.65700000E+3	7.96736106E+1	-4.92648000E+5	-4.62504000E+5	1.60000000E+2	9.28900000E+3	6.00510000E+1	6.00450000E+1	2.66466817E+0	1.39381526E+2	1.54685184E+2
9.65725000E+3	7.96657535E+1	-4.93305000E+5	-4.63164000E+5	1.69000000E+2	9.02600000E+3	6.00520000E+1	6.00460000E+1	2.81450888E+0	1.35465930E+2	1.50303071E+2
9.65750000E+3	7.96579024E+1	-4.93960000E+5	-4.63822000E+5	1.43000000E+2	9.10400000E+3	6.00500000E+1	6.00450000E+1	2.38154717E+0	1.36303081E+2	1.51606994E+2
9.65775000E+3	7.96500575E+1	-4.94615000E+5	-4.64481000E+5	1.47000000E+2	9.12000000E+3	6.00510000E+1	6.00450000E+1	2.44816388E+0	1.35734626E+2	1.51870910E+2
9.65800000E+3	7.96422186E+1	-4.95270000E+5	-4.65139000E+5	1.57000000E+2	8.97700000E+3	6.00500000E+1	6.00450000E+1	2.61470564E+0	1.34837635E+2	1.49492090E+2
9.65825000E+3	7.96343858E+1	-4.95924000E+5	-4.65796000E+5	1.69000000E+2	8.89600000E+3	6.00520000E+1	6.00470000E+1	2.81446200E+0	1.32834876E+2	1.48138280E+2
9.65850000E+3	7.96265590E+1	-4.96577000E+5	-4.66452000E+5	1.99000000E+2	8.98500000E+3	6.00510000E+1	6.00460000E+1	3.31412584E+0	1.34768780E+2	1.49622821E+2
9.65875000E+3	7.96187383E+1	-4.97230000E+5	-4.67108000E+5	1.71000000E+2	8.93400000E+3	6.00530000E+1	6.00480000E+1	2.84772182E+0	1.34031605E+2	1.48768588E+2
9.65900000E+3	7.96109236E+1	-4.97882000E+5	-4.67764000E+5	1.72000000E+2	8.97100000E+3	6.00500000E+1	6.00450000E+1	2.86451828E+0	1.33838468E+2	1.49392173E+2
9.65925000E+3	7.96031149E+1	-4.98534000E+5	-4.68418000E+5	1.82000000E+2	8.83000000E+3	6.00520000E+1	6.00460000E+1	3.03100956E+0	1.31735829E+2	1.47039233E+2
9.65950000E+3	7.95953123E+1	-4.99185000E+5	-4.69073000E+5	1.76000000E+2	9.05000000E+3	6.00510000E+1	6.00450000E+1	2.93113498E+0	1.34752127E+2	1.50705234E+2
9.65975000E+3	7.95875156E+1	-4.99836000E+5	-4.69726000E+5	1.79000000E+2	9.14900000E+3	6.00500000E+1	6.00440000E+1	2.98114716E+0	1.36652789E+2	1.52356370E+2
9.66000000E+3	7.95797249E+1	-5.00486000E+5	-4.70380000E+5	1.94000000E+2	8.87800000E+3	6.00520000E+1	6.00460000E+1	3.23085634E+0	1.31635916E+2	1.47838540E+2
9.66025000E+3	7.95719401E+1	-5.01135000E+5	-4.71032000E+5	2.04000000E+2	8.88500000E+3	6.00510000E+1	6.00450000E+1	3.39745191E+0	1.32787131E+2	1.47957569E+2
9.66050000E+3	7.95641613E+1	-5.01784000E+5	-4.71684000E+5	2.34000000E+2	9.00500000E+3	6.00500000E+1	6.00440000E+1	3.89714210E+0	1.34771024E+2	1.49958368E+2
9.66075000E+3	7.95563884E+1	-5.02432000E+5	-4.72336000E+5	2.08000000E+2	8.77600000E+3	6.00510000E+1	6.00460000E+1	3.46401092E+0	1.30505737E+2	1.46142446E+2
9.66100000E+3	7.95486215E+1	-5.03080000E+5	-4.72986000E+5	2.09000000E+2	8.94500000E+3	6.00510000E+1	6.00450000E+1	3.48072279E+0	1.33703019E+2	1.48956720E+2
9.66125000E+3	7.95408605E+1	-5.03727000E+5	-4.73637000E+5	2.24000000E+2	8.96000000E+3	6.00510000E+1	6.00460000E+1	3.73047330E+0	1.33436579E+2	1.49206508E+2
9.66150000E+3	7.95331054E+1	-5.04374000E+5	-4.74287000E+5	2.30000000E+2	8.94000000E+3	6.00500000E+1	6.00450000E+1	3.83046049E+0	1.33039134E+2	1.48875937E+2
9.66175000E+3	7.95253561E+1	-5.05020000E+5	-4.74936000E+5	2.50000000E+2	8.82300000E+3	6.00510000E+1	6.00450000E+1	4.16354401E+0	1.33586452E+2	1.46925114E+2
9.66200000E+3	7.95176127E+1	-5.05665000E+5	-4.75584000E+5	2.19000000E+2	8.83300000E+3	6.00510000E+1	6.00460000E+1	3.64720381E+0	1.31887895E+2	1.47091639E+2
9.66225000E+3	7.95098752E+1	-5.06310000E+5	-4.76232000E+5	2.17000000E+2	8.94800000E+3	6.00500000E+1	6.00440000E+1	3.61401639E+0	1.33505412E+2	1.49009159E+2
9.66250000E+3	7.95021436E+1	-5.06954000E+5	-4.76880000E+5	2.30000000E+2	8.65900000E+3	6.00510000E+1	6.00450000E+1	3.83046049E+0	1.29506586E+2	1.44194102E+2
9.66275000E+3	7.94944177E+1	-5.07598000E+5	-4.77527000E+5	2.34000000E+2	8.91000000E+3	6.00520000E+1	6.00460000E+1	3.89701229E+0	1.33700793E+2	1.48371411E+2
9.66300000E+3	7.94866977E+1	-5.08241000E+5	-4.78173000E+5	2.45000000E+2	8.89700000E+3	6.00520000E+1	6.00460000E+1	4.08020518E+0	1.33584227E+2	1.48154932E+2
9.66325000E+3	7.94789835E+1	-5.08884000E+5	-4.78819000E+5	2.44000000E+2	8.85600000E+3	6.00510000E+1	6.00460000E+1	4.06355128E+0	1.32670563E+2	1.47474647E+2
9.66350000E+3	7.94712751E+1	-5.09526000E+5	-4.79464000E+5	2.36000000E+2	8.78500000E+3	6.00510000E+1	6.00450000E+1	3.93038554E+0	1.30172687E+2	1.46292318E+2
9.66375000E+3	7.94635725E+1	-5.10168000E+5	-4.80109000E+5	2.32000000E+2	8.79100000E+3	6.00500000E+1	6.00450000E+1	3.86376884E+0	1.31523730E+2	1.46394671E+2
9.66400000E+3	7.94558757E+1	-5.10809000E+5	-4.80753000E+5	2.24000000E+2	8.77500000E+3	6.00500000E+1	6.00450000E+1	3.73053543E+0	1.31573689E+2	1.46128226E+2
9.66425000E+3	7.94481846E+1	-5.11449000E+5	-4.81397000E+5	2.22000000E+2	8.72600000E+3	6.00500000E+1	6.00450000E+1	3.69722708E+0	1.30757702E+2	1.45312240E+2
9.66450000E+3	7.94404993E+1	-5.12089000E+5	-4.82040000E+5	2.32000000E+2	8.71700000E+3	6.00500000E+1	6.00450000E+1	3.86376884E+0	1.30074938E+2	1.45162365E+2
9.66475000E+3	7.94328197E+1	-5.12728000E+5	-4.82683000E+5	2.24000000E+2	8.68400000E+3	6.00500000E+1	6.00440000E+1	3.73059756E+0	1.28992506E+2	1.44612823E+2
9.66500000E+3	7.94251458E+1	-5.13367000E+5	-4.83325000E+5	2.07000000E+2	8.62900000E+3	6.00510000E+1	6.00460000E+1	3.44735703E+0	1.29223493E+2	1.43694526E+2
9.66525000E+3	7.94174777E+1	-5.14006000E+5	-4.83966000E+5	1.96000000E+2	8.66900000E+3	6.00510000E+1	6.00450000E+1	3.26421850E+0	1.29573196E+2	1.44360627E+2
9.66550000E+3	7.94098152E+1	-5.14643000E+5	-4.84607000E+5	2.09000000E+2	8.62900000E+3	6.00510000E+1	6.00450000E+1	3.48072279E+0	1.28657308E+2	1.43694526E+2
9.66575000E+3	7.94021585E+1	-5.15281000E+5	-4.85247000E+5	1.66000000E+2	8.67000000E+3	6.00500000E+1	6.00450000E+1	2.76459322E+0	1.29425479E+2	1.44379684E+2
9.66600000E+3	7.93945074E+1	-5.15917000E+5	-4.85887000E+5	1.77000000E+2	8.51900000E+3	6.00510000E+1	6.00450000E+1	2.94778916E+0	1.26209389E+2	1.41862750E+2
9.66625000E+3	7.93868620E+1	-5.16553000E+5	-4.86527000E+5	1.77000000E+2	8.41300000E+3	6.00510000E+1	6.00460000E+1	2.94774007E+0	1.24893840E+2	1.40097584E+2
9.66650000E+3	7.93792222E+1	-5.17189000E+5	-4.87165000E+5	2.09000000E+2	8.49900000E+3	6.00510000E+1	6.00460000E+1	3.48066482E+0	1.25826381E+2	1.41529700E+2
9.66675000E+3	7.93715881E+1	-5.17824000E+5	-4.87804000E+5	1.61000000E+2	8.58600000E+3	6.00510000E+1	6.00450000E+1	2.68132234E+0	1.27225192E+2	1.42978468E+2
9.66700000E+3	7.93639596E+1	-5.18459000E+5	-4.88441000E+5	1.80000000E+2	8.35700000E+3	6.00510000E+1	6.00460000E+1	2.99770176E+0	1.25160280E+2	1.39165043E+2
9.66725000E+3	7.93563367E+1	-5.19093000E+5	-4.89078000E+5	1.82000000E+2	8.39900000E+3	6.00510000E+1	6.00460000E+1	3.03100956E+0	1.25226890E+2	1.39864449E+2
9.66750000E+3	7.93487194E+1	-5.19726000E+5	-4.89715000E+5	1.64000000E+2	8.34600000E+3	6.00500000E+1	6.00450000E+1	2.73128487E+0	1.24296420E+2	1.38984180E+2
9.66775000E+3	7.93411078E+1	-5.20359000E+5	-4.90351000E+5	1.83000000E+2	8.50000000E+3	6.00520000E+1	6.00460000E+1	3.04766346E+0	1.26124026E+2	1.41543995E+2
9.66800000E+3	7.93335017E+1	-5.20991000E+5	-4.90987000E+5	1.61000000E+2	8.54600000E+3	6.00510000E+1	6.00460000E+1	2.68127769E+0	1.27658157E+2	1.42312368E+2
9.66825000E+3	7.93259011E+1	-5.21623000E+5	-4.91622000E+5	1.63000000E+2	8.44100000E+3	6.00510000E+1	6.00460000E+1	2.71458548E+0	1.26459176E+2	1.40563854E+2
9.66850000E+3	7.93183062E+1	-5.22254000E+5	-4.92256000E+5	1.67000000E+2	8.49200000E+3	6.00510000E+1	6.00460000E+1	2.78120108E+0	1.26559091E+2	1.41413132E+2
9.66875000E+3	7.93107168E+1	-5.22885000E+5	-4.92890000E+5	1.65000000E+2	8.11000000E+3	6.00510000E+1	6.00460000E+1	2.74789328E+0	1.20913890E+2	1.35051873E+2
9.66900000E+3	7.93031329E+1	-5.23515000E+5	-4.93524000E+5	1.62000000E+2	8.44200000E+3	6.00510000E+1	6.00460000E+1	2.69793159E+0	1.25060365E+2	1.40580507E+2
9.66925000E+3	7.92955545E+1	-5.24145000E+5	-4.94156000E+5	1.68000000E+2	8.27100000E+3	6.00520000E+1	6.00470000E+1	2.79780838E+0	1.22477186E+2	1.37730633E+2
9.66950000E+3	7.92879817E+1	-5.24774000E+5	-4.94789000E+5	1.84000000E+2	8.23500000E+3	6.00510000E+1	6.00460000E+1	3.06431736E+0	1.22329353E+2	1.37133437E+2
9.66975000E+3	7.92804143E+1	-5.25403000E+5	-4.95421000E+5	1.65000000E+2	8.27500000E+3	6.00530000E+1	6.00480000E+1	2.74780176E+0	1.23391005E+2	1.37794948E+2
9.67000000E+3	7.92728525E+1	-5.26031000E+5	-4.96052000E+5	1.94000000E+2	8.41600000E+3	6.00510000E+1	6.00450000E+1	3.23091015E+0	1.25509983E+2	1.40147541E+2
9.67025000E+3	7.92652961E+1	-5.26659000E+5	-4.96683000E+5	1.64000000E+2	8.35000000E+3	6.00510000E+1	6.00460000E+1	2.73123938E+0	1.24227740E+2	1.39048475E+2
9.67050000E+3	7.92577452E+1	-5.27286000E+5	-4.97313000E+5	1.67000000E+2	8.33700000E+3	6.00520000E+1	6.00470000E+1	2.78115476E+0	1.24159062E+2	1.38829681E+2
9.67075000E+3	7.92501998E+1	-5.27913000E+5	-4.97943000E+5	1.70000000E+2	8.22700000E+3	6.00510000E+1	6.00460000E+1	2.83116278E+0	1.22296048E+2	1.37000216E+2
9.67100000E+3	7.92426598E+1	-5.28539000E+5	-4.98572000E+5	1.60000000E+2	8.08200000E+3	6.00500000E+1	6.00450000E+1	2.66466817E+0	1.20516236E+2	1.34587843E+2
9.67125000E+3	7.92351252E+1	-5.29164000E+5	-4.99201000E+5	1.88000000E+2	8.42900000E+3	6.00520000E+1	6.00470000E+1	3.13088081E+0	1.25607807E+2	1.40361687E+2
9.67150000E+3	7.92275961E+1	-5.29789000E+5	-4.99829000E+5	1.40000000E+2	8.16400000E+3	6.00510000E+1	6.00460000E+1	2.33154581E+0	1.21563338E+2	1.35951108E+2
9.67175000E+3	7.92200724E+1	-5.30414000E+5	-5.00457000E+5	1.64000000E+2	8.25000000E+3	6.00500000E+1	6.00450000E+1	2.73128487E+0	1.22331391E+2	1.37385512E+2
9.67200000E+3	7.92125541E+1	-5.31038000E+5	-5.01084000E+5	1.39000000E+2	8.14500000E+3	6.00520000E+1	6.00470000E+1	2.31485336E+0	1.21328182E+2	1.35632452E+2
9.67225000E+3	7.92050411E+1	-5.31661000E+5	-5.01711000E+5	1.65000000E+2	8.23700000E+3	6.00510000E+1	6.00460000E+1	2.74789328E+0	1.22229438E+2	1.37166742E+2
9.67250000E+3	7.91975336E+1	-5.32284000E+5	-5.02337000E+5	1.60000000E+2	8.13900000E+3	6.00510000E+1	6.00460000E+1	2.66462379E+0	1.20714060E+2	1.35534795E+2
9.67275000E+3	7.91900314E+1	-5.32907000E+5	-5.02962000E+5	1.53000000E+2	8.25100000E+3	6.00510000E+1	6.00460000E+1	2.54804650E+0	1.22096218E+2	1.37399877E+2
9.67300000E+3	7.91825346E+1	-5.33529000E+5	-5.03587000E+5	1.63000000E+2	7.95700000E+3	6.00510000E+1	6.00460000E+1	2.71458548E+0	1.17983048E+2	1.32504038E+2
9.67325000E+3	7.91750431E+1	-5.34150000E+5	-5.04212000E+5	1.36000000E+2	8.12200000E+3	6.00500000E+1	6.00460000E+1	2.26493022E+0	1.21315570E+2	1.35253955E+2
9.67350000E+3	7.91675570E+1	-5.34771000E+5	-5.04836000E+5	1.61000000E+2	8.24900000E+3	6.00510000E+1	6.00460000E+1	2.68127769E+0	1.22395963E+2	1.37366572E+2
9.67375000E+3	7.91600762E+1	-5.35392000E+5	-5.05460000E+5	1.63000000E+2	8.17900000E+3	6.00500000E+1	6.00450000E+1	2.71463069E+0	1.22414654E+2	1.36203164E+2
9.67400000E+3	7.91526007E+1	-5.36011000E+5	-5.06083000E+5	1.65000000E+2	7.99500000E+3	6.00490000E+1	6.00450000E+1	2.74793905E+0	1.17637263E+2	1.33141268E+2
9.67425000E+3	7.91451305E+1	-5.36631000E+5	-5.06705000E+5	1.75000000E+2	8.12400000E+3	6.00500000E+1	6.00450000E+1	2.91448081E+0	1.21165695E+2	1.35287261E+2
9.67450000E+3	7.91376656E+1	-5.37250000E+5	-5.07327000E+5	1.32000000E+2	8.09300000E+3	6.00500000E+1	6.00450000E+1	2.19835124E+0	1.19783514E+2	1.34771024E+2
9.67475000E+3	7.91302060E+1	-5.37868000E+5	-5.07949000E+5	1.75000000E+2	8.01500000E+3	6.00520000E+1	6.00470000E+1	2.91438373E+0	1.18830347E+2	1.33467661E+2
9.67500000E+3	7.91227517E+1	-5.38486000E+5	-5.08570000E+5	1.74000000E+2	8.10600000E+3	6.00510000E+1	6.00460000E+1	2.89777837E+0	1.20747365E+2	1.34985263E+2
9.67525000E+3	7.91153026E+1	-5.39103000E+5	-5.09191000E+5	1.43000000E+2	8.18700000E+3	6.00500000E+1	6.00450000E+1	2.38154717E+0	1.22381349E+2	1.36336386E+2
9.67550000E+3	7.91078588E+1	-5.39720000E+5	-5.09811000E+5	1.45000000E+2	8.04000000E+3	6.00500000E+1	6.00460000E+1	2.41481531E+0	1.18601166E+2	1.33888426E+2
9.67575000E+3	7.91004202E+1	-5.40337000E+5	-5.10430000E+5	1.27000000E+2	7.89400000E+3	6.00510000E+1	6.00470000E+1	2.11500991E+0	1.16983897E+2	1.31454930E+2
9.67600000E+3	7.90929869E+1	-5.40953000E+5	-5.11049000E+5	1.60000000E+2	8.09700000E+3	6.00510000E+1	6.00460000E+1	2.66462379E+0	1.19764867E+2	1.34835390E+2
9.67625000E+3	7.90855588E+1	-5.41568000E+5	-5.11668000E+5	1.25000000E+2	8.07700000E+3	6.00500000E+1	6.00460000E+1	2.08173733E+0	1.19983347E+2	1.34504580E+2
9.67650000E+3	7.90781359E+1	-5.42183000E+5	-5.12286000E+5	1.45000000E+2	7.85900000E+3	6.00510000E+1	6.00460000E+1	2.41481531E+0	1.17167075E+2	1.30872092E+2
9.67675000E+3	7.90707181E+1	-5.42797000E+5	-5.12903000E+5	1.47000000E+2	7.92200000E+3	6.00510000E+1	6.00460000E+1	2.44812311E+0	1.18082963E+2	1.31921200E+2
9.67700000E+3	7.90633056E+1	-5.43411000E+5	-5.13521000E+5	1.44000000E+2	7.99500000E+3	6.00510000E+1	6.00460000E+1	2.39816141E+0	1.18366056E+2	1.33136834E+2
9.67725000E+3	7.90558983E+1	-5.44025000E+5	-5.14137000E+5	1.18000000E+2	8.05300000E+3	6.00510000E+1	6.00460000E+1	1.96516004E+0	1.19881434E+2	1.34102679E+2
9.67750000E+3	7.90484961E+1	-5.44638000E+5	-5.14753000E+5	1.46000000E+2	7.96000000E+3	6.00490000E+1	6.00440000E+1	2.43155020E+0	1.17920365E+2	1.32558411E+2
9.67775000E+3	7.90410991E+1	-5.45250000E+5	-5.15369000E+5	1.23000000E+2	7.86700000E+3	6.00520000E+1	6.00470000E+1	2.04839542E+0	1.17031906E+2	1.31003131E+2
9.67800000E+3	7.90337072E+1	-5.45862000E+5	-5.15984000E+5	1.23000000E+2	7.89800000E+3	6.00500000E+1	6.00460000E+1	2.04842954E+0	1.17069109E+2	1.31523730E+2
9.67825000E+3	7.90263205E+1	-5.46473000E+5	-5.16598000E+5	1.18000000E+2	7.91300000E+3	6.00500000E+1	6.00450000E+1	1.96519277E+0	1.17801832E+2	1.31773522E+2
9.67850000E+3	7.90189389E+1	-5.47084000E+5	-5.17213000E+5	1.16000000E+2	7.84000000E+3	6.00500000E+1	6.00450000E+1	1.93188442E+0	1.15970025E+2	1.30557868E+2
9.67875000E+3	7.90115625E+1	-5.47695000E+5	-5.17826000E+5	1.24000000E+2	7.68100000E+3	6.00510000E+1	6.00460000E+1	2.06508344E+0	1.14869028E+2	1.27907945E+2
9.67900000E+3	7.90041911E+1	-5.48305000E+5	-5.18439000E+5	1.44000000E+2	7.74000000E+3	6.00500000E+1	6.00460000E+1	2.39816141E+0	1.15104080E+2	1.28892590E+2
9.67925000E+3	7.89968248E+1	-5.48914000E+5	-5.19052000E+5	1.34000000E+2	7.85400000E+3	6.00500000E+1	6.00460000E+1	2.23162242E+0	1.16586178E+2	1.30791007E+2
9.67950000E+3	7.89894637E+1	-5.49523000E+5	-5.19664000E+5	1.16000000E+2	7.66100000E+3	6.00510000E+1	6.00460000E+1	1.93185225E+0	1.13403607E+2	1.27574895E+2
9.67975000E+3	7.89821076E+1	-5.50132000E+5	-5.20276000E+5	1.26000000E+2	7.68200000E+3	6.00510000E+1	6.00460000E+1	2.09839123E+0	1.14069707E+2	1.27924597E+2
9.68000000E+3	7.89747565E+1	-5.50740000E+5	-5.20887000E+5	1.30000000E+1	7.89000000E+2	6.05100000E+0	6.05100000E+0	2.14840522E+0	1.16179144E+2	1.30391671E+2
9.68025000E+3	7.89674106E+1	-5.51347000E+5	-5.21498000E+5	1.80000000E+1	7.64000000E+2	6.04900000E+0	6.04900000E+0	2.97569846E+0	1.12911225E+2	1.26301868E+2
9.68050000E+3	7.89600697E+1	-5.51954000E+5	-5.22108000E+5	1.50000000E+1	7.72000000E+2	6.04800000E+0	6.04800000E+0	2.48015873E+0	1.15244709E+2	1.27645503E+2
9.68075000E+3	7.89527338E+1	-5.52561000E+5	-5.22718000E+5	1.40000000E+1	7.96000000E+2	6.04900000E+0	6.04900000E+0	2.31443214E+0	1.16548190E+2	1.31591999E+2
9.68100000E+3	7.89454030E+1	-5.53167000E+5	-5.23327000E+5	7.00000000E+0	7.84000000E+2	6.04900000E+0	6.04900000E+0	1.15721607E+0	1.16217557E+2	1.29608200E+2
9.68125000E+3	7.89380771E+1	-5.53773000E+5	-5.23936000E+5	1.00000000E+1	7.78000000E+2	6.05000000E+0	6.05000000E+0	1.65289256E+0	1.13884298E+2	1.28595041E+2
9.68150000E+3	7.89307563E+1	-5.54378000E+5	-5.24544000E+5	1.00000000E+1	7.85000000E+2	6.05000000E+0	6.05000000E+0	1.65289256E+0	1.14049587E+2	1.29752066E+2
9.68175000E+3	7.89234405E+1	-5.54982000E+5	-5.25152000E+5	1.40000000E+1	8.22000000E+2	6.05000000E+0	6.05000000E+0	2.31404959E+0	1.20826446E+2	1.35867769E+2
9.68200000E+3	7.89161297E+1	-5.55587000E+5	-5.25759000E+5	1.30000000E+1	7.82000000E+2	6.05000000E+0	6.05000000E+0	2.14876033E+0	1.14214876E+2	1.29256198E+2
9.68225000E+3	7.89088239E+1	-5.56190000E+5	-5.26366000E+5	1.50000000E+1	7.78000000E+2	6.05000000E+0	6.05000000E+0	2.47933884E+0	1.15041322E+2	1.28595041E+2
9.68250000E+3	7.89015230E+1	-5.56794000E+5	-5.26972000E+5	1.50000000E+1	8.05000000E+2	6.04900000E+0	6.04900000E+0	2.47974872E+0	1.14895024E+2	1.33079848E+2
9.68275000E+3	7.88942271E+1	-5.57396000E+5	-5.27578000E+5	9.00000000E+0	7.58000000E+2	6.04900000E+0	6.04900000E+0	1.48784923E+0	1.12249959E+2	1.25309969E+2
9.68300000E+3	7.88869362E+1	-5.57999000E+5	-5.28184000E+5	1.20000000E+1	7.91000000E+2	6.05000000E+0	6.05000000E+0	1.98347107E+0	1.15867769E+2	1.30743802E+2
9.68325000E+3	7.88796502E+1	-5.58600000E+5	-5.28789000E+5	2.10000000E+1	8.05000000E+2	6.05000000E+0	6.05000000E+0	3.47107438E+0	1.18347107E+2	1.33057851E+2
9.68350000E+3	7.88723691E+1	-5.59202000E+5	-5.29393000E+5	1.00000000E+1	7.60000000E+2	6.05000000E+0	6.05000000E+0	1.65289256E+0	1.14876033E+2	1.25619835E+2
9.68375000E+3	7.88650930E+1	-5.59803000E+5	-5.29997000E+5	8.00000000E+0	7.55000000E+2	6.05000000E+0	6.05000000E+0	1.32231405E+0	1.08595041E+2	1.24793388E+2
9.68400000E+3	7.88578217E+1	-5.60403000E+5	-5.30601000E+5	1.10000000E+1	7.34000000E+2	6.05000000E+0	6.05000000E+0	1.81818182E+0	1.09917355E+2	1.21322314E+2
9.68425000E+3	7.88505554E+1	-5.61003000E+5	-5.31204000E+5	1.40000000E+1	7.85000000E+2	6.05000000E+0	6.05000000E+0	2.31404959E+0	1.16198347E+2	1.29752066E+2
9.68450000E+3	7.88432940E+1	-5.61602000E+5	-5.31806000E+5	1.60000000E+1	7.66000000E+2	6.05100000E+0	6.05100000E+0	2.64419104E+0	1.11551810E+2	1.26590646E+2
9.68475000E+3	7.88360375E+1	-5.62201000E+5	-5.32408000E+5	1.10000000E+1	7.68000000E+2	6.05000000E+0	6.05000000E+0	1.81818182E+0	1.14380165E+2	1.26942149E+2
9.68500000E+3	7.88287858E+1	-5.62800000E+5	-5.33010000E+5	1.00000000E+1	7.31000000E+2	6.05000000E+0	6.05000000E+0	1.65289256E+0	1.08595041E+2	1.20826446E+2
9.68525000E+3	7.88215391E+1	-5.63398000E+5	-5.33611000E+5	1.50000000E+1	7.87000000E+2	6.05000000E+0	6.05000000E+0	2.47933884E+0	1.12396694E+2	1.30082645E+2
9.68550000E+3	7.88142971E+1	-5.63995000E+5	-5.34212000E+5	1.60000000E+1	7.18000000E+2	6.05000000E+0	6.05000000E+0	2.64462810E+0	1.05619835E+2	1.18677686E+2
9.68575000E+3	7.88070601E+1	-5.64593000E+5	-5.34812000E+5	7.00000000E+0	7.81000000E+2	6.05000000E+0	6.05000000E+0	1.15702479E+0	1.13719008E+2	1.29090909E+2
9.68600000E+3	7.87998278E+1	-5.65189000E+5	-5.35412000E+5	2.00000000E+1	7.71000000E+2	6.05100000E+0	6.05100000E+0	3.30523880E+0	1.11717072E+2	1.27416956E+2
9.68625000E+3	7.87926004E+1	-5.65785000E+5	-5.36011000E+5	1.40000000E+1	7.48000000E+2	6.04900000E+0	6.04900000E+0	2.31443214E+0	1.11754009E+2	1.23656803E+2
9.68650000E+3	7.87853779E+1	-5.66381000E+5	-5.36610000E+5	1.30000000E+1	7.07000000E+2	6.05000000E+0	6.05000000E+0	2.14876033E+0	1.03966942E+2	1.16859504E+2
9.68675000E+3	7.87781601E+1	-5.66976000E+5	-5.37209000E+5	1.50000000E+1	7.29000000E+2	6.04900000E+0	6.04900000E+0	2.47974872E+0	1.09274260E+2	1.20515788E+2
9.68700000E+3	7.87709472E+1	-5.67571000E+5	-5.37807000E+5	9.00000000E+0	7.15000000E+2	6.05000000E+0	6.05000000E+0	1.48760331E+0	1.05123967E+2	1.18181818E+2
9.68725000E+3	7.87637390E+1	-5.68166000E+5	-5.38404000E+5	1.40000000E+1	7.75000000E+2	6.04900000E+0	6.04900000E+0	2.31443214E+0	1.13903124E+2	1.28120350E+2
9.68750000E+3	7.87565357E+1	-5.68759000E+5	-5.39001000E+5	1.30000000E+1	7.66000000E+2	6.05000000E+0	6.05000000E+0	2.14876033E+0	1.11735537E+2	1.26611570E+2
9.68775000E+3	7.87493371E+1	-5.69353000E+5	-5.39598000E+5	1.20000000E+1	7.51000000E+2	6.05000000E+0	6.05000000E+0	1.98347107E+0	1.10247934E+2	1.24132231E+2
9.68800000E+3	7.87421433E+1	-5.69946000E+5	-5.40194000E+5	1.00000000E+1	7.74000000E+2	6.05000000E+0	6.05000000E+0	1.65289256E+0	1.10082645E+2	1.27933884E+2
9.68825000E+3	7.87349542E+1	-5.70538000E+5	-5.40790000E+5	2.60000000E+1	7.84000000E+2	6.04900000E+0	6.04900000E+0	4.29823111E+0	1.16052240E+2	1.29608200E+2
9.68850000E+3	7.87277699E+1	-5.71130000E+5	-5.41385000E+5	1.50000000E+1	7.24000000E+2	6.05000000E+0	6.05000000E+0	2.47933884E+0	1.04958678E+2	1.19669421E+2
9.68875000E+3	7.87205904E+1	-5.71722000E+5	-5.41980000E+5	1.10000000E+1	7.40000000E+2	6.04900000E+0	6.04900000E+0	1.81848239E+0	1.09439577E+2	1.22334270E+2
9.68900000E+3	7.87134155E+1	-5.72313000E+5	-5.42574000E+5	1.50000000E+1	7.32000000E+2	6.05100000E+0	6.05100000E+0	2.47892910E+0	1.07916047E+2	1.20971740E+2
9.68925000E+3	7.87062455E+1	-5.72904000E+5	-5.43168000E+5	1.50000000E+1	7.61000000E+2	6.05000000E+0	6.05000000E+0	2.47933884E+0	1.13553719E+2	1.25785124E+2
9.68950000E+3	7.86990801E+1	-5.73494000E+5	-5.43761000E+5	9.00000000E+0	7.44000000E+2	6.05000000E+0	6.05000000E+0	1.48760331E+0	1.07603306E+2	1.22975207E+2
9.68975000E+3	7.86919194E+1	-5.74084000E+5	-5.44354000E+5	1.00000000E+1	7.55000000E+2	6.04900000E+0	6.04900000E+0	1.65316581E+0	1.12911225E+2	1.24814019E+2
9.69000000E+3	7.86847634E+1	-5.74673000E+5	-5.44947000E+5	9.00000000E+0	6.80000000E+2	6.05100000E+0	6.05100000E+0	1.48735746E+0	1.00644522E+2	1.12378119E+2
9.69025000E+3	7.86776122E+1	-5.75262000E+5	-5.45539000E+5	1.50000000E+1	7.23000000E+2	6.05000000E+0	6.05000000E+0	2.47933884E+0	1.07438017E+2	1.19504132E+2
9.69050000E+3	7.86704656E+1	-5.75851000E+5	-5.46130000E+5	9.00000000E+0	7.38000000E+2	6.05000000E+0	6.05000000E+0	1.48760331E+0	1.06942149E+2	1.21983471E+2
9.69075000E+3	7.86633237E+1	-5.76439000E+5	-5.46721000E+5	1.40000000E+1	7.64000000E+2	6.05000000E+0	6.05000000E+0	2.31404959E+0	1.10413223E+2	1.26280992E+2
9.69100000E+3	7.86561864E+1	-5.77026000E+5	-5.47312000E+5	1.30000000E+1	7.71000000E+2	6.05000000E+0	6.05000000E+0	2.14876033E+0	1.12396694E+2	1.27438017E+2
9.69125000E+3	7.86490538E+1	-5.77613000E+5	-5.47902000E+5	1.50000000E+1	7.07000000E+2	6.04900000E+0	6.04900000E+0	2.47974872E+0	1.03488180E+2	1.16878823E+2
9.69150000E+3	7.86419259E+1	-5.78200000E+5	-5.48492000E+5	1.50000000E+1	7.55000000E+2	6.04900000E+0	6.04900000E+0	2.47974872E+0	1.13407175E+2	1.24814019E+2
9.69175000E+3	7.86348026E+1	-5.78786000E+5	-5.49082000E+5	1.00000000E+1	6.95000000E+2	6.05000000E+0	6.05000000E+0	1.65289256E+0	1.03636364E+2	1.14876033E+2
9.69200000E+3	7.86276839E+1	-5.79372000E+5	-5.49670000E+5	1.90000000E+1	7.56000000E+2	6.04900000E+0	6.04900000E+0	3.14101504E+0	1.13076542E+2	1.24979335E+2
9.69225000E+3	7.86205698E+1	-5.79957000E+5	-5.50259000E+5	1.70000000E+1	7.18000000E+2	6.05000000E+0	6.05000000E+0	2.80991736E+0	1.01983471E+2	1.18677686E+2
9.69250000E+3	7.86134604E+1	-5.80542000E+5	-5.50847000E+5	1.70000000E+1	7.65000000E+2	6.05000000E+0	6.05000000E+0	2.80991736E+0	1.12066116E+2	1.26446281E+2
9.69275000E+3	7.86063556E+1	-5.81127000E+5	-5.51435000E+5	1.60000000E+1	7.11000000E+2	6.04900000E+0	6.04900000E+0	2.64506530E+0	1.04149446E+2	1.17540089E+2
9.69300000E+3	7.85992553E+1	-5.81711000E+5	-5.52022000E+5	1.30000000E+1	6.63000000E+2	6.05000000E+0	6.05000000E+0	2.14876033E+0	9.40495868E+1	1.09586777E+2
9.69325000E+3	7.85921597E+1	-5.82294000E+5	-5.52608000E+5	1.30000000E+1	7.11000000E+2	6.05000000E+0	6.05000000E+0	2.14876033E+0	1.03801653E+2	1.17520661E+2
9.69350000E+3	7.85850686E+1	-5.82877000E+5	-5.53195000E+5	1.20000000E+1	7.34000000E+2	6.04800000E+0	6.04800000E+0	1.98412698E+0	1.09126984E+2	1.21362434E+2
9.69375000E+3	7.85779821E+1	-5.83460000E+5	-5.53780000E+5	1.20000000E+1	6.59000000E+2	6.05000000E+0	6.05000000E+0	1.98347107E+0	9.75206612E+1	1.08925620E+2
9.69400000E+3	7.85709002E+1	-5.84042000E+5	-5.54366000E+5	1.50000000E+1	7.53000000E+2	6.04900000E+0	6.04900000E+0	2.47974872E+0	1.10266160E+2	1.24483386E+2
9.69425000E+3	7.85638228E+1	-5.84624000E+5	-5.54951000E+5	2.10000000E+1	7.23000000E+2	6.05000000E+0	6.05000000E+0	3.47107438E+0	1.05785124E+2	1.19504132E+2
9.69450000E+3	7.85567500E+1	-5.85205000E+5	-5.55535000E+5	1.30000000E+1	7.27000000E+2	6.05000000E+0	6.05000000E+0	2.14876033E+0	1.04628099E+2	1.20165289E+2
9.69475000E+3	7.85496817E+1	-5.85786000E+5	-5.56119000E+5	1.30000000E+1	7.61000000E+2	6.05000000E+0	6.05000000E+0	2.14876033E+0	1.08595041E+2	1.25785124E+2
9.69500000E+3	7.85426180E+1	-5.86367000E+5	-5.56703000E+5	7.00000000E+0	7.63000000E+2	6.04900000E+0	6.04900000E+0	1.15721607E+0	1.11588692E+2	1.26136551E+2
9.69525000E+3	7.85355588E+1	-5.86947000E+5	-5.57286000E+5	1.30000000E+1	7.17000000E+2	6.05000000E+0	6.05000000E+0	2.14876033E+0	1.05289256E+2	1.18512397E+2
9.69550000E+3	7.85285041E+1	-5.87526000E+5	-5.57869000E+5	1.40000000E+1	7.00000000E+2	6.04900000E+0	6.04900000E+0	2.31443214E+0	1.02165647E+2	1.15721607E+2
9.69575000E+3	7.85214539E+1	-5.88106000E+5	-5.58451000E+5	1.00000000E+1	7.57000000E+2	6.05000000E+0	6.05000000E+0	1.65289256E+0	1.12561983E+2	1.25123967E+2
9.69600000E+3	7.85144082E+1	-5.88684000E+5	-5.59033000E+5	1.40000000E+1	7.22000000E+2	6.05100000E+0	6.05100000E+0	2.31366716E+0	1.05437118E+2	1.19319121E+2
9.69625000E+3	7.85073669E+1	-5.89263000E+5	-5.59615000E+5	1.30000000E+1	7.27000000E+2	6.05000000E+0	6.05000000E+0	2.14876033E+0	1.06611570E+2	1.20165289E+2
9.69650000E+3	7.85003302E+1	-5.89841000E+5	-5.60196000E+5	1.60000000E+1	7.16000000E+2	6.04900000E+0	6.04900000E+0	2.64506530E+0	1.05306662E+2	1.18366672E+2
9.69675000E+3	7.84932980E+1	-5.90418000E+5	-5.60776000E+5	1.00000000E+1	6.96000000E+2	6.04900000E+0	6.04900000E+0	1.65316581E+0	9.96858985E+1	1.15060341E+2
9.69700000E+3	7.84862702E+1	-5.90995000E+5	-5.61357000E+5	1.70000000E+1	6.92000000E+2	6.04900000E+0	6.05000000E+0	2.80991736E+0	1.00512481E+2	1.14399074E+2
9.69725000E+3	7.84792469E+1	-5.91572000E+5	-5.61936000E+5	1.40000000E+1	7.38000000E+2	6.04900000E+0	6.04900000E+0	2.31443214E+0	1.08778310E+2	1.22003637E+2
9.69750000E+3	7.84722280E+1	-5.92148000E+5	-5.62516000E+5	1.40000000E+1	7.18000000E+2	6.05000000E+0	6.05000000E+0	2.31404959E+0	1.03966942E+2	1.18677686E+2
9.69775000E+3	7.84652136E+1	-5.92724000E+5	-5.63095000E+5	6.00000000E+0	7.18000000E+2	6.04900000E+0	6.04900000E+0	9.91899488E-1	1.03322863E+2	1.18697305E+2
9.69800000E+3	7.84582036E+1	-5.93299000E+5	-5.63673000E+5	1.70000000E+1	6.96000000E+2	6.05100000E+0	6.05100000E+0	2.80945298E+0	9.98182119E+1	1.15022310E+2
9.69825000E+3	7.84511980E+1	-5.93874000E+5	-5.64251000E+5	2.20000000E+1	7.04000000E+2	6.04900000E+0	6.04900000E+0	3.63696479E+0	1.01008431E+2	1.16382873E+2
9.69850000E+3	7.84441969E+1	-5.94448000E+5	-5.64829000E+5	1.30000000E+1	7.26000000E+2	6.05100000E+0	6.05100000E+0	2.14840522E+0	1.05932904E+2	1.19980169E+2
9.69875000E+3	7.84372001E+1	-5.95023000E+5	-5.65406000E+5	7.00000000E+0	6.47000000E+2	6.05000000E+0	6.05000000E+0	1.15702479E+0	9.30578512E+1	1.06942149E+2
9.69900000E+3	7.84302078E+1	-5.95596000E+5	-5.65983000E+5	1.40000000E+1	7.67000000E+2	6.05100000E+0	6.05100000E+0	2.31366716E+0	1.11551810E+2	1.26755908E+2
9.69925000E+3	7.84232199E+1	-5.96169000E+5	-5.66559000E+5	1.90000000E+1	7.39000000E+2	6.05000000E+0	6.05000000E+0	3.14049587E+0	1.04793388E+2	1.22148760E+2
9.69950000E+3	7.84162363E+1	-5.96742000E+5	-5.67135000E+5	1.30000000E+1	6.55000000E+2	6.05000000E+0	6.05000000E+0	2.14876033E+0	9.53719008E+1	1.08264463E+2
9.69975000E+3	7.84092572E+1	-5.97315000E+5	-5.67711000E+5	1.30000000E+1	6.74000000E+2	6.05000000E+0	6.05000000E+0	2.14876033E+0	9.95041322E+1	1.11404959E+2
9.70000000E+3	7.84022824E+1	-5.97886000E+5	-5.68286000E+5	1.00000000E+1	7.30000000E+2	6.04900000E+0	6.04900000E+0	1.65316581E+0	1.08612994E+2	1.20681104E+2
