0.1m ZnCl2 in capillary, redone for longer time
k beta - VTC XES
Pd X-ray tube.  At 35 kV and 2.8 mA.  Ge 555 optic. 
***************************
Energy_(eV)	theta_(deg)	source_(ustep)	detect_(ustep)	ROI_counts	total_counts	real_time	live_time	cnts_per_live	ICR_(cnts/sec)	OCR_(cnts/sec)
9.55000000E+3	8.39082055E+1	-1.30004000E+5	-9.84830000E+4	3.90000000E+1	5.30700000E+3	6.04900000E+0	6.04600000E+0	6.45054582E+0	8.20631509E+2	8.77335097E+2
9.55025000E+3	8.38949558E+1	-1.31163000E+5	-9.96450000E+4	3.80000000E+1	5.30000000E+3	6.05000000E+0	6.04600000E+0	6.28514720E+0	8.26776860E+2	8.76033058E+2
9.55050000E+3	8.38817338E+1	-1.32318000E+5	-1.00804000E+5	4.40000000E+1	5.40500000E+3	6.04800000E+0	6.04500000E+0	7.27874276E+0	8.40608466E+2	8.93683862E+2
9.55075000E+3	8.38685393E+1	-1.33472000E+5	-1.01961000E+5	4.50000000E+1	5.33000000E+3	6.05100000E+0	6.04800000E+0	7.44047619E+0	8.33581226E+2	8.80846141E+2
9.55100000E+3	8.38553722E+1	-1.34623000E+5	-1.03115000E+5	4.10000000E+1	5.25300000E+3	6.05000000E+0	6.04700000E+0	6.78022160E+0	8.14710744E+2	8.68264463E+2
9.55125000E+3	8.38422322E+1	-1.35771000E+5	-1.04266000E+5	3.40000000E+1	5.33200000E+3	6.05000000E+0	6.04700000E+0	5.62262279E+0	8.31074380E+2	8.81322314E+2
9.55150000E+3	8.38291192E+1	-1.36917000E+5	-1.05415000E+5	3.00000000E+1	5.30900000E+3	6.05000000E+0	6.04600000E+0	4.96195832E+0	8.23305785E+2	8.77520661E+2
9.55175000E+3	8.38160331E+1	-1.38060000E+5	-1.06562000E+5	3.40000000E+1	5.41100000E+3	6.05100000E+0	6.04800000E+0	5.62169312E+0	8.41018014E+2	8.94232358E+2
9.55200000E+3	8.38029737E+1	-1.39201000E+5	-1.07706000E+5	3.80000000E+1	5.55300000E+3	6.04900000E+0	6.04600000E+0	6.28514720E+0	8.63448504E+2	9.18002976E+2
9.55225000E+3	8.37899407E+1	-1.40340000E+5	-1.08848000E+5	3.70000000E+1	5.55600000E+3	6.04900000E+0	6.04500000E+0	6.12076096E+0	8.65101670E+2	9.18498925E+2
9.55250000E+3	8.37769342E+1	-1.41476000E+5	-1.09987000E+5	3.90000000E+1	5.54600000E+3	6.04900000E+0	6.04500000E+0	6.45161290E+0	8.63613820E+2	9.16845760E+2
9.55275000E+3	8.37639539E+1	-1.42609000E+5	-1.11124000E+5	5.70000000E+1	5.62100000E+3	6.05000000E+0	6.04600000E+0	9.42772081E+0	8.72561983E+2	9.29090909E+2
9.55300000E+3	8.37509996E+1	-1.43741000E+5	-1.12259000E+5	2.60000000E+1	5.54800000E+3	6.04900000E+0	6.04500000E+0	4.30107527E+0	8.53860142E+2	9.17176393E+2
9.55325000E+3	8.37380712E+1	-1.44869000E+5	-1.13391000E+5	4.70000000E+1	5.74500000E+3	6.05000000E+0	6.04600000E+0	7.77373470E+0	8.90909091E+2	9.49586777E+2
9.55350000E+3	8.37251686E+1	-1.45996000E+5	-1.14521000E+5	4.30000000E+1	5.61700000E+3	6.04900000E+0	6.04600000E+0	7.11214026E+0	8.66754836E+2	9.28583237E+2
9.55375000E+3	8.37122916E+1	-1.47120000E+5	-1.15648000E+5	2.80000000E+1	5.63500000E+3	6.04900000E+0	6.04600000E+0	4.63116110E+0	8.76012564E+2	9.31558935E+2
9.55400000E+3	8.36994401E+1	-1.48242000E+5	-1.16773000E+5	4.90000000E+1	5.73000000E+3	6.05000000E+0	6.04600000E+0	8.10453192E+0	8.87933884E+2	9.47107438E+2
9.55425000E+3	8.36866138E+1	-1.49361000E+5	-1.17896000E+5	3.50000000E+1	5.81000000E+3	6.05000000E+0	6.04600000E+0	5.78895137E+0	9.01322314E+2	9.60330579E+2
9.55450000E+3	8.36738128E+1	-1.50479000E+5	-1.19016000E+5	3.90000000E+1	5.65900000E+3	6.05000000E+0	6.04600000E+0	6.45054582E+0	8.79834711E+2	9.35371901E+2
9.55475000E+3	8.36610367E+1	-1.51594000E+5	-1.20134000E+5	3.90000000E+1	5.72100000E+3	6.05000000E+0	6.04700000E+0	6.44947908E+0	8.89586777E+2	9.45619835E+2
9.55500000E+3	8.36482855E+1	-1.52706000E+5	-1.21250000E+5	3.30000000E+1	5.73200000E+3	6.04900000E+0	6.04500000E+0	5.45905707E+0	8.96015870E+2	9.47594644E+2
9.55525000E+3	8.36355591E+1	-1.53816000E+5	-1.22364000E+5	4.60000000E+1	5.72900000E+3	6.04900000E+0	6.04600000E+0	7.60833609E+0	8.91552323E+2	9.47098694E+2
9.55550000E+3	8.36228572E+1	-1.54924000E+5	-1.23475000E+5	3.70000000E+1	5.74100000E+3	6.05000000E+0	6.04600000E+0	6.11974859E+0	8.91900826E+2	9.48925620E+2
9.55575000E+3	8.36101798E+1	-1.56030000E+5	-1.24584000E+5	5.20000000E+1	5.71200000E+3	6.04900000E+0	6.04500000E+0	8.60215054E+0	8.86923458E+2	9.44288312E+2
9.55600000E+3	8.35975267E+1	-1.57134000E+5	-1.25691000E+5	4.60000000E+1	5.77400000E+3	6.05000000E+0	6.04600000E+0	7.60833609E+0	9.01652893E+2	9.54380165E+2
9.55625000E+3	8.35848978E+1	-1.58235000E+5	-1.26795000E+5	4.90000000E+1	5.79100000E+3	6.05100000E+0	6.04700000E+0	8.10319167E+0	8.95719716E+2	9.57031896E+2
9.55650000E+3	8.35722930E+1	-1.59334000E+5	-1.27898000E+5	3.80000000E+1	5.78000000E+3	6.05100000E+0	6.04700000E+0	6.28410782E+0	8.90761858E+2	9.55214014E+2
9.55675000E+3	8.35597120E+1	-1.60431000E+5	-1.28998000E+5	4.90000000E+1	5.78000000E+3	6.04800000E+0	6.04400000E+0	8.10721377E+0	9.00628307E+2	9.55687831E+2
9.55700000E+3	8.35471549E+1	-1.61526000E+5	-1.30096000E+5	3.10000000E+1	5.71600000E+3	6.05100000E+0	6.04700000E+0	5.12650901E+0	8.94562882E+2	9.44637250E+2
9.55725000E+3	8.35346214E+1	-1.62618000E+5	-1.31192000E+5	5.50000000E+1	5.57900000E+3	6.05000000E+0	6.04700000E+0	9.09541922E+0	8.64132231E+2	9.22148760E+2
9.55750000E+3	8.35221114E+1	-1.63709000E+5	-1.32285000E+5	4.60000000E+1	5.76900000E+3	6.05000000E+0	6.04600000E+0	7.60833609E+0	8.93553719E+2	9.53553719E+2
9.55775000E+3	8.35096248E+1	-1.64797000E+5	-1.33377000E+5	4.30000000E+1	5.76400000E+3	6.05000000E+0	6.04600000E+0	7.11214026E+0	8.99008264E+2	9.52727273E+2
9.55800000E+3	8.34971614E+1	-1.65883000E+5	-1.34466000E+5	4.20000000E+1	5.75000000E+3	6.05100000E+0	6.04700000E+0	6.94559286E+0	8.91422905E+2	9.50256156E+2
9.55825000E+3	8.34847212E+1	-1.66967000E+5	-1.35553000E+5	3.80000000E+1	5.76700000E+3	6.05000000E+0	6.04600000E+0	6.28514720E+0	8.98016529E+2	9.53223140E+2
9.55850000E+3	8.34723040E+1	-1.68049000E+5	-1.36638000E+5	4.30000000E+1	5.78300000E+3	6.05100000E+0	6.04700000E+0	7.11096411E+0	9.01008098E+2	9.55709800E+2
9.55875000E+3	8.34599097E+1	-1.69129000E+5	-1.37721000E+5	4.90000000E+1	5.77600000E+3	6.04900000E+0	6.04500000E+0	8.10587262E+0	8.97669036E+2	9.54868573E+2
9.55900000E+3	8.34475382E+1	-1.70206000E+5	-1.38802000E+5	3.80000000E+1	5.79800000E+3	6.05000000E+0	6.04700000E+0	6.28410782E+0	9.01652893E+2	9.58347107E+2
9.55925000E+3	8.34351893E+1	-1.71282000E+5	-1.39881000E+5	4.40000000E+1	5.63600000E+3	6.04900000E+0	6.04600000E+0	7.27753887E+0	8.72044966E+2	9.31724252E+2
9.55950000E+3	8.34228629E+1	-1.72355000E+5	-1.40958000E+5	5.70000000E+1	5.72000000E+3	6.04900000E+0	6.04500000E+0	9.42928040E+0	8.87584725E+2	9.45610845E+2
9.55975000E+3	8.34105589E+1	-1.73427000E+5	-1.42032000E+5	4.10000000E+1	5.81600000E+3	6.05000000E+0	6.04600000E+0	6.78134304E+0	8.99173554E+2	9.61322314E+2
9.56000000E+3	8.33982772E+1	-1.74496000E+5	-1.43105000E+5	4.80000000E+1	5.66100000E+3	6.04900000E+0	6.04500000E+0	7.94044665E+0	8.82955860E+2	9.35857166E+2
9.56025000E+3	8.33860176E+1	-1.75563000E+5	-1.44176000E+5	5.00000000E+1	5.71200000E+3	6.04900000E+0	6.04600000E+0	8.26993053E+0	8.92874855E+2	9.44288312E+2
9.56050000E+3	8.33737801E+1	-1.76629000E+5	-1.45244000E+5	4.80000000E+1	5.79800000E+3	6.04900000E+0	6.04500000E+0	7.94044665E+0	8.96346504E+2	9.58505538E+2
9.56075000E+3	8.33615646E+1	-1.77692000E+5	-1.46311000E+5	5.10000000E+1	5.80700000E+3	6.04900000E+0	6.04600000E+0	8.43532914E+0	8.97007770E+2	9.59993387E+2
9.56100000E+3	8.33493708E+1	-1.78753000E+5	-1.47375000E+5	4.80000000E+1	5.59500000E+3	6.05000000E+0	6.04700000E+0	7.93782041E+0	8.65950413E+2	9.24793388E+2
9.56125000E+3	8.33371988E+1	-1.79812000E+5	-1.48438000E+5	5.70000000E+1	5.64900000E+3	6.05000000E+0	6.04600000E+0	9.42772081E+0	8.77355372E+2	9.33719008E+2
9.56150000E+3	8.33250483E+1	-1.80870000E+5	-1.49498000E+5	4.10000000E+1	5.62700000E+3	6.04900000E+0	6.04600000E+0	6.78134304E+0	8.77004464E+2	9.30236403E+2
9.56175000E+3	8.33129193E+1	-1.81925000E+5	-1.50557000E+5	4.40000000E+1	5.61800000E+3	6.04900000E+0	6.04600000E+0	7.27753887E+0	8.74690031E+2	9.28748553E+2
9.56200000E+3	8.33008117E+1	-1.82978000E+5	-1.51613000E+5	4.70000000E+1	5.71000000E+3	6.04900000E+0	6.04500000E+0	7.77502068E+0	8.84939659E+2	9.43957679E+2
9.56225000E+3	8.32887254E+1	-1.84030000E+5	-1.52668000E+5	4.50000000E+1	5.62000000E+3	6.05000000E+0	6.04600000E+0	7.44293748E+0	8.73057851E+2	9.28925620E+2
9.56250000E+3	8.32766602E+1	-1.85079000E+5	-1.53720000E+5	3.60000000E+1	5.68900000E+3	6.05000000E+0	6.04600000E+0	5.95434998E+0	8.78512397E+2	9.40330579E+2
9.56275000E+3	8.32646160E+1	-1.86126000E+5	-1.54771000E+5	5.80000000E+1	5.59300000E+3	6.05000000E+0	6.04600000E+0	9.59311942E+0	8.66942149E+2	9.24462810E+2
9.56300000E+3	8.32525928E+1	-1.87172000E+5	-1.55820000E+5	5.30000000E+1	5.61100000E+3	6.04900000E+0	6.04500000E+0	8.76757651E+0	8.72871549E+2	9.27591337E+2
9.56325000E+3	8.32405903E+1	-1.88215000E+5	-1.56867000E+5	5.20000000E+1	5.57600000E+3	6.05000000E+0	6.04700000E+0	8.59930544E+0	8.60495868E+2	9.21652893E+2
9.56350000E+3	8.32286087E+1	-1.89257000E+5	-1.57912000E+5	5.00000000E+1	5.34900000E+3	6.05000000E+0	6.04700000E+0	8.26856292E+0	8.28925620E+2	8.84132231E+2
9.56375000E+3	8.32166476E+1	-1.90297000E+5	-1.58955000E+5	4.60000000E+1	5.45100000E+3	6.05000000E+0	6.04700000E+0	7.60707789E+0	8.50909091E+2	9.00991736E+2
9.56400000E+3	8.32047071E+1	-1.91335000E+5	-1.59996000E+5	6.20000000E+1	5.63900000E+3	6.05000000E+0	6.04600000E+0	1.02547139E+1	8.76198347E+2	9.32066116E+2
9.56425000E+3	8.31927869E+1	-1.92371000E+5	-1.61035000E+5	7.40000000E+1	5.48600000E+3	6.04900000E+0	6.04600000E+0	1.22394972E+1	8.49727228E+2	9.06926765E+2
9.56450000E+3	8.31808871E+1	-1.93405000E+5	-1.62072000E+5	6.50000000E+1	5.50300000E+3	6.05100000E+0	6.04800000E+0	1.07473545E+1	8.52421087E+2	9.09436457E+2
9.56475000E+3	8.31690075E+1	-1.94437000E+5	-1.63108000E+5	6.20000000E+1	5.34400000E+3	6.04900000E+0	6.04600000E+0	1.02547139E+1	8.28401389E+2	8.83451810E+2
9.56500000E+3	8.31571480E+1	-1.95468000E+5	-1.64141000E+5	5.40000000E+1	5.31600000E+3	6.04900000E+0	6.04600000E+0	8.93152498E+0	8.27905439E+2	8.78822946E+2
9.56525000E+3	8.31453085E+1	-1.96496000E+5	-1.65173000E+5	5.50000000E+1	5.39000000E+3	6.04900000E+0	6.04600000E+0	9.09692359E+0	8.39808233E+2	8.91056373E+2
9.56550000E+3	8.31334889E+1	-1.97523000E+5	-1.66203000E+5	5.80000000E+1	5.39200000E+3	6.05000000E+0	6.04700000E+0	9.59153299E+0	8.34545455E+2	8.91239669E+2
9.56575000E+3	8.31216891E+1	-1.98548000E+5	-1.67231000E+5	5.80000000E+1	5.28400000E+3	6.04900000E+0	6.04600000E+0	9.59311942E+0	8.24764424E+2	8.73532815E+2
9.56600000E+3	8.31099091E+1	-1.99571000E+5	-1.68258000E+5	6.40000000E+1	5.49200000E+3	6.04900000E+0	6.04600000E+0	1.05855111E+1	8.52868243E+2	9.07918664E+2
9.56625000E+3	8.30981486E+1	-2.00592000E+5	-1.69282000E+5	6.60000000E+1	5.39500000E+3	6.04900000E+0	6.04600000E+0	1.09163083E+1	8.39642916E+2	8.91882956E+2
9.56650000E+3	8.30864077E+1	-2.01611000E+5	-1.70305000E+5	7.70000000E+1	5.10900000E+3	6.04900000E+0	6.04600000E+0	1.27356930E+1	7.95172756E+2	8.44602414E+2
9.56675000E+3	8.30746863E+1	-2.02629000E+5	-1.71326000E+5	7.50000000E+1	5.29400000E+3	6.04900000E+0	6.04600000E+0	1.24048958E+1	8.21788725E+2	8.75185981E+2
9.56700000E+3	8.30629841E+1	-2.03645000E+5	-1.72345000E+5	7.70000000E+1	5.29000000E+3	6.04900000E+0	6.04600000E+0	1.27356930E+1	8.17821127E+2	8.74524715E+2
9.56725000E+3	8.30513012E+1	-2.04659000E+5	-1.73362000E+5	8.70000000E+1	5.22200000E+3	6.05000000E+0	6.04600000E+0	1.43896791E+1	8.11239669E+2	8.63140496E+2
9.56750000E+3	8.30396375E+1	-2.05671000E+5	-1.74378000E+5	7.90000000E+1	5.15100000E+3	6.05000000E+0	6.04700000E+0	1.30643294E+1	8.00991736E+2	8.51404959E+2
9.56775000E+3	8.30279928E+1	-2.06682000E+5	-1.75391000E+5	8.70000000E+1	5.27900000E+3	6.05000000E+0	6.04600000E+0	1.43896791E+1	8.23305785E+2	8.72561983E+2
9.56800000E+3	8.30163671E+1	-2.07691000E+5	-1.76403000E+5	9.30000000E+1	5.16400000E+3	6.04900000E+0	6.04600000E+0	1.53820708E+1	8.00793520E+2	8.53694826E+2
9.56825000E+3	8.30047603E+1	-2.08698000E+5	-1.77414000E+5	9.50000000E+1	5.24000000E+3	6.05000000E+0	6.04700000E+0	1.57102696E+1	8.11404959E+2	8.66115702E+2
9.56850000E+3	8.29931723E+1	-2.09703000E+5	-1.78422000E+5	1.16000000E+2	5.25600000E+3	6.04900000E+0	6.04600000E+0	1.91862388E+1	8.17325178E+2	8.68903951E+2
9.56875000E+3	8.29816029E+1	-2.10707000E+5	-1.79429000E+5	1.11000000E+2	5.16700000E+3	6.04900000E+0	6.04600000E+0	1.83592458E+1	7.99636304E+2	8.54190775E+2
9.56900000E+3	8.29700522E+1	-2.11709000E+5	-1.80434000E+5	1.13000000E+2	5.25300000E+3	6.05000000E+0	6.04600000E+0	1.86900430E+1	8.12727273E+2	8.68264463E+2
9.56925000E+3	8.29585201E+1	-2.12709000E+5	-1.81438000E+5	1.15000000E+2	5.21500000E+3	6.05000000E+0	6.04600000E+0	1.90208402E+1	8.09421488E+2	8.61983471E+2
9.56950000E+3	8.29470063E+1	-2.13707000E+5	-1.82439000E+5	1.27000000E+2	5.22100000E+3	6.05000000E+0	6.04700000E+0	2.10021498E+1	8.07933884E+2	8.62975207E+2
9.56975000E+3	8.29355109E+1	-2.14704000E+5	-1.83439000E+5	1.16000000E+2	5.10100000E+3	6.05100000E+0	6.04800000E+0	1.91798942E+1	7.91108908E+2	8.43001157E+2
9.57000000E+3	8.29240338E+1	-2.15699000E+5	-1.84438000E+5	1.18000000E+2	5.06200000E+3	6.05100000E+0	6.04800000E+0	1.95105820E+1	7.82845811E+2	8.36555941E+2
9.57025000E+3	8.29125749E+1	-2.16692000E+5	-1.85434000E+5	1.21000000E+2	5.04600000E+3	6.05000000E+0	6.04700000E+0	2.00099223E+1	7.81818182E+2	8.34049587E+2
9.57050000E+3	8.29011341E+1	-2.17684000E+5	-1.86429000E+5	1.36000000E+2	5.12200000E+3	6.05000000E+0	6.04700000E+0	2.24904912E+1	7.92892562E+2	8.46611570E+2
9.57075000E+3	8.28897112E+1	-2.18674000E+5	-1.87422000E+5	1.39000000E+2	5.23400000E+3	6.04800000E+0	6.04500000E+0	2.29942101E+1	8.12169312E+2	8.65410053E+2
9.57100000E+3	8.28783064E+1	-2.19662000E+5	-1.88414000E+5	1.47000000E+2	5.09000000E+3	6.05000000E+0	6.04700000E+0	2.43095750E+1	7.87603306E+2	8.41322314E+2
9.57125000E+3	8.28669194E+1	-2.20649000E+5	-1.89404000E+5	1.58000000E+2	5.07600000E+3	6.04900000E+0	6.04600000E+0	2.61329805E+1	7.84757811E+2	8.39146966E+2
9.57150000E+3	8.28555501E+1	-2.21634000E+5	-1.90392000E+5	1.49000000E+2	4.99200000E+3	6.04900000E+0	6.04600000E+0	2.46443930E+1	7.76657299E+2	8.25260374E+2
9.57175000E+3	8.28441986E+1	-2.22618000E+5	-1.91379000E+5	1.59000000E+2	4.98800000E+3	6.04900000E+0	6.04600000E+0	2.62983791E+1	7.76491982E+2	8.24599107E+2
9.57200000E+3	8.28328646E+1	-2.23599000E+5	-1.92364000E+5	1.70000000E+2	5.02700000E+3	6.05000000E+0	6.04700000E+0	2.81131139E+1	7.79504132E+2	8.30909091E+2
9.57225000E+3	8.28215482E+1	-2.24580000E+5	-1.93347000E+5	1.71000000E+2	5.03600000E+3	6.05000000E+0	6.04700000E+0	2.82784852E+1	7.78181818E+2	8.32396694E+2
9.57250000E+3	8.28102493E+1	-2.25558000E+5	-1.94329000E+5	1.95000000E+2	4.96100000E+3	6.05000000E+0	6.04700000E+0	3.22473954E+1	7.68925620E+2	8.20000000E+2
9.57275000E+3	8.27989677E+1	-2.26535000E+5	-1.95309000E+5	1.59000000E+2	5.02400000E+3	6.05100000E+0	6.04800000E+0	2.62896825E+1	7.83837382E+2	8.30275987E+2
9.57300000E+3	8.27877034E+1	-2.27511000E+5	-1.96288000E+5	1.83000000E+2	4.91900000E+3	6.04900000E+0	6.04700000E+0	3.02629403E+1	7.59464374E+2	8.13192263E+2
9.57325000E+3	8.27764564E+1	-2.28484000E+5	-1.97265000E+5	2.08000000E+2	4.98900000E+3	6.05000000E+0	6.04700000E+0	3.43972218E+1	7.72231405E+2	8.24628099E+2
9.57350000E+3	8.27652265E+1	-2.29456000E+5	-1.98240000E+5	2.31000000E+2	4.91700000E+3	6.04900000E+0	6.04600000E+0	3.82070791E+1	7.61448173E+2	8.12861630E+2
9.57375000E+3	8.27540136E+1	-2.30427000E+5	-1.99214000E+5	2.50000000E+2	5.03400000E+3	6.05000000E+0	6.04700000E+0	4.13428146E+1	7.85289256E+2	8.32066116E+2
9.57400000E+3	8.27428178E+1	-2.31396000E+5	-2.00187000E+5	2.97000000E+2	4.99500000E+3	6.05000000E+0	6.04700000E+0	4.91152638E+1	7.75206612E+2	8.25619835E+2
9.57425000E+3	8.27316388E+1	-2.32364000E+5	-2.01157000E+5	2.96000000E+2	4.95500000E+3	6.05000000E+0	6.04700000E+0	4.89498925E+1	7.73223140E+2	8.19008264E+2
9.57450000E+3	8.27204768E+1	-2.33329000E+5	-2.02126000E+5	3.21000000E+2	5.20500000E+3	6.05000000E+0	6.04700000E+0	5.30841740E+1	8.13719008E+2	8.60330579E+2
9.57475000E+3	8.27093314E+1	-2.34294000E+5	-2.03094000E+5	3.59000000E+2	5.01400000E+3	6.05000000E+0	6.04700000E+0	5.93682818E+1	7.77024793E+2	8.28760331E+2
9.57500000E+3	8.26982028E+1	-2.35257000E+5	-2.04060000E+5	3.78000000E+2	5.05800000E+3	6.04900000E+0	6.04600000E+0	6.25206748E+1	7.84592495E+2	8.36171268E+2
9.57525000E+3	8.26870908E+1	-2.36218000E+5	-2.05024000E+5	4.56000000E+2	5.12800000E+3	6.04900000E+0	6.04500000E+0	7.54342432E+1	7.98644404E+2	8.47743429E+2
9.57550000E+3	8.26759954E+1	-2.37178000E+5	-2.05987000E+5	4.71000000E+2	5.21500000E+3	6.05200000E+0	6.04900000E+0	7.78641098E+1	8.14111038E+2	8.61698612E+2
9.57575000E+3	8.26649164E+1	-2.38136000E+5	-2.06949000E+5	4.80000000E+2	5.07900000E+3	6.05000000E+0	6.04700000E+0	7.93782041E+1	7.86942149E+2	8.39504132E+2
9.57600000E+3	8.26538539E+1	-2.39092000E+5	-2.07909000E+5	5.50000000E+2	5.13000000E+3	6.04900000E+0	6.04600000E+0	9.09692359E+1	8.00958836E+2	8.48074062E+2
9.57625000E+3	8.26428077E+1	-2.40048000E+5	-2.08867000E+5	5.92000000E+2	5.23300000E+3	6.05000000E+0	6.04700000E+0	9.78997850E+1	8.14710744E+2	8.64958678E+2
9.57650000E+3	8.26317777E+1	-2.41001000E+5	-2.09824000E+5	5.71000000E+2	5.20600000E+3	6.05000000E+0	6.04600000E+0	9.44426067E+1	8.11735537E+2	8.60495868E+2
9.57675000E+3	8.26207640E+1	-2.41953000E+5	-2.10779000E+5	6.88000000E+2	5.34400000E+3	6.05000000E+0	6.04700000E+0	1.13775426E+2	8.32892562E+2	8.83305785E+2
9.57700000E+3	8.26097663E+1	-2.42904000E+5	-2.11733000E+5	6.36000000E+2	5.24900000E+3	6.04900000E+0	6.04600000E+0	1.05193516E+2	8.18978344E+2	8.67746735E+2
9.57725000E+3	8.25987848E+1	-2.43853000E+5	-2.12686000E+5	6.91000000E+2	5.40200000E+3	6.05100000E+0	6.04800000E+0	1.14252646E+2	8.48620063E+2	8.92745001E+2
9.57750000E+3	8.25878192E+1	-2.44801000E+5	-2.13637000E+5	7.26000000E+2	5.37800000E+3	6.05000000E+0	6.04700000E+0	1.20059534E+2	8.38677686E+2	8.88925620E+2
9.57775000E+3	8.25768696E+1	-2.45747000E+5	-2.14586000E+5	7.77000000E+2	5.35000000E+3	6.04900000E+0	6.04600000E+0	1.28514720E+2	8.37659117E+2	8.84443710E+2
9.57800000E+3	8.25659358E+1	-2.46692000E+5	-2.15534000E+5	7.93000000E+2	5.43000000E+3	6.05100000E+0	6.04800000E+0	1.31117725E+2	8.45314824E+2	8.97372335E+2
9.57825000E+3	8.25550178E+1	-2.47635000E+5	-2.16481000E+5	7.98000000E+2	5.37900000E+3	6.05100000E+0	6.04700000E+0	1.31966264E+2	8.41844323E+2	8.88943976E+2
9.57850000E+3	8.25441156E+1	-2.48577000E+5	-2.17426000E+5	8.17000000E+2	5.32700000E+3	6.04900000E+0	6.04600000E+0	1.35130665E+2	8.34022152E+2	8.80641428E+2
9.57875000E+3	8.25332290E+1	-2.49517000E+5	-2.18369000E+5	9.17000000E+2	5.42800000E+3	6.04900000E+0	6.04600000E+0	1.51670526E+2	8.49231278E+2	8.97338403E+2
9.57900000E+3	8.25223580E+1	-2.50456000E+5	-2.19311000E+5	8.91000000E+2	5.29800000E+3	6.04900000E+0	6.04600000E+0	1.47370162E+2	8.28401389E+2	8.75847247E+2
9.57925000E+3	8.25115025E+1	-2.51394000E+5	-2.20252000E+5	9.57000000E+2	5.39700000E+3	6.05000000E+0	6.04700000E+0	1.58260294E+2	8.43801653E+2	8.92066116E+2
9.57950000E+3	8.25006625E+1	-2.52330000E+5	-2.21191000E+5	9.93000000E+2	5.49000000E+3	6.05000000E+0	6.04600000E+0	1.64240820E+2	8.59834711E+2	9.07438017E+2
9.57975000E+3	8.24898379E+1	-2.53264000E+5	-2.22129000E+5	9.56000000E+2	5.41600000E+3	6.05000000E+0	6.04700000E+0	1.58094923E+2	8.46280992E+2	8.95206612E+2
9.58000000E+3	8.24790286E+1	-2.54197000E+5	-2.23066000E+5	8.89000000E+2	5.21700000E+3	6.05000000E+0	6.04600000E+0	1.47039365E+2	8.17024793E+2	8.62314050E+2
9.58025000E+3	8.24682346E+1	-2.55129000E+5	-2.24001000E+5	8.57000000E+2	5.37600000E+3	6.05000000E+0	6.04600000E+0	1.41746609E+2	8.35702479E+2	8.88595041E+2
9.58050000E+3	8.24574558E+1	-2.56059000E+5	-2.24934000E+5	7.91000000E+2	5.49400000E+3	6.04900000E+0	6.04600000E+0	1.30830301E+2	8.63613820E+2	9.08249297E+2
9.58075000E+3	8.24466922E+1	-2.56988000E+5	-2.25866000E+5	8.15000000E+2	5.57300000E+3	6.05000000E+0	6.04700000E+0	1.34777576E+2	8.68264463E+2	9.21157025E+2
9.58100000E+3	8.24359437E+1	-2.57916000E+5	-2.26797000E+5	7.20000000E+2	5.77500000E+3	6.05000000E+0	6.04700000E+0	1.19067306E+2	9.02975207E+2	9.54545455E+2
9.58125000E+3	8.24252101E+1	-2.58842000E+5	-2.27726000E+5	6.68000000E+2	6.03500000E+3	6.05000000E+0	6.04600000E+0	1.10486272E+2	9.40495868E+2	9.97520661E+2
9.58150000E+3	8.24144916E+1	-2.59767000E+5	-2.28654000E+5	5.83000000E+2	6.15600000E+3	6.04900000E+0	6.04600000E+0	9.64273900E+1	9.59993387E+2	1.01768887E+3
9.58175000E+3	8.24037880E+1	-2.60690000E+5	-2.29581000E+5	5.84000000E+2	6.70300000E+3	6.04900000E+0	6.04500000E+0	9.66087676E+1	1.05075219E+3	1.10811704E+3
9.58200000E+3	8.23930992E+1	-2.61612000E+5	-2.30506000E+5	5.15000000E+2	6.85500000E+3	6.04900000E+0	6.04500000E+0	8.51943755E+1	1.06563068E+3	1.13324516E+3
9.58225000E+3	8.23824251E+1	-2.62533000E+5	-2.31430000E+5	4.34000000E+2	6.86400000E+3	6.04900000E+0	6.04500000E+0	7.17948718E+1	1.06711853E+3	1.13473301E+3
9.58250000E+3	8.23717659E+1	-2.63452000E+5	-2.32353000E+5	5.03000000E+2	6.21900000E+3	6.04900000E+0	6.04500000E+0	8.32092639E+1	9.62473136E+2	1.02810382E+3
9.58275000E+3	8.23611212E+1	-2.64370000E+5	-2.33274000E+5	4.18000000E+2	4.58800000E+3	6.04900000E+0	6.04700000E+0	6.91251860E+1	7.11191933E+2	7.58472475E+2
9.58300000E+3	8.23504912E+1	-2.65287000E+5	-2.34193000E+5	3.09000000E+2	2.58000000E+3	6.05000000E+0	6.04800000E+0	5.10912698E+1	3.92727273E+2	4.26446281E+2
9.58325000E+3	8.23398758E+1	-2.66202000E+5	-2.35112000E+5	3.47000000E+2	1.65500000E+3	6.04900000E+0	6.04900000E+0	5.73648537E+1	2.54256902E+2	2.73598942E+2
9.58350000E+3	8.23292748E+1	-2.67116000E+5	-2.36029000E+5	3.15000000E+2	1.27200000E+3	6.04900000E+0	6.04900000E+0	5.20747231E+1	1.94246983E+2	2.10282691E+2
9.58375000E+3	8.23186883E+1	-2.68028000E+5	-2.36945000E+5	3.09000000E+2	1.22600000E+3	6.05000000E+0	6.04900000E+0	5.10828236E+1	1.84132231E+2	2.02644628E+2
9.58400000E+3	8.23081161E+1	-2.68939000E+5	-2.37859000E+5	2.78000000E+2	1.19400000E+3	6.05000000E+0	6.05000000E+0	4.59504132E+1	1.82314050E+2	1.97355372E+2
9.58425000E+3	8.22975583E+1	-2.69849000E+5	-2.38772000E+5	2.61000000E+2	1.16700000E+3	6.05100000E+0	6.05100000E+0	4.31333664E+1	1.78648157E+2	1.92860684E+2
9.58450000E+3	8.22870147E+1	-2.70757000E+5	-2.39684000E+5	2.33000000E+2	1.16100000E+3	6.04900000E+0	6.04900000E+0	3.85187634E+1	1.78045958E+2	1.91932551E+2
9.58475000E+3	8.22764854E+1	-2.71665000E+5	-2.40594000E+5	2.10000000E+2	1.12700000E+3	6.05000000E+0	6.04900000E+0	3.47164821E+1	1.71239669E+2	1.86280992E+2
9.58500000E+3	8.22659702E+1	-2.72571000E+5	-2.41503000E+5	2.46000000E+2	1.18800000E+3	6.04900000E+0	6.04900000E+0	4.06678790E+1	1.81517606E+2	1.96396099E+2
9.58525000E+3	8.22554691E+1	-2.73475000E+5	-2.42411000E+5	1.87000000E+2	1.13000000E+3	6.04900000E+0	6.04900000E+0	3.09142007E+1	1.73582410E+2	1.86807737E+2
9.58550000E+3	8.22449820E+1	-2.74378000E+5	-2.43318000E+5	1.99000000E+2	1.17000000E+3	6.04900000E+0	6.04900000E+0	3.28979997E+1	1.75896842E+2	1.93420400E+2
9.58575000E+3	8.22345090E+1	-2.75280000E+5	-2.44223000E+5	1.86000000E+2	1.11900000E+3	6.04900000E+0	6.04900000E+0	3.07488841E+1	1.70276079E+2	1.84989254E+2
9.58600000E+3	8.22240498E+1	-2.76181000E+5	-2.45127000E+5	1.60000000E+2	1.11400000E+3	6.05100000E+0	6.05000000E+0	2.64462810E+1	1.68236655E+2	1.84101801E+2
9.58625000E+3	8.22136046E+1	-2.77080000E+5	-2.46029000E+5	1.76000000E+2	1.13200000E+3	6.05100000E+0	6.05100000E+0	2.90861015E+1	1.70385060E+2	1.87076516E+2
9.58650000E+3	8.22031732E+1	-2.77978000E+5	-2.46930000E+5	1.59000000E+2	1.12500000E+3	6.05000000E+0	6.05000000E+0	2.62809917E+1	1.66776860E+2	1.85950413E+2
9.58675000E+3	8.21927555E+1	-2.78875000E+5	-2.47830000E+5	1.34000000E+2	1.11500000E+3	6.05000000E+0	6.04900000E+0	2.21524219E+1	1.71900826E+2	1.84297521E+2
9.58700000E+3	8.21823516E+1	-2.79771000E+5	-2.48729000E+5	1.38000000E+2	1.19900000E+3	6.04900000E+0	6.04900000E+0	2.28136882E+1	1.82344189E+2	1.98214581E+2
9.58725000E+3	8.21719614E+1	-2.80665000E+5	-2.49627000E+5	1.37000000E+2	1.20400000E+3	6.05000000E+0	6.05000000E+0	2.26446281E+1	1.86115702E+2	1.99008264E+2
9.58750000E+3	8.21615847E+1	-2.81558000E+5	-2.50523000E+5	1.13000000E+2	1.20200000E+3	6.04900000E+0	6.04800000E+0	1.86838624E+1	1.83832038E+2	1.98710531E+2
9.58775000E+3	8.21512217E+1	-2.82450000E+5	-2.51418000E+5	1.07000000E+2	1.26100000E+3	6.05000000E+0	6.05000000E+0	1.76859504E+1	1.89752066E+2	2.08429752E+2
9.58800000E+3	8.21408721E+1	-2.83340000E+5	-2.52312000E+5	1.00000000E+2	1.34800000E+3	6.05100000E+0	6.05000000E+0	1.65289256E+1	2.07238473E+2	2.22773095E+2
9.58825000E+3	8.21305361E+1	-2.84229000E+5	-2.53204000E+5	1.11000000E+2	1.38900000E+3	6.05000000E+0	6.05000000E+0	1.83471074E+1	2.11074380E+2	2.29586777E+2
9.58850000E+3	8.21202134E+1	-2.85117000E+5	-2.54095000E+5	1.13000000E+2	1.44400000E+3	6.04900000E+0	6.04900000E+0	1.86807737E+1	2.21854852E+2	2.38717143E+2
9.58875000E+3	8.21099041E+1	-2.86004000E+5	-2.54985000E+5	8.50000000E+1	1.53200000E+3	6.05100000E+0	6.05000000E+0	1.40495868E+1	2.33515121E+2	2.53181292E+2
9.58900000E+3	8.20996081E+1	-2.86889000E+5	-2.55874000E+5	8.90000000E+1	1.52100000E+3	6.05000000E+0	6.04900000E+0	1.47131757E+1	2.29917355E+2	2.51404959E+2
9.58925000E+3	8.20893254E+1	-2.87774000E+5	-2.56761000E+5	8.40000000E+1	1.55900000E+3	6.04900000E+0	6.04900000E+0	1.38865928E+1	2.37394611E+2	2.57728550E+2
9.58950000E+3	8.20790559E+1	-2.88657000E+5	-2.57647000E+5	1.13000000E+2	1.70800000E+3	6.05000000E+0	6.04900000E+0	1.86807737E+1	2.59669421E+2	2.82314050E+2
9.58975000E+3	8.20687996E+1	-2.89538000E+5	-2.58532000E+5	1.00000000E+2	1.76400000E+3	6.05000000E+0	6.04900000E+0	1.65316581E+1	2.70578512E+2	2.91570248E+2
9.59000000E+3	8.20585563E+1	-2.90419000E+5	-2.59416000E+5	7.30000000E+1	1.81300000E+3	6.04900000E+0	6.04900000E+0	1.20681104E+1	2.74756158E+2	2.99718962E+2
9.59025000E+3	8.20483262E+1	-2.91298000E+5	-2.60299000E+5	6.50000000E+1	1.79100000E+3	6.05000000E+0	6.05000000E+0	1.07438017E+1	2.72561983E+2	2.96033058E+2
9.59050000E+3	8.20381091E+1	-2.92176000E+5	-2.61180000E+5	6.10000000E+1	1.71900000E+3	6.05000000E+0	6.04900000E+0	1.00843115E+1	2.66280992E+2	2.84132231E+2
9.59075000E+3	8.20279049E+1	-2.93053000E+5	-2.62060000E+5	6.00000000E+1	1.71900000E+3	6.04900000E+0	6.04800000E+0	9.92063492E+0	2.59877666E+2	2.84179203E+2
9.59100000E+3	8.20177137E+1	-2.93929000E+5	-2.62939000E+5	6.50000000E+1	1.67800000E+3	6.05000000E+0	6.04900000E+0	1.07455778E+1	2.58181818E+2	2.77355372E+2
9.59125000E+3	8.20075353E+1	-2.94803000E+5	-2.63817000E+5	5.20000000E+1	1.75900000E+3	6.05000000E+0	6.04900000E+0	8.59646223E+0	2.70578512E+2	2.90743802E+2
9.59150000E+3	8.19973698E+1	-2.95677000E+5	-2.64693000E+5	5.80000000E+1	1.76000000E+3	6.04900000E+0	6.04800000E+0	9.58994709E+0	2.66325012E+2	2.90957183E+2
9.59175000E+3	8.19872170E+1	-2.96549000E+5	-2.65569000E+5	5.30000000E+1	1.68800000E+3	6.04900000E+0	6.04800000E+0	8.76322751E+0	2.53265002E+2	2.79054389E+2
9.59200000E+3	8.19770770E+1	-2.97420000E+5	-2.66443000E+5	4.30000000E+1	1.63700000E+3	6.04900000E+0	6.04800000E+0	7.10978836E+0	2.48636138E+2	2.70623244E+2
9.59225000E+3	8.19669497E+1	-2.98290000E+5	-2.67316000E+5	5.40000000E+1	1.70500000E+3	6.05000000E+0	6.04900000E+0	8.92709539E+0	2.59834711E+2	2.81818182E+2
9.59250000E+3	8.19568350E+1	-2.99158000E+5	-2.68188000E+5	6.00000000E+1	1.67600000E+3	6.05100000E+0	6.05000000E+0	9.91735537E+0	2.54668650E+2	2.76979012E+2
9.59275000E+3	8.19467329E+1	-3.00026000E+5	-2.69058000E+5	3.70000000E+1	1.62700000E+3	6.05000000E+0	6.05000000E+0	6.11570248E+0	2.48595041E+2	2.68925620E+2
9.59300000E+3	8.19366434E+1	-3.00892000E+5	-2.69928000E+5	4.10000000E+1	1.62500000E+3	6.05000000E+0	6.04900000E+0	6.77797983E+0	2.48760331E+2	2.68595041E+2
9.59325000E+3	8.19265664E+1	-3.01757000E+5	-2.70796000E+5	4.90000000E+1	1.60500000E+3	6.05100000E+0	6.05000000E+0	8.09917355E+0	2.44587671E+2	2.65245414E+2
9.59350000E+3	8.19165019E+1	-3.02621000E+5	-2.71663000E+5	4.20000000E+1	1.68900000E+3	6.05000000E+0	6.05000000E+0	6.94214876E+0	2.55867769E+2	2.79173554E+2
9.59375000E+3	8.19064497E+1	-3.03483000E+5	-2.72529000E+5	3.70000000E+1	1.64200000E+3	6.05000000E+0	6.04900000E+0	6.11671351E+0	2.49586777E+2	2.71404959E+2
9.59400000E+3	8.18964100E+1	-3.04345000E+5	-2.73394000E+5	4.10000000E+1	1.62800000E+3	6.04900000E+0	6.04800000E+0	6.77910053E+0	2.48140188E+2	2.69135394E+2
9.59425000E+3	8.18863826E+1	-3.05205000E+5	-2.74258000E+5	3.90000000E+1	1.68100000E+3	6.05100000E+0	6.05000000E+0	6.44628099E+0	2.55990745E+2	2.77805321E+2
9.59450000E+3	8.18763674E+1	-3.06065000E+5	-2.75120000E+5	2.80000000E+1	1.68200000E+3	6.05000000E+0	6.04900000E+0	4.62886428E+0	2.52892562E+2	2.78016529E+2
9.59475000E+3	8.18663645E+1	-3.06923000E+5	-2.75982000E+5	2.90000000E+1	1.65500000E+3	6.04900000E+0	6.04900000E+0	4.79418086E+0	2.50950570E+2	2.73598942E+2
9.59500000E+3	8.18563739E+1	-3.07780000E+5	-2.76842000E+5	3.40000000E+1	1.61400000E+3	6.04900000E+0	6.04900000E+0	5.62076376E+0	2.41362209E+2	2.66820962E+2
9.59525000E+3	8.18463953E+1	-3.08636000E+5	-2.77701000E+5	3.90000000E+1	1.61100000E+3	6.04900000E+0	6.04900000E+0	6.44734667E+0	2.42684741E+2	2.66325012E+2
9.59550000E+3	8.18364289E+1	-3.09491000E+5	-2.78559000E+5	3.20000000E+1	1.65900000E+3	6.05000000E+0	6.04900000E+0	5.29013060E+0	2.53884298E+2	2.74214876E+2
9.59575000E+3	8.18264746E+1	-3.10344000E+5	-2.79416000E+5	2.60000000E+1	1.56600000E+3	6.05100000E+0	6.05000000E+0	4.29752066E+0	2.37646670E+2	2.58800198E+2
9.59600000E+3	8.18165322E+1	-3.11197000E+5	-2.80271000E+5	4.10000000E+1	1.62000000E+3	6.05100000E+0	6.05100000E+0	6.77573955E+0	2.47066601E+2	2.67724343E+2
9.59625000E+3	8.18066019E+1	-3.12048000E+5	-2.81126000E+5	2.70000000E+1	1.48700000E+3	6.04900000E+0	6.04900000E+0	4.46354769E+0	2.27310299E+2	2.45825756E+2
9.59650000E+3	8.17966835E+1	-3.12898000E+5	-2.81980000E+5	3.10000000E+1	1.64500000E+3	6.04900000E+0	6.04800000E+0	5.12566138E+0	2.51115887E+2	2.71945776E+2
9.59675000E+3	8.17867771E+1	-3.13748000E+5	-2.82832000E+5	2.80000000E+1	1.60000000E+3	6.05000000E+0	6.04900000E+0	4.62886428E+0	2.44297521E+2	2.64462810E+2
9.59700000E+3	8.17768824E+1	-3.14596000E+5	-2.83683000E+5	2.50000000E+1	1.53400000E+3	6.05100000E+0	6.05000000E+0	4.13223140E+0	2.33184598E+2	2.53511816E+2
9.59725000E+3	8.17669997E+1	-3.15443000E+5	-2.84533000E+5	3.40000000E+1	1.51300000E+3	6.05100000E+0	6.05000000E+0	5.61983471E+0	2.29548835E+2	2.50041315E+2
9.59750000E+3	8.17571287E+1	-3.16288000E+5	-2.85382000E+5	3.00000000E+1	1.53400000E+3	6.04900000E+0	6.04900000E+0	4.95949744E+0	2.33922962E+2	2.53595636E+2
9.59775000E+3	8.17472694E+1	-3.17133000E+5	-2.86230000E+5	2.90000000E+1	1.55600000E+3	6.05000000E+0	6.04900000E+0	4.79418086E+0	2.34049587E+2	2.57190083E+2
9.59800000E+3	8.17374218E+1	-3.17977000E+5	-2.87077000E+5	3.40000000E+1	1.54300000E+3	6.05000000E+0	6.04900000E+0	5.62076376E+0	2.32892562E+2	2.55041322E+2
9.59825000E+3	8.17275859E+1	-3.18819000E+5	-2.87923000E+5	3.20000000E+1	1.49500000E+3	6.05100000E+0	6.05100000E+0	5.28838209E+0	2.30540407E+2	2.47066601E+2
9.59850000E+3	8.17177616E+1	-3.19661000E+5	-2.88768000E+5	1.90000000E+1	1.53000000E+3	6.04800000E+0	6.04800000E+0	3.14153439E+0	2.30820106E+2	2.52976190E+2
9.59875000E+3	8.17079489E+1	-3.20501000E+5	-2.89611000E+5	2.00000000E+1	1.48600000E+3	6.04900000E+0	6.04900000E+0	3.30633163E+0	2.25161184E+2	2.45660440E+2
9.59900000E+3	8.16981478E+1	-3.21341000E+5	-2.90454000E+5	2.90000000E+1	1.54700000E+3	6.04900000E+0	6.04800000E+0	4.79497354E+0	2.33427013E+2	2.55744751E+2
9.59925000E+3	8.16883581E+1	-3.22179000E+5	-2.91295000E+5	2.70000000E+1	1.64500000E+3	6.05000000E+0	6.04900000E+0	4.46354769E+0	2.47272727E+2	2.71900826E+2
9.59950000E+3	8.16785799E+1	-3.23016000E+5	-2.92136000E+5	2.70000000E+1	1.45600000E+3	6.05000000E+0	6.04900000E+0	4.46354769E+0	2.22479339E+2	2.40661157E+2
9.59975000E+3	8.16688132E+1	-3.23852000E+5	-2.92975000E+5	2.90000000E+1	1.51400000E+3	6.05100000E+0	6.05000000E+0	4.79338843E+0	2.31201454E+2	2.50206577E+2
9.60000000E+3	8.16590578E+1	-3.24687000E+5	-2.93813000E+5	2.20000000E+1	1.46100000E+3	6.04900000E+0	6.04900000E+0	3.63696479E+0	2.22185485E+2	2.41527525E+2
9.60025000E+3	8.16493138E+1	-3.25521000E+5	-2.94651000E+5	2.80000000E+1	1.54600000E+3	6.04900000E+0	6.04900000E+0	4.62886428E+0	2.35245495E+2	2.55579435E+2
9.60050000E+3	8.16395810E+1	-3.26354000E+5	-2.95487000E+5	2.10000000E+1	1.50000000E+3	6.05000000E+0	6.04900000E+0	3.47164821E+0	2.30909091E+2	2.47933884E+2
9.60075000E+3	8.16298596E+1	-3.27186000E+5	-2.96322000E+5	2.00000000E+1	1.45400000E+3	6.04900000E+0	6.04800000E+0	3.30687831E+0	2.18383204E+2	2.40370309E+2
9.60100000E+3	8.16201494E+1	-3.28017000E+5	-2.97156000E+5	2.40000000E+1	1.45800000E+3	6.04900000E+0	6.04900000E+0	3.96759795E+0	2.18713837E+2	2.41031575E+2
9.60125000E+3	8.16104504E+1	-3.28847000E+5	-2.97989000E+5	2.10000000E+1	1.54900000E+3	6.04900000E+0	6.04900000E+0	3.47164821E+0	2.36072078E+2	2.56075384E+2
9.60150000E+3	8.16007625E+1	-3.29675000E+5	-2.98821000E+5	2.80000000E+1	1.49500000E+3	6.04900000E+0	6.04800000E+0	4.62962963E+0	2.29294098E+2	2.47148289E+2
9.60175000E+3	8.15910858E+1	-3.30503000E+5	-2.99652000E+5	2.50000000E+1	1.53000000E+3	6.05100000E+0	6.05100000E+0	4.13154850E+0	2.29053049E+2	2.52850768E+2
9.60200000E+3	8.15814201E+1	-3.31330000E+5	-3.00482000E+5	1.90000000E+1	1.42400000E+3	6.05000000E+0	6.04900000E+0	3.14101504E+0	2.11900826E+2	2.35371901E+2
9.60225000E+3	8.15717655E+1	-3.32155000E+5	-3.01311000E+5	3.30000000E+1	1.47800000E+3	6.04900000E+0	6.04900000E+0	5.45544718E+0	2.24830551E+2	2.44337907E+2
9.60250000E+3	8.15621220E+1	-3.32980000E+5	-3.02138000E+5	1.60000000E+1	1.38800000E+3	6.05000000E+0	6.05000000E+0	2.64462810E+0	2.10909091E+2	2.29421488E+2
9.60275000E+3	8.15524894E+1	-3.33803000E+5	-3.02965000E+5	2.00000000E+1	1.42700000E+3	6.04900000E+0	6.04800000E+0	3.30687831E+0	2.17225988E+2	2.35906761E+2
9.60300000E+3	8.15428677E+1	-3.34626000E+5	-3.03791000E+5	2.80000000E+1	1.44700000E+3	6.05000000E+0	6.04900000E+0	4.62886428E+0	2.19173554E+2	2.39173554E+2
9.60325000E+3	8.15332569E+1	-3.35447000E+5	-3.04616000E+5	1.80000000E+1	1.39600000E+3	6.04900000E+0	6.04900000E+0	2.97569846E+0	2.08133576E+2	2.30781947E+2
9.60350000E+3	8.15236570E+1	-3.36268000E+5	-3.05439000E+5	2.30000000E+1	1.46500000E+3	6.04900000E+0	6.04900000E+0	3.80228137E+0	2.24995867E+2	2.42188792E+2
9.60375000E+3	8.15140680E+1	-3.37087000E+5	-3.06262000E+5	1.50000000E+1	1.39300000E+3	6.04900000E+0	6.04900000E+0	2.47974872E+0	2.10778641E+2	2.30285998E+2
9.60400000E+3	8.15044897E+1	-3.37906000E+5	-3.07084000E+5	3.10000000E+1	1.40900000E+3	6.05000000E+0	6.05000000E+0	5.12396694E+0	2.12396694E+2	2.32892562E+2
9.60425000E+3	8.14949222E+1	-3.38723000E+5	-3.07904000E+5	2.10000000E+1	1.40700000E+3	6.05000000E+0	6.04900000E+0	3.47164821E+0	2.13884298E+2	2.32561983E+2
9.60450000E+3	8.14853655E+1	-3.39540000E+5	-3.08724000E+5	2.00000000E+1	1.41100000E+3	6.04900000E+0	6.04900000E+0	3.30633163E+0	2.13423706E+2	2.33261696E+2
9.60475000E+3	8.14758194E+1	-3.40355000E+5	-3.09543000E+5	2.20000000E+1	1.45100000E+3	6.04900000E+0	6.04800000E+0	3.63756614E+0	2.20036370E+2	2.39874359E+2
9.60500000E+3	8.14662840E+1	-3.41170000E+5	-3.10361000E+5	1.50000000E+1	1.37500000E+3	6.04900000E+0	6.04900000E+0	2.47974872E+0	2.07637626E+2	2.27310299E+2
9.60525000E+3	8.14567592E+1	-3.41983000E+5	-3.11177000E+5	1.30000000E+1	1.38600000E+3	6.05000000E+0	6.04900000E+0	2.14911556E+0	2.10247934E+2	2.29090909E+2
9.60550000E+3	8.14472451E+1	-3.42796000E+5	-3.11993000E+5	2.30000000E+1	1.39000000E+3	6.05100000E+0	6.05000000E+0	3.80165289E+0	2.08560569E+2	2.29714097E+2
9.60575000E+3	8.14377414E+1	-3.43607000E+5	-3.12808000E+5	2.80000000E+1	1.45900000E+3	6.05100000E+0	6.05100000E+0	4.62733432E+0	2.21120476E+2	2.41117171E+2
9.60600000E+3	8.14282483E+1	-3.44418000E+5	-3.13621000E+5	2.50000000E+1	1.36700000E+3	6.05000000E+0	6.04900000E+0	4.13291453E+0	2.07272727E+2	2.25950413E+2
9.60625000E+3	8.14187657E+1	-3.45227000E+5	-3.14434000E+5	2.40000000E+1	1.36300000E+3	6.05000000E+0	6.04900000E+0	3.96759795E+0	2.04297521E+2	2.25289256E+2
9.60650000E+3	8.14092935E+1	-3.46036000E+5	-3.15246000E+5	1.40000000E+1	1.37300000E+3	6.05000000E+0	6.05000000E+0	2.31404959E+0	2.06611570E+2	2.26942149E+2
9.60675000E+3	8.13998318E+1	-3.46844000E+5	-3.16057000E+5	1.50000000E+1	1.36700000E+3	6.04900000E+0	6.04900000E+0	2.47974872E+0	2.05157877E+2	2.25987767E+2
9.60700000E+3	8.13903805E+1	-3.47650000E+5	-3.16867000E+5	2.20000000E+1	1.36300000E+3	6.04900000E+0	6.04900000E+0	3.63696479E+0	2.05323194E+2	2.25326500E+2
9.60725000E+3	8.13809395E+1	-3.48456000E+5	-3.17675000E+5	2.50000000E+1	1.36600000E+3	6.05000000E+0	6.04900000E+0	4.13291453E+0	2.07438017E+2	2.25785124E+2
9.60750000E+3	8.13715088E+1	-3.49260000E+5	-3.18483000E+5	1.90000000E+1	1.34200000E+3	6.05100000E+0	6.05000000E+0	3.14049587E+0	2.04759544E+2	2.21781524E+2
9.60775000E+3	8.13620885E+1	-3.50064000E+5	-3.19290000E+5	2.00000000E+1	1.36800000E+3	6.04900000E+0	6.04900000E+0	3.30633163E+0	2.07306993E+2	2.26153083E+2
9.60800000E+3	8.13526784E+1	-3.50867000E+5	-3.20096000E+5	1.60000000E+1	1.38400000E+3	6.04900000E+0	6.04800000E+0	2.64550265E+0	2.08298892E+2	2.28798148E+2
9.60825000E+3	8.13432785E+1	-3.51669000E+5	-3.20901000E+5	2.00000000E+1	1.35200000E+3	6.04900000E+0	6.04900000E+0	3.30633163E+0	2.05819144E+2	2.23508018E+2
9.60850000E+3	8.13338888E+1	-3.52469000E+5	-3.21705000E+5	1.50000000E+1	1.33000000E+3	6.04900000E+0	6.04900000E+0	2.47974872E+0	2.02016862E+2	2.19871053E+2
9.60875000E+3	8.13245093E+1	-3.53269000E+5	-3.22508000E+5	2.10000000E+1	1.31900000E+3	6.04900000E+0	6.04900000E+0	3.47164821E+0	1.96561415E+2	2.18052571E+2
9.60900000E+3	8.13151399E+1	-3.54068000E+5	-3.23310000E+5	1.80000000E+1	1.36900000E+3	6.05000000E+0	6.04900000E+0	2.97569846E+0	2.04628099E+2	2.26280992E+2
9.60925000E+3	8.13057806E+1	-3.54866000E+5	-3.24112000E+5	2.60000000E+1	1.35900000E+3	6.05000000E+0	6.04900000E+0	4.29823111E+0	2.06446281E+2	2.24628099E+2
9.60950000E+3	8.12964314E+1	-3.55663000E+5	-3.24912000E+5	2.10000000E+1	1.30200000E+3	6.04900000E+0	6.04900000E+0	3.47164821E+0	1.98545214E+2	2.15242189E+2
9.60975000E+3	8.12870922E+1	-3.56459000E+5	-3.25711000E+5	2.50000000E+1	1.37300000E+3	6.05000000E+0	6.05000000E+0	4.13223140E+0	2.08429752E+2	2.26942149E+2
9.61000000E+3	8.12777631E+1	-3.57255000E+5	-3.26510000E+5	1.70000000E+1	1.34600000E+3	6.05000000E+0	6.04900000E+0	2.81038188E+0	2.04462810E+2	2.22479339E+2
9.61025000E+3	8.12684439E+1	-3.58049000E+5	-3.27307000E+5	2.20000000E+1	1.35600000E+3	6.05000000E+0	6.04900000E+0	3.63696479E+0	2.04132231E+2	2.24132231E+2
9.61050000E+3	8.12591347E+1	-3.58842000E+5	-3.28104000E+5	1.60000000E+1	1.36700000E+3	6.04900000E+0	6.04900000E+0	2.64506530E+0	2.04992561E+2	2.25987767E+2
9.61075000E+3	8.12498353E+1	-3.59634000E+5	-3.28899000E+5	1.70000000E+1	1.33400000E+3	6.05000000E+0	6.04900000E+0	2.81038188E+0	1.98677686E+2	2.20495868E+2
9.61100000E+3	8.12405459E+1	-3.60426000E+5	-3.29694000E+5	1.40000000E+1	1.31900000E+3	6.05000000E+0	6.04900000E+0	2.31443214E+0	1.97190083E+2	2.18016529E+2
9.61125000E+3	8.12312663E+1	-3.61216000E+5	-3.30487000E+5	7.00000000E+0	1.34500000E+3	6.05000000E+0	6.05000000E+0	1.15702479E+0	2.01983471E+2	2.22314050E+2
9.61150000E+3	8.12219966E+1	-3.62006000E+5	-3.31280000E+5	1.70000000E+1	1.35700000E+3	6.04900000E+0	6.04900000E+0	2.81038188E+0	2.04165978E+2	2.24334601E+2
9.61175000E+3	8.12127366E+1	-3.62795000E+5	-3.32072000E+5	1.20000000E+1	1.26800000E+3	6.04900000E+0	6.04900000E+0	1.98379898E+0	1.93255083E+2	2.09621425E+2
9.61200000E+3	8.12034864E+1	-3.63582000E+5	-3.32863000E+5	1.90000000E+1	1.40200000E+3	6.05000000E+0	6.04900000E+0	3.14101504E+0	2.14876033E+2	2.31735537E+2
9.61225000E+3	8.11942460E+1	-3.64369000E+5	-3.33653000E+5	1.30000000E+1	1.33100000E+3	6.05100000E+0	6.05000000E+0	2.14876033E+0	2.01454305E+2	2.19963642E+2
9.61250000E+3	8.11850152E+1	-3.65155000E+5	-3.34442000E+5	8.00000000E+0	1.31900000E+3	6.05000000E+0	6.04900000E+0	1.32253265E+0	1.99504132E+2	2.18016529E+2
9.61275000E+3	8.11757941E+1	-3.65940000E+5	-3.35231000E+5	2.30000000E+1	1.31600000E+3	6.04900000E+0	6.04900000E+0	3.80228137E+0	1.98049264E+2	2.17556621E+2
9.61300000E+3	8.11665827E+1	-3.66724000E+5	-3.36018000E+5	1.90000000E+1	1.29200000E+3	6.05200000E+0	6.05200000E+0	3.13945803E+0	1.95142102E+2	2.13483146E+2
9.61325000E+3	8.11573809E+1	-3.67508000E+5	-3.36804000E+5	1.50000000E+1	1.30200000E+3	6.05000000E+0	6.04900000E+0	2.47974872E+0	1.93884298E+2	2.15206612E+2
9.61350000E+3	8.11481887E+1	-3.68290000E+5	-3.37590000E+5	1.60000000E+1	1.30900000E+3	6.05000000E+0	6.05000000E+0	2.64462810E+0	1.97685950E+2	2.16363636E+2
9.61375000E+3	8.11390061E+1	-3.69071000E+5	-3.38375000E+5	1.30000000E+1	1.33500000E+3	6.04900000E+0	6.04800000E+0	2.14947090E+0	2.00859646E+2	2.20697636E+2
9.61400000E+3	8.11298329E+1	-3.69852000E+5	-3.39158000E+5	2.00000000E+1	1.37300000E+3	6.05000000E+0	6.04900000E+0	3.30633163E+0	2.07107438E+2	2.26942149E+2
9.61425000E+3	8.11206693E+1	-3.70631000E+5	-3.39941000E+5	1.20000000E+1	1.29800000E+3	6.05000000E+0	6.04900000E+0	1.98379898E+0	1.93057851E+2	2.14545455E+2
9.61450000E+3	8.11115152E+1	-3.71410000E+5	-3.40723000E+5	1.50000000E+1	1.27200000E+3	6.04900000E+0	6.04900000E+0	2.47974872E+0	1.90775335E+2	2.10282691E+2
9.61475000E+3	8.11023705E+1	-3.72188000E+5	-3.41504000E+5	1.60000000E+1	1.27800000E+3	6.05000000E+0	6.05000000E+0	2.64462810E+0	1.92231405E+2	2.11239669E+2
9.61500000E+3	8.10932352E+1	-3.72965000E+5	-3.42284000E+5	2.10000000E+1	1.24900000E+3	6.04900000E+0	6.04900000E+0	3.47164821E+0	1.88130269E+2	2.06480410E+2
9.61525000E+3	8.10841094E+1	-3.73741000E+5	-3.43064000E+5	1.90000000E+1	1.29600000E+3	6.05000000E+0	6.05000000E+0	3.14049587E+0	1.94214876E+2	2.14214876E+2
9.61550000E+3	8.10749928E+1	-3.74516000E+5	-3.43842000E+5	1.00000000E+1	1.28000000E+3	6.05000000E+0	6.04900000E+0	1.65316581E+0	1.90743802E+2	2.11570248E+2
9.61575000E+3	8.10658857E+1	-3.75291000E+5	-3.44620000E+5	1.80000000E+1	1.28500000E+3	6.04900000E+0	6.04900000E+0	2.97569846E+0	1.91932551E+2	2.12431807E+2
9.61600000E+3	8.10567878E+1	-3.76064000E+5	-3.45396000E+5	2.20000000E+1	1.26700000E+3	6.05000000E+0	6.04900000E+0	3.63696479E+0	1.89421488E+2	2.09421488E+2
9.61625000E+3	8.10476992E+1	-3.76837000E+5	-3.46172000E+5	1.70000000E+1	1.24800000E+3	6.04900000E+0	6.04900000E+0	2.81038188E+0	1.89783435E+2	2.06315093E+2
9.61650000E+3	8.10386199E+1	-3.77608000E+5	-3.46947000E+5	1.50000000E+1	1.28600000E+3	6.05100000E+0	6.05100000E+0	2.47892910E+0	1.91703851E+2	2.12526855E+2
9.61675000E+3	8.10295498E+1	-3.78379000E+5	-3.47721000E+5	1.50000000E+1	1.28200000E+3	6.05000000E+0	6.05000000E+0	2.47933884E+0	1.93388430E+2	2.11900826E+2
9.61700000E+3	8.10204889E+1	-3.79149000E+5	-3.48494000E+5	1.50000000E+1	1.24800000E+3	6.05000000E+0	6.05000000E+0	2.47933884E+0	1.87933884E+2	2.06280992E+2
9.61725000E+3	8.10114372E+1	-3.79918000E+5	-3.49267000E+5	2.00000000E+1	1.28800000E+3	6.05000000E+0	6.04900000E+0	3.30633163E+0	1.94214876E+2	2.12892562E+2
9.61750000E+3	8.10023946E+1	-3.80687000E+5	-3.50038000E+5	1.70000000E+1	1.26000000E+3	6.05000000E+0	6.05000000E+0	2.80991736E+0	1.89586777E+2	2.08264463E+2
9.61775000E+3	8.09933612E+1	-3.81454000E+5	-3.50809000E+5	2.10000000E+1	1.26000000E+3	6.04900000E+0	6.04900000E+0	3.47164821E+0	1.88295586E+2	2.08298892E+2
9.61800000E+3	8.09843368E+1	-3.82221000E+5	-3.51578000E+5	1.50000000E+1	1.24500000E+3	6.04900000E+0	6.04800000E+0	2.48015873E+0	1.86477104E+2	2.05819144E+2
9.61825000E+3	8.09753215E+1	-3.82986000E+5	-3.52347000E+5	1.60000000E+1	1.22200000E+3	6.04900000E+0	6.04900000E+0	2.64506530E+0	1.83336089E+2	2.02016862E+2
9.61850000E+3	8.09663153E+1	-3.83751000E+5	-3.53115000E+5	1.60000000E+1	1.24300000E+3	6.04900000E+0	6.04900000E+0	2.64506530E+0	1.85485204E+2	2.05488510E+2
9.61875000E+3	8.09573180E+1	-3.84515000E+5	-3.53883000E+5	2.00000000E+1	1.28800000E+3	6.05000000E+0	6.04900000E+0	3.30633163E+0	1.95041322E+2	2.12892562E+2
9.61900000E+3	8.09483298E+1	-3.85278000E+5	-3.54649000E+5	1.30000000E+1	1.20800000E+3	6.05000000E+0	6.05000000E+0	2.14876033E+0	1.81983471E+2	1.99669421E+2
9.61925000E+3	8.09393505E+1	-3.86041000E+5	-3.55414000E+5	1.30000000E+1	1.23100000E+3	6.05100000E+0	6.05100000E+0	2.14840522E+0	1.85093373E+2	2.03437448E+2
9.61950000E+3	8.09303802E+1	-3.86802000E+5	-3.56179000E+5	1.70000000E+1	1.25700000E+3	6.04800000E+0	6.04800000E+0	2.81084656E+0	1.90310847E+2	2.07837302E+2
9.61975000E+3	8.09214188E+1	-3.87563000E+5	-3.56943000E+5	1.70000000E+1	1.18600000E+3	6.05100000E+0	6.05000000E+0	2.80991736E+0	1.76334490E+2	1.96000661E+2
9.62000000E+3	8.09124663E+1	-3.88323000E+5	-3.57706000E+5	1.80000000E+1	1.26900000E+3	6.05000000E+0	6.05000000E+0	2.97520661E+0	1.89917355E+2	2.09752066E+2
9.62025000E+3	8.09035226E+1	-3.89082000E+5	-3.58468000E+5	1.60000000E+1	1.17500000E+3	6.04900000E+0	6.04900000E+0	2.64506530E+0	1.78541908E+2	1.94246983E+2
9.62050000E+3	8.08945878E+1	-3.89840000E+5	-3.59230000E+5	1.10000000E+1	1.21800000E+3	6.05000000E+0	6.05000000E+0	1.81818182E+0	1.81322314E+2	2.01322314E+2
9.62075000E+3	8.08856617E+1	-3.90597000E+5	-3.59990000E+5	1.80000000E+1	1.22600000E+3	6.05000000E+0	6.05000000E+0	2.97520661E+0	1.83966942E+2	2.02644628E+2
9.62100000E+3	8.08767445E+1	-3.91354000E+5	-3.60750000E+5	1.70000000E+1	1.17600000E+3	6.05000000E+0	6.05000000E+0	2.80991736E+0	1.79504132E+2	1.94380165E+2
9.62125000E+3	8.08678360E+1	-3.92109000E+5	-3.61509000E+5	1.50000000E+1	1.16900000E+3	6.04900000E+0	6.04900000E+0	2.47974872E+0	1.75566209E+2	1.93255083E+2
9.62150000E+3	8.08589363E+1	-3.92864000E+5	-3.62267000E+5	1.50000000E+1	1.24300000E+3	6.05100000E+0	6.05000000E+0	2.47933884E+0	1.84432325E+2	2.05420592E+2
9.62175000E+3	8.08500453E+1	-3.93618000E+5	-3.63024000E+5	1.70000000E+1	1.26100000E+3	6.04900000E+0	6.04800000E+0	2.81084656E+0	1.87799636E+2	2.08464209E+2
9.62200000E+3	8.08411630E+1	-3.94371000E+5	-3.63780000E+5	1.80000000E+1	1.23400000E+3	6.05000000E+0	6.05000000E+0	2.97520661E+0	1.86776860E+2	2.03966942E+2
9.62225000E+3	8.08322893E+1	-3.95124000E+5	-3.64536000E+5	1.80000000E+1	1.25600000E+3	6.04800000E+0	6.04800000E+0	2.97619048E+0	1.89649471E+2	2.07671958E+2
9.62250000E+3	8.08234243E+1	-3.95875000E+5	-3.65291000E+5	1.10000000E+1	1.20600000E+3	6.04900000E+0	6.04900000E+0	1.81848239E+0	1.80856340E+2	1.99371797E+2
9.62275000E+3	8.08145679E+1	-3.96626000E+5	-3.66045000E+5	9.00000000E+0	1.13400000E+3	6.05000000E+0	6.05000000E+0	1.48760331E+0	1.70578512E+2	1.87438017E+2
9.62300000E+3	8.08057201E+1	-3.97376000E+5	-3.66798000E+5	1.20000000E+1	1.17300000E+3	6.05100000E+0	6.05100000E+0	1.98314328E+0	1.77160800E+2	1.93852256E+2
9.62325000E+3	8.07968809E+1	-3.98125000E+5	-3.67550000E+5	1.90000000E+1	1.23600000E+3	6.04900000E+0	6.04800000E+0	3.14153439E+0	1.87469003E+2	2.04331294E+2
9.62350000E+3	8.07880502E+1	-3.98873000E+5	-3.68302000E+5	1.80000000E+1	1.24900000E+3	6.05100000E+0	6.05100000E+0	2.97471492E+0	1.88729136E+2	2.06412163E+2
9.62375000E+3	8.07792280E+1	-3.99621000E+5	-3.69052000E+5	8.00000000E+0	1.21300000E+3	6.05000000E+0	6.05000000E+0	1.32231405E+0	1.85454545E+2	2.00495868E+2
9.62400000E+3	8.07704143E+1	-4.00368000E+5	-3.69802000E+5	1.70000000E+1	1.20100000E+3	6.04900000E+0	6.04900000E+0	2.81038188E+0	1.78541908E+2	1.98545214E+2
9.62425000E+3	8.07616091E+1	-4.01114000E+5	-3.70552000E+5	1.60000000E+1	1.15700000E+3	6.05000000E+0	6.05000000E+0	2.64462810E+0	1.74710744E+2	1.91239669E+2
9.62450000E+3	8.07528124E+1	-4.01859000E+5	-3.71300000E+5	2.00000000E+1	1.13700000E+3	6.05100000E+0	6.05100000E+0	3.30523880E+0	1.72037680E+2	1.87902826E+2
9.62475000E+3	8.07440241E+1	-4.02603000E+5	-3.72047000E+5	2.00000000E+1	1.15900000E+3	6.05000000E+0	6.05000000E+0	3.30578512E+0	1.71239669E+2	1.91570248E+2
9.62500000E+3	8.07352442E+1	-4.03347000E+5	-3.72794000E+5	2.20000000E+1	1.20400000E+3	6.05000000E+0	6.05000000E+0	3.63636364E+0	1.78016529E+2	1.99008264E+2
9.62525000E+3	8.07264726E+1	-4.04089000E+5	-3.73540000E+5	2.20000000E+1	1.24500000E+3	6.05000000E+0	6.05000000E+0	3.63636364E+0	1.86446281E+2	2.05785124E+2
9.62550000E+3	8.07177095E+1	-4.04831000E+5	-3.74285000E+5	1.70000000E+1	1.19200000E+3	6.04900000E+0	6.04900000E+0	2.81038188E+0	1.76062159E+2	1.97057365E+2
9.62575000E+3	8.07089546E+1	-4.05573000E+5	-3.75030000E+5	1.70000000E+1	1.20500000E+3	6.04900000E+0	6.04900000E+0	2.81038188E+0	1.79203174E+2	1.99206480E+2
9.62600000E+3	8.07002081E+1	-4.06313000E+5	-3.75773000E+5	1.60000000E+1	1.17900000E+3	6.05000000E+0	6.05000000E+0	2.64462810E+0	1.78842975E+2	1.94876033E+2
9.62625000E+3	8.06914699E+1	-4.07053000E+5	-3.76516000E+5	2.00000000E+1	1.20100000E+3	6.05100000E+0	6.05100000E+0	3.30523880E+0	1.78648157E+2	1.98479590E+2
9.62650000E+3	8.06827399E+1	-4.07792000E+5	-3.77258000E+5	1.40000000E+1	1.14900000E+3	6.05000000E+0	6.04900000E+0	2.31443214E+0	1.72892562E+2	1.89917355E+2
9.62675000E+3	8.06740182E+1	-4.08530000E+5	-3.78000000E+5	2.00000000E+1	1.16000000E+3	6.05000000E+0	6.05000000E+0	3.30578512E+0	1.76033058E+2	1.91735537E+2
9.62700000E+3	8.06653047E+1	-4.09267000E+5	-3.78740000E+5	1.70000000E+1	1.25100000E+3	6.05000000E+0	6.04900000E+0	2.81038188E+0	1.89090909E+2	2.06776860E+2
9.62725000E+3	8.06565994E+1	-4.10003000E+5	-3.79480000E+5	1.60000000E+1	1.15700000E+3	6.04900000E+0	6.04900000E+0	2.64506530E+0	1.72755827E+2	1.91271285E+2
9.62750000E+3	8.06479023E+1	-4.10739000E+5	-3.80219000E+5	2.50000000E+1	1.19500000E+3	6.05200000E+0	6.05200000E+0	4.13086583E+0	1.82253800E+2	1.97455387E+2
9.62775000E+3	8.06392133E+1	-4.11474000E+5	-3.80957000E+5	1.50000000E+1	1.14400000E+3	6.04900000E+0	6.04900000E+0	2.47974872E+0	1.70606712E+2	1.89122169E+2
9.62800000E+3	8.06305325E+1	-4.12208000E+5	-3.81694000E+5	1.30000000E+1	1.08900000E+3	6.04900000E+0	6.04900000E+0	2.14911556E+0	1.64985948E+2	1.80029757E+2
9.62825000E+3	8.06218598E+1	-4.12942000E+5	-3.82431000E+5	1.80000000E+1	1.10900000E+3	6.05000000E+0	6.05000000E+0	2.97520661E+0	1.64958678E+2	1.83305785E+2
9.62850000E+3	8.06131952E+1	-4.13675000E+5	-3.83167000E+5	8.00000000E+0	1.17400000E+3	6.05000000E+0	6.05000000E+0	1.32231405E+0	1.77520661E+2	1.94049587E+2
9.62875000E+3	8.06045387E+1	-4.14407000E+5	-3.83902000E+5	1.00000000E+1	1.19100000E+3	6.05000000E+0	6.05000000E+0	1.65289256E+0	1.75537190E+2	1.96859504E+2
9.62900000E+3	8.05958902E+1	-4.15138000E+5	-3.84636000E+5	1.50000000E+1	1.09800000E+3	6.05000000E+0	6.05000000E+0	2.47933884E+0	1.61818182E+2	1.81487603E+2
9.62925000E+3	8.05872497E+1	-4.15868000E+5	-3.85370000E+5	1.60000000E+1	1.11400000E+3	6.05100000E+0	6.05100000E+0	2.64419104E+0	1.67740869E+2	1.84101801E+2
9.62950000E+3	8.05786173E+1	-4.16598000E+5	-3.86103000E+5	1.90000000E+1	1.14900000E+3	6.05000000E+0	6.04900000E+0	3.14101504E+0	1.73388430E+2	1.89917355E+2
9.62975000E+3	8.05699928E+1	-4.17327000E+5	-3.86835000E+5	1.50000000E+1	1.14500000E+3	6.05100000E+0	6.05000000E+0	2.47933884E+0	1.70054536E+2	1.89224922E+2
9.63000000E+3	8.05613763E+1	-4.18055000E+5	-3.87566000E+5	1.50000000E+2	1.10570000E+4	6.00500000E+1	6.00430000E+1	2.49820962E+0	1.68109908E+2	1.84129892E+2
9.63025000E+3	8.05527677E+1	-4.18782000E+5	-3.88297000E+5	1.38000000E+2	1.13460000E+4	6.00500000E+1	6.00430000E+1	2.29835285E+0	1.71373855E+2	1.88942548E+2
9.63050000E+3	8.05441671E+1	-4.19509000E+5	-3.89027000E+5	1.79000000E+2	1.10180000E+4	6.00490000E+1	6.00420000E+1	2.98124646E+0	1.66164299E+2	1.83483488E+2
9.63075000E+3	8.05355743E+1	-4.20235000E+5	-3.89756000E+5	1.50000000E+2	1.12000000E+4	6.00500000E+1	6.00430000E+1	2.49820962E+0	1.69975021E+2	1.86511241E+2
9.63100000E+3	8.05269895E+1	-4.20960000E+5	-3.90484000E+5	1.28000000E+2	1.10320000E+4	6.00510000E+1	6.00440000E+1	2.13177004E+0	1.67257831E+2	1.83710513E+2
9.63125000E+3	8.05184125E+1	-4.21685000E+5	-3.91212000E+5	1.75000000E+2	1.09420000E+4	6.00510000E+1	6.00440000E+1	2.91452935E+0	1.63594278E+2	1.82211787E+2
9.63150000E+3	8.05098433E+1	-4.22408000E+5	-3.91939000E+5	1.51000000E+2	1.09440000E+4	6.00500000E+1	6.00430000E+1	2.51486435E+0	1.65095754E+2	1.82248127E+2
9.63175000E+3	8.05012820E+1	-4.23131000E+5	-3.92665000E+5	1.68000000E+2	1.08530000E+4	6.00520000E+1	6.00450000E+1	2.79790157E+0	1.64174382E+2	1.80726704E+2
9.63200000E+3	8.04927285E+1	-4.23853000E+5	-3.93391000E+5	1.56000000E+2	1.10270000E+4	6.00520000E+1	6.00450000E+1	2.59805146E+0	1.66572304E+2	1.83624192E+2
9.63225000E+3	8.04841827E+1	-4.24575000E+5	-3.94115000E+5	1.47000000E+2	1.10720000E+4	6.00500000E+1	6.00430000E+1	2.44824542E+0	1.67527061E+2	1.84379684E+2
9.63250000E+3	8.04756447E+1	-4.25296000E+5	-3.94839000E+5	1.42000000E+2	1.09890000E+4	6.00510000E+1	6.00440000E+1	2.36493238E+0	1.66025545E+2	1.82994455E+2
9.63275000E+3	8.04671144E+1	-4.26016000E+5	-3.95562000E+5	1.47000000E+2	1.09230000E+4	6.00500000E+1	6.00440000E+1	2.44820465E+0	1.64895920E+2	1.81898418E+2
9.63300000E+3	8.04585919E+1	-4.26735000E+5	-3.96285000E+5	1.41000000E+2	1.08330000E+4	6.00510000E+1	6.00440000E+1	2.34827793E+0	1.63261228E+2	1.80396663E+2
9.63325000E+3	8.04500770E+1	-4.27454000E+5	-3.97007000E+5	1.23000000E+2	1.09870000E+4	6.00500000E+1	6.00440000E+1	2.04849777E+0	1.64945878E+2	1.82964197E+2
9.63350000E+3	8.04415699E+1	-4.28171000E+5	-3.97728000E+5	1.63000000E+2	1.08640000E+4	6.00500000E+1	6.00430000E+1	2.71472112E+0	1.62980849E+2	1.80915903E+2
9.63375000E+3	8.04330703E+1	-4.28889000E+5	-3.98448000E+5	1.31000000E+2	1.08290000E+4	6.00510000E+1	6.00440000E+1	2.18173340E+0	1.62944830E+2	1.80330053E+2
9.63400000E+3	8.04245785E+1	-4.29605000E+5	-3.99168000E+5	1.64000000E+2	1.10150000E+4	6.00500000E+1	6.00430000E+1	2.73137585E+0	1.66394671E+2	1.83430475E+2
9.63425000E+3	8.04160942E+1	-4.30321000E+5	-3.99886000E+5	1.44000000E+2	1.08850000E+4	6.00500000E+1	6.00430000E+1	2.39828123E+0	1.64079933E+2	1.81265612E+2
9.63450000E+3	8.04076176E+1	-4.31036000E+5	-4.00605000E+5	1.37000000E+2	1.07510000E+4	6.00510000E+1	6.00440000E+1	2.28166012E+0	1.62495212E+2	1.79031157E+2
9.63475000E+3	8.03991485E+1	-4.31750000E+5	-4.01322000E+5	1.63000000E+2	1.07230000E+4	6.00510000E+1	6.00440000E+1	2.71467590E+0	1.60796656E+2	1.78564887E+2
9.63500000E+3	8.03906870E+1	-4.32463000E+5	-4.02039000E+5	1.38000000E+2	1.08040000E+4	6.00500000E+1	6.00440000E+1	2.29831457E+0	1.62797669E+2	1.79916736E+2
9.63525000E+3	8.03822330E+1	-4.33176000E+5	-4.02755000E+5	1.48000000E+2	1.06150000E+4	6.00510000E+1	6.00440000E+1	2.46485910E+0	1.59714243E+2	1.76766415E+2
9.63550000E+3	8.03737865E+1	-4.33888000E+5	-4.03470000E+5	1.38000000E+2	1.05860000E+4	6.00510000E+1	6.00450000E+1	2.29827629E+0	1.58881617E+2	1.76283492E+2
9.63575000E+3	8.03653476E+1	-4.34600000E+5	-4.04185000E+5	1.53000000E+2	1.08550000E+4	6.00510000E+1	6.00440000E+1	2.54813137E+0	1.63211270E+2	1.80763018E+2
9.63600000E+3	8.03569161E+1	-4.35310000E+5	-4.04899000E+5	1.41000000E+2	1.07300000E+4	6.00510000E+1	6.00440000E+1	2.34827793E+0	1.61396147E+2	1.78681454E+2
9.63625000E+3	8.03484921E+1	-4.36020000E+5	-4.05612000E+5	1.33000000E+2	1.03790000E+4	6.00500000E+1	6.00430000E+1	2.21507919E+0	1.55670275E+2	1.72839301E+2
9.63650000E+3	8.03400756E+1	-4.36730000E+5	-4.06324000E+5	1.60000000E+2	1.06050000E+4	6.00510000E+1	6.00440000E+1	2.66471254E+0	1.59730895E+2	1.76599890E+2
9.63675000E+3	8.03316665E+1	-4.37438000E+5	-4.07036000E+5	1.48000000E+2	1.06530000E+4	6.00510000E+1	6.00440000E+1	2.46485910E+0	1.60613479E+2	1.77399211E+2
9.63700000E+3	8.03232648E+1	-4.38146000E+5	-4.07747000E+5	1.58000000E+2	1.05700000E+4	6.00510000E+1	6.00440000E+1	2.63140364E+0	1.59064795E+2	1.76017052E+2
9.63725000E+3	8.03148704E+1	-4.38853000E+5	-4.08458000E+5	1.57000000E+2	1.05610000E+4	6.00500000E+1	6.00440000E+1	2.61474918E+0	1.58451291E+2	1.75870108E+2
9.63750000E+3	8.03064835E+1	-4.39560000E+5	-4.09167000E+5	1.39000000E+2	1.04730000E+4	6.00510000E+1	6.00440000E+1	2.31496902E+0	1.57282976E+2	1.74401759E+2
9.63775000E+3	8.02981039E+1	-4.40266000E+5	-4.09876000E+5	1.39000000E+2	1.05720000E+4	6.00530000E+1	6.00460000E+1	2.31489192E+0	1.59742228E+2	1.76044494E+2
9.63800000E+3	8.02897316E+1	-4.40971000E+5	-4.10584000E+5	1.58000000E+2	1.08220000E+4	6.00510000E+1	6.00440000E+1	2.63140364E+0	1.62778305E+2	1.80213485E+2
9.63825000E+3	8.02813667E+1	-4.41675000E+5	-4.11292000E+5	1.48000000E+2	1.05670000E+4	6.00520000E+1	6.00450000E+1	2.46481805E+0	1.59311930E+2	1.75964164E+2
9.63850000E+3	8.02730090E+1	-4.42379000E+5	-4.11999000E+5	1.36000000E+2	1.04910000E+4	6.00500000E+1	6.00440000E+1	2.26500566E+0	1.58467943E+2	1.74704413E+2
9.63875000E+3	8.02646587E+1	-4.43082000E+5	-4.12705000E+5	1.39000000E+2	1.04510000E+4	6.00500000E+1	6.00440000E+1	2.31496902E+0	1.56336386E+2	1.74038301E+2
9.63900000E+3	8.02563156E+1	-4.43784000E+5	-4.13411000E+5	1.78000000E+2	1.05180000E+4	6.00500000E+1	6.00440000E+1	2.96449271E+0	1.58584513E+2	1.75154038E+2
9.63925000E+3	8.02479797E+1	-4.44486000E+5	-4.14116000E+5	1.53000000E+2	1.01660000E+4	6.00510000E+1	6.00440000E+1	2.54813137E+0	1.52503705E+2	1.69289437E+2
9.63950000E+3	8.02396511E+1	-4.45187000E+5	-4.14820000E+5	1.59000000E+2	1.04910000E+4	6.00510000E+1	6.00450000E+1	2.64801399E+0	1.57332934E+2	1.74701504E+2
9.63975000E+3	8.02313296E+1	-4.45887000E+5	-4.15523000E+5	1.54000000E+2	1.03840000E+4	6.00510000E+1	6.00440000E+1	2.56478582E+0	1.56650181E+2	1.72919685E+2
9.64000000E+3	8.02230154E+1	-4.46587000E+5	-4.16226000E+5	1.69000000E+2	1.03200000E+4	6.00510000E+1	6.00450000E+1	2.81455575E+0	1.55101497E+2	1.71853924E+2
9.64025000E+3	8.02147084E+1	-4.47286000E+5	-4.16928000E+5	1.66000000E+2	1.03260000E+4	6.00510000E+1	6.00440000E+1	2.76463926E+0	1.55817555E+2	1.71953839E+2
9.64050000E+3	8.02064085E+1	-4.47984000E+5	-4.17630000E+5	1.49000000E+2	1.05060000E+4	6.00510000E+1	6.00440000E+1	2.48151356E+0	1.57732594E+2	1.74951291E+2
9.64075000E+3	8.01981157E+1	-4.48682000E+5	-4.18330000E+5	1.30000000E+2	1.02050000E+4	6.00500000E+1	6.00440000E+1	2.16507894E+0	1.53105745E+2	1.69941715E+2
9.64100000E+3	8.01898300E+1	-4.49378000E+5	-4.19031000E+5	1.52000000E+2	1.03330000E+4	6.00500000E+1	6.00430000E+1	2.53151908E+0	1.55253955E+2	1.72073272E+2
9.64125000E+3	8.01815515E+1	-4.50075000E+5	-4.19730000E+5	1.36000000E+2	1.02880000E+4	6.00510000E+1	6.00440000E+1	2.26500566E+0	1.55218065E+2	1.71321044E+2
9.64150000E+3	8.01732800E+1	-4.50770000E+5	-4.20429000E+5	1.38000000E+2	1.01850000E+4	6.00520000E+1	6.00450000E+1	2.29827629E+0	1.53400386E+2	1.69603011E+2
9.64175000E+3	8.01650157E+1	-4.51465000E+5	-4.21127000E+5	1.58000000E+2	1.03150000E+4	6.00500000E+1	6.00430000E+1	2.63144746E+0	1.54820983E+2	1.71773522E+2
9.64200000E+3	8.01567583E+1	-4.52159000E+5	-4.21824000E+5	1.61000000E+2	1.01170000E+4	6.00510000E+1	6.00450000E+1	2.68132234E+0	1.51138199E+2	1.68473464E+2
9.64225000E+3	8.01485080E+1	-4.52853000E+5	-4.22521000E+5	1.38000000E+2	1.02000000E+4	6.00520000E+1	6.00460000E+1	2.29823802E+0	1.53616865E+2	1.69852794E+2
9.64250000E+3	8.01402647E+1	-4.53546000E+5	-4.23217000E+5	1.70000000E+2	1.01680000E+4	6.00510000E+1	6.00450000E+1	2.83120993E+0	1.52387138E+2	1.69322742E+2
9.64275000E+3	8.01320284E+1	-4.54238000E+5	-4.23913000E+5	1.43000000E+2	1.01390000E+4	6.00510000E+1	6.00450000E+1	2.38154717E+0	1.52287223E+2	1.68839819E+2
9.64300000E+3	8.01237991E+1	-4.54930000E+5	-4.24607000E+5	1.44000000E+2	1.01480000E+4	6.00510000E+1	6.00440000E+1	2.39824129E+0	1.52853408E+2	1.68989692E+2
9.64325000E+3	8.01155768E+1	-4.55621000E+5	-4.25301000E+5	1.48000000E+2	1.00700000E+4	6.00510000E+1	6.00450000E+1	2.46481805E+0	1.51154852E+2	1.67690796E+2
9.64350000E+3	8.01073614E+1	-4.56311000E+5	-4.25995000E+5	1.37000000E+2	1.00880000E+4	6.00500000E+1	6.00440000E+1	2.28166012E+0	1.51806828E+2	1.67993339E+2
9.64375000E+3	8.00991530E+1	-4.57001000E+5	-4.26688000E+5	1.37000000E+2	1.00710000E+4	6.00520000E+1	6.00460000E+1	2.28158412E+0	1.51502032E+2	1.67704656E+2
9.64400000E+3	8.00909514E+1	-4.57689000E+5	-4.27380000E+5	1.49000000E+2	9.93800000E+3	6.00510000E+1	6.00450000E+1	2.48147223E+0	1.49472948E+2	1.65492665E+2
9.64425000E+3	8.00827568E+1	-4.58378000E+5	-4.28071000E+5	1.59000000E+2	1.00910000E+4	6.00500000E+1	6.00440000E+1	2.64805809E+0	1.52123231E+2	1.68043297E+2
9.64450000E+3	8.00745690E+1	-4.59065000E+5	-4.28762000E+5	1.59000000E+2	9.84300000E+3	6.00510000E+1	6.00450000E+1	2.64801399E+0	1.47457994E+2	1.63910676E+2
9.64475000E+3	8.00663881E+1	-4.59752000E+5	-4.29452000E+5	1.53000000E+2	9.94300000E+3	6.00510000E+1	6.00450000E+1	2.54808893E+0	1.48357230E+2	1.65575927E+2
9.64500000E+3	8.00582141E+1	-4.60439000E+5	-4.30142000E+5	1.51000000E+2	1.00420000E+4	6.00510000E+1	6.00450000E+1	2.51478058E+0	1.51121547E+2	1.67224526E+2
9.64525000E+3	8.00500469E+1	-4.61124000E+5	-4.30831000E+5	1.39000000E+2	9.80200000E+3	6.00520000E+1	6.00460000E+1	2.31489192E+0	1.47372277E+2	1.63225205E+2
9.64550000E+3	8.00418865E+1	-4.61809000E+5	-4.31519000E+5	1.44000000E+2	9.68000000E+3	6.00500000E+1	6.00440000E+1	2.39824129E+0	1.44679434E+2	1.61199001E+2
9.64575000E+3	8.00337329E+1	-4.62494000E+5	-4.32207000E+5	1.46000000E+2	9.79400000E+3	6.00500000E+1	6.00440000E+1	2.43155020E+0	1.46144879E+2	1.63097419E+2
9.64600000E+3	8.00255861E+1	-4.63178000E+5	-4.32893000E+5	1.46000000E+2	9.93600000E+3	6.00510000E+1	6.00440000E+1	2.43155020E+0	1.49889261E+2	1.65459360E+2
9.64625000E+3	8.00174461E+1	-4.63861000E+5	-4.33580000E+5	1.46000000E+2	9.63900000E+3	6.00500000E+1	6.00440000E+1	2.43155020E+0	1.43247294E+2	1.60516236E+2
9.64650000E+3	8.00093128E+1	-4.64543000E+5	-4.34265000E+5	1.65000000E+2	9.78800000E+3	6.00510000E+1	6.00450000E+1	2.74793905E+0	1.46625368E+2	1.62994788E+2
9.64675000E+3	8.00011863E+1	-4.65225000E+5	-4.34950000E+5	1.51000000E+2	9.82900000E+3	6.00510000E+1	6.00450000E+1	2.51478058E+0	1.47108291E+2	1.63677541E+2
9.64700000E+3	7.99930665E+1	-4.65906000E+5	-4.35635000E+5	1.42000000E+2	9.64500000E+3	6.00510000E+1	6.00450000E+1	2.36489300E+0	1.44227407E+2	1.60613479E+2
9.64725000E+3	7.99849534E+1	-4.66587000E+5	-4.36319000E+5	1.52000000E+2	9.77500000E+3	6.00510000E+1	6.00450000E+1	2.53143476E+0	1.46841851E+2	1.62778305E+2
9.64750000E+3	7.99768469E+1	-4.67267000E+5	-4.37002000E+5	1.46000000E+2	9.61700000E+3	6.00500000E+1	6.00440000E+1	2.43155020E+0	1.45112406E+2	1.60149875E+2
9.64775000E+3	7.99687472E+1	-4.67946000E+5	-4.37684000E+5	1.44000000E+2	9.56300000E+3	6.00500000E+1	6.00440000E+1	2.39824129E+0	1.43497086E+2	1.59250624E+2
9.64800000E+3	7.99606541E+1	-4.68625000E+5	-4.38366000E+5	1.47000000E+2	9.68000000E+3	6.00520000E+1	6.00460000E+1	2.44812311E+0	1.43891960E+2	1.61193632E+2
9.64825000E+3	7.99525676E+1	-4.69303000E+5	-4.39047000E+5	1.61000000E+2	9.50200000E+3	6.00510000E+1	6.00450000E+1	2.68132234E+0	1.41463090E+2	1.58232169E+2
9.64850000E+3	7.99444878E+1	-4.69980000E+5	-4.39728000E+5	1.50000000E+2	9.67300000E+3	6.00500000E+1	6.00440000E+1	2.49816801E+0	1.45611990E+2	1.61082431E+2
9.64875000E+3	7.99364146E+1	-4.70657000E+5	-4.40408000E+5	1.44000000E+2	9.66500000E+3	6.00500000E+1	6.00440000E+1	2.39824129E+0	1.44796003E+2	1.60949209E+2
9.64900000E+3	7.99283480E+1	-4.71333000E+5	-4.41087000E+5	1.29000000E+2	9.55900000E+3	6.00500000E+1	6.00440000E+1	2.14842449E+0	1.43330558E+2	1.59184013E+2
9.64925000E+3	7.99202880E+1	-4.72009000E+5	-4.41766000E+5	1.45000000E+2	9.49200000E+3	6.00510000E+1	6.00460000E+1	2.41481531E+0	1.43844399E+2	1.58065644E+2
9.64950000E+3	7.99122345E+1	-4.72684000E+5	-4.42444000E+5	1.62000000E+2	9.46900000E+3	6.00500000E+1	6.00440000E+1	2.69802145E+0	1.42348043E+2	1.57685262E+2
9.64975000E+3	7.99041876E+1	-4.73358000E+5	-4.43122000E+5	1.50000000E+2	9.53500000E+3	6.00490000E+1	6.00430000E+1	2.49820962E+0	1.43166414E+2	1.58786991E+2
9.65000000E+3	7.98961472E+1	-4.74032000E+5	-4.43798000E+5	1.40000000E+2	9.49100000E+3	6.00510000E+1	6.00450000E+1	2.33158464E+0	1.43294866E+2	1.58048992E+2
9.65025000E+3	7.98881134E+1	-4.74705000E+5	-4.44475000E+5	1.47000000E+2	9.51500000E+3	6.00500000E+1	6.00440000E+1	2.44820465E+0	1.41948376E+2	1.58451291E+2
9.65050000E+3	7.98800860E+1	-4.75377000E+5	-4.45150000E+5	1.50000000E+2	9.37700000E+3	6.00510000E+1	6.00450000E+1	2.49812641E+0	1.40880252E+2	1.56150605E+2
9.65075000E+3	7.98720652E+1	-4.76049000E+5	-4.45825000E+5	1.45000000E+2	9.27800000E+3	6.00520000E+1	6.00460000E+1	2.41481531E+0	1.38496636E+2	1.54499434E+2
9.65100000E+3	7.98640508E+1	-4.76720000E+5	-4.46500000E+5	1.68000000E+2	9.37300000E+3	6.00510000E+1	6.00450000E+1	2.79790157E+0	1.40697074E+2	1.56083995E+2
9.65125000E+3	7.98560429E+1	-4.77391000E+5	-4.47173000E+5	1.61000000E+2	9.35100000E+3	6.00510000E+1	6.00450000E+1	2.68132234E+0	1.40480591E+2	1.55717640E+2
9.65150000E+3	7.98480414E+1	-4.78061000E+5	-4.47847000E+5	1.57000000E+2	9.62500000E+3	6.00500000E+1	6.00440000E+1	2.61474918E+0	1.44612823E+2	1.60283097E+2
9.65175000E+3	7.98400464E+1	-4.78730000E+5	-4.48519000E+5	1.51000000E+2	9.42200000E+3	6.00500000E+1	6.00440000E+1	2.51482246E+0	1.40499584E+2	1.56902581E+2
9.65200000E+3	7.98320577E+1	-4.79399000E+5	-4.49191000E+5	1.47000000E+2	9.33800000E+3	6.00520000E+1	6.00460000E+1	2.44812311E+0	1.40927863E+2	1.55498568E+2
9.65225000E+3	7.98240755E+1	-4.80067000E+5	-4.49862000E+5	1.43000000E+2	9.32000000E+3	6.00500000E+1	6.00440000E+1	2.38158684E+0	1.39500416E+2	1.55203997E+2
9.65250000E+3	7.98160997E+1	-4.80735000E+5	-4.50533000E+5	1.55000000E+2	9.41500000E+3	6.00500000E+1	6.00440000E+1	2.58144028E+0	1.41332223E+2	1.56786012E+2
9.65275000E+3	7.98081302E+1	-4.81402000E+5	-4.51203000E+5	1.41000000E+2	9.15200000E+3	6.00520000E+1	6.00460000E+1	2.34819971E+0	1.36914674E+2	1.52401252E+2
9.65300000E+3	7.98001671E+1	-4.82068000E+5	-4.51873000E+5	1.58000000E+2	9.25900000E+3	6.00490000E+1	6.00440000E+1	2.63140364E+0	1.38919882E+2	1.54190744E+2
9.65325000E+3	7.97922103E+1	-4.82734000E+5	-4.52542000E+5	1.44000000E+2	9.17200000E+3	6.00500000E+1	6.00440000E+1	2.39824129E+0	1.36669442E+2	1.52739384E+2
9.65350000E+3	7.97842599E+1	-4.83399000E+5	-4.53210000E+5	1.44000000E+2	9.39700000E+3	6.00500000E+1	6.00440000E+1	2.39824129E+0	1.40416320E+2	1.56486261E+2
9.65375000E+3	7.97763158E+1	-4.84063000E+5	-4.53878000E+5	1.50000000E+2	9.33900000E+3	6.00510000E+1	6.00460000E+1	2.49808480E+0	1.38948560E+2	1.55517810E+2
9.65400000E+3	7.97683780E+1	-4.84727000E+5	-4.54545000E+5	1.59000000E+2	9.15500000E+3	6.00510000E+1	6.00460000E+1	2.64796989E+0	1.36900301E+2	1.52453748E+2
9.65425000E+3	7.97604465E+1	-4.85391000E+5	-4.55211000E+5	1.31000000E+2	9.10500000E+3	6.00500000E+1	6.00450000E+1	2.18169706E+0	1.35953372E+2	1.51623647E+2
9.65450000E+3	7.97525212E+1	-4.86053000E+5	-4.55877000E+5	1.55000000E+2	9.22600000E+3	6.00510000E+1	6.00450000E+1	2.58139729E+0	1.38149240E+2	1.53636076E+2
9.65475000E+3	7.97446022E+1	-4.86716000E+5	-4.56543000E+5	1.38000000E+2	9.06200000E+3	6.00510000E+1	6.00450000E+1	2.29827629E+0	1.35451533E+2	1.50905064E+2
9.65500000E+3	7.97366895E+1	-4.87377000E+5	-4.57207000E+5	1.30000000E+2	9.28700000E+3	6.00500000E+1	6.00440000E+1	2.16507894E+0	1.38784346E+2	1.54654455E+2
9.65525000E+3	7.97287830E+1	-4.88038000E+5	-4.57872000E+5	1.33000000E+2	9.25800000E+3	6.00510000E+1	6.00460000E+1	2.21496852E+0	1.37599707E+2	1.54168956E+2
9.65550000E+3	7.97208827E+1	-4.88698000E+5	-4.58535000E+5	1.42000000E+2	9.14300000E+3	6.00500000E+1	6.00450000E+1	2.36489300E+0	1.36436303E+2	1.52256453E+2
9.65575000E+3	7.97129886E+1	-4.89358000E+5	-4.59198000E+5	1.33000000E+2	9.06100000E+3	6.00500000E+1	6.00450000E+1	2.21500541E+0	1.35087427E+2	1.50890924E+2
9.65600000E+3	7.97051007E+1	-4.90017000E+5	-4.59861000E+5	1.43000000E+2	9.36800000E+3	6.00510000E+1	6.00450000E+1	2.38154717E+0	1.40164194E+2	1.56000733E+2
9.65625000E+3	7.96972189E+1	-4.90676000E+5	-4.60522000E+5	1.59000000E+2	9.40000000E+3	6.00500000E+1	6.00450000E+1	2.64801399E+0	1.39733555E+2	1.56536220E+2
9.65650000E+3	7.96893434E+1	-4.91334000E+5	-4.61184000E+5	1.59000000E+2	9.20500000E+3	6.00510000E+1	6.00460000E+1	2.64796989E+0	1.36933606E+2	1.53286373E+2
9.65675000E+3	7.96814739E+1	-4.91992000E+5	-4.61844000E+5	1.49000000E+2	9.14300000E+3	6.00500000E+1	6.00450000E+1	2.48147223E+0	1.36103247E+2	1.52256453E+2
9.65700000E+3	7.96736106E+1	-4.92648000E+5	-4.62504000E+5	1.58000000E+2	9.03900000E+3	6.00500000E+1	6.00440000E+1	2.63140364E+0	1.36086595E+2	1.50524563E+2
9.65725000E+3	7.96657535E+1	-4.93305000E+5	-4.63164000E+5	1.64000000E+2	9.37200000E+3	6.00520000E+1	6.00460000E+1	2.73123938E+0	1.40195164E+2	1.56064744E+2
9.65750000E+3	7.96579024E+1	-4.93960000E+5	-4.63822000E+5	1.47000000E+2	9.03400000E+3	6.00520000E+1	6.00460000E+1	2.44812311E+0	1.35332712E+2	1.50436289E+2
9.65775000E+3	7.96500575E+1	-4.94615000E+5	-4.64481000E+5	1.60000000E+2	8.99400000E+3	6.00500000E+1	6.00450000E+1	2.66466817E+0	1.33338884E+2	1.49775187E+2
9.65800000E+3	7.96422186E+1	-4.95270000E+5	-4.65139000E+5	1.71000000E+2	9.13700000E+3	6.00510000E+1	6.00460000E+1	2.84781667E+0	1.36350769E+2	1.52154002E+2
9.65825000E+3	7.96343858E+1	-4.95924000E+5	-4.65796000E+5	1.73000000E+2	9.23400000E+3	6.00510000E+1	6.00450000E+1	2.88117245E+0	1.38182545E+2	1.53769296E+2
9.65850000E+3	7.96265590E+1	-4.96577000E+5	-4.66452000E+5	1.90000000E+2	8.83200000E+3	6.00510000E+1	6.00450000E+1	3.16429345E+0	1.31787980E+2	1.47074986E+2
9.65875000E+3	7.96187383E+1	-4.97230000E+5	-4.67108000E+5	1.94000000E+2	8.82000000E+3	6.00510000E+1	6.00450000E+1	3.23091015E+0	1.31654760E+2	1.46875156E+2
9.65900000E+3	7.96109236E+1	-4.97882000E+5	-4.67764000E+5	1.75000000E+2	8.78800000E+3	6.00510000E+1	6.00460000E+1	2.91443227E+0	1.30955355E+2	1.46342276E+2
9.65925000E+3	7.96031149E+1	-4.98534000E+5	-4.68418000E+5	1.96000000E+2	8.99900000E+3	6.00510000E+1	6.00460000E+1	3.26416414E+0	1.34735475E+2	1.49855956E+2
9.65950000E+3	7.95953123E+1	-4.99185000E+5	-4.69073000E+5	2.03000000E+2	8.91900000E+3	6.00510000E+1	6.00450000E+1	3.38079774E+0	1.33636409E+2	1.48523755E+2
9.65975000E+3	7.95875156E+1	-4.99836000E+5	-4.69726000E+5	2.14000000E+2	9.01800000E+3	6.00530000E+1	6.00470000E+1	3.56387496E+0	1.34447904E+2	1.50167352E+2
9.66000000E+3	7.95797249E+1	-5.00486000E+5	-4.70380000E+5	1.82000000E+2	9.18800000E+3	6.00510000E+1	6.00450000E+1	3.03106004E+0	1.37066827E+2	1.53003281E+2
9.66025000E+3	7.95719401E+1	-5.01135000E+5	-4.71032000E+5	2.13000000E+2	8.97900000E+3	6.00500000E+1	6.00450000E+1	3.54733950E+0	1.35187344E+2	1.49525396E+2
9.66050000E+3	7.95641613E+1	-5.01784000E+5	-4.71684000E+5	1.91000000E+2	8.86500000E+3	6.00500000E+1	6.00450000E+1	3.18094762E+0	1.32472939E+2	1.47626978E+2
9.66075000E+3	7.95563884E+1	-5.02432000E+5	-4.72336000E+5	2.21000000E+2	8.96200000E+3	6.00510000E+1	6.00450000E+1	3.68057290E+0	1.34685517E+2	1.49239813E+2
9.66100000E+3	7.95486215E+1	-5.03080000E+5	-4.72986000E+5	2.37000000E+2	8.93200000E+3	6.00520000E+1	6.00470000E+1	3.94690826E+0	1.33950576E+2	1.48737761E+2
9.66125000E+3	7.95408605E+1	-5.03727000E+5	-4.73637000E+5	2.29000000E+2	8.97700000E+3	6.00500000E+1	6.00450000E+1	3.81380631E+0	1.33305579E+2	1.49492090E+2
9.66150000E+3	7.95331054E+1	-5.04374000E+5	-4.74287000E+5	2.36000000E+2	8.88500000E+3	6.00510000E+1	6.00450000E+1	3.93038554E+0	1.33103529E+2	1.47957569E+2
9.66175000E+3	7.95253561E+1	-5.05020000E+5	-4.74936000E+5	2.60000000E+2	9.09000000E+3	6.00510000E+1	6.00460000E+1	4.33001366E+0	1.35418228E+2	1.51371334E+2
9.66200000E+3	7.95176127E+1	-5.05665000E+5	-4.75584000E+5	2.14000000E+2	9.05000000E+3	6.00500000E+1	6.00450000E+1	3.56399367E+0	1.34671107E+2	1.50707744E+2
9.66225000E+3	7.95098752E+1	-5.06310000E+5	-4.76232000E+5	1.98000000E+2	8.87800000E+3	6.00510000E+1	6.00460000E+1	3.29747194E+0	1.32603953E+2	1.47841002E+2
9.66250000E+3	7.95021436E+1	-5.06954000E+5	-4.76880000E+5	2.22000000E+2	8.91000000E+3	6.00510000E+1	6.00460000E+1	3.69716551E+0	1.32204293E+2	1.48373882E+2
9.66275000E+3	7.94944177E+1	-5.07598000E+5	-4.77527000E+5	2.22000000E+2	9.05000000E+3	6.00500000E+1	6.00440000E+1	3.69728865E+0	1.34421316E+2	1.50707744E+2
9.66300000E+3	7.94866977E+1	-5.08241000E+5	-4.78173000E+5	2.35000000E+2	8.73800000E+3	6.00500000E+1	6.00450000E+1	3.91373137E+0	1.31140716E+2	1.45512073E+2
9.66325000E+3	7.94789835E+1	-5.08884000E+5	-4.78819000E+5	2.29000000E+2	8.83000000E+3	6.00500000E+1	6.00450000E+1	3.81380631E+0	1.32206495E+2	1.47044130E+2
9.66350000E+3	7.94712751E+1	-5.09526000E+5	-4.79464000E+5	2.49000000E+2	8.80000000E+3	6.00500000E+1	6.00440000E+1	4.14695890E+0	1.30990841E+2	1.46544546E+2
9.66375000E+3	7.94635725E+1	-5.10168000E+5	-4.80109000E+5	2.23000000E+2	8.67200000E+3	6.00510000E+1	6.00460000E+1	3.71381941E+0	1.29822984E+2	1.44410584E+2
9.66400000E+3	7.94558757E+1	-5.10809000E+5	-4.80753000E+5	2.10000000E+2	8.81100000E+3	6.00510000E+1	6.00460000E+1	3.49731872E+0	1.31388320E+2	1.46725284E+2
9.66425000E+3	7.94481846E+1	-5.11449000E+5	-4.81397000E+5	2.19000000E+2	8.68100000E+3	6.00500000E+1	6.00450000E+1	3.64726455E+0	1.29691923E+2	1.44562864E+2
9.66450000E+3	7.94404993E+1	-5.12089000E+5	-4.82040000E+5	2.07000000E+2	8.80300000E+3	6.00520000E+1	6.00460000E+1	3.44735703E+0	1.31269566E+2	1.46589622E+2
9.66475000E+3	7.94328197E+1	-5.12728000E+5	-4.82683000E+5	2.29000000E+2	8.58000000E+3	6.00520000E+1	6.00470000E+1	3.81367928E+0	1.28904949E+2	1.42876174E+2
9.66500000E+3	7.94251458E+1	-5.13367000E+5	-4.83325000E+5	2.28000000E+2	8.71800000E+3	6.00510000E+1	6.00450000E+1	3.79715214E+0	1.30539042E+2	1.45176600E+2
9.66525000E+3	7.94174777E+1	-5.14006000E+5	-4.83966000E+5	2.20000000E+2	8.92300000E+3	6.00500000E+1	6.00450000E+1	3.66391873E+0	1.32722731E+2	1.48592839E+2
9.66550000E+3	7.94098152E+1	-5.14643000E+5	-4.84607000E+5	2.01000000E+2	8.66300000E+3	6.00500000E+1	6.00450000E+1	3.34748938E+0	1.29125729E+2	1.44263114E+2
9.66575000E+3	7.94021585E+1	-5.15281000E+5	-4.85247000E+5	1.97000000E+2	8.56000000E+3	6.00520000E+1	6.00470000E+1	3.28076340E+0	1.27173117E+2	1.42543129E+2
9.66600000E+3	7.93945074E+1	-5.15917000E+5	-4.85887000E+5	1.94000000E+2	8.63900000E+3	6.00510000E+1	6.00450000E+1	3.23091015E+0	1.29090273E+2	1.43861051E+2
9.66625000E+3	7.93868620E+1	-5.16553000E+5	-4.86527000E+5	2.03000000E+2	8.52900000E+3	6.00510000E+1	6.00460000E+1	3.38074143E+0	1.26942099E+2	1.42029275E+2
9.66650000E+3	7.93792222E+1	-5.17189000E+5	-4.87165000E+5	2.02000000E+2	8.58800000E+3	6.00500000E+1	6.00450000E+1	3.36414356E+0	1.28226478E+2	1.43014155E+2
9.66675000E+3	7.93715881E+1	-5.17824000E+5	-4.87804000E+5	1.94000000E+2	8.57500000E+3	6.00500000E+1	6.00440000E+1	3.23096396E+0	1.27976686E+2	1.42797669E+2
9.66700000E+3	7.93639596E+1	-5.18459000E+5	-4.88441000E+5	1.46000000E+2	8.46800000E+3	6.00500000E+1	6.00450000E+1	2.43150970E+0	1.26444629E+2	1.41015820E+2
9.66725000E+3	7.93563367E+1	-5.19093000E+5	-4.89078000E+5	1.75000000E+2	8.39700000E+3	6.00510000E+1	6.00450000E+1	2.91448081E+0	1.24211087E+2	1.39831144E+2
9.66750000E+3	7.93487194E+1	-5.19726000E+5	-4.89715000E+5	1.63000000E+2	8.27200000E+3	6.00520000E+1	6.00470000E+1	2.71454028E+0	1.23243189E+2	1.37747286E+2
9.66775000E+3	7.93411078E+1	-5.20359000E+5	-4.90351000E+5	1.79000000E+2	8.38500000E+3	6.00500000E+1	6.00450000E+1	2.98109751E+0	1.25212323E+2	1.39633639E+2
9.66800000E+3	7.93335017E+1	-5.20991000E+5	-4.90987000E+5	1.70000000E+2	8.30700000E+3	6.00510000E+1	6.00460000E+1	2.83116278E+0	1.23411767E+2	1.38332417E+2
9.66825000E+3	7.93259011E+1	-5.21623000E+5	-4.91622000E+5	1.59000000E+2	8.29300000E+3	6.00510000E+1	6.00460000E+1	2.64796989E+0	1.23095369E+2	1.38099282E+2
9.66850000E+3	7.93183062E+1	-5.22254000E+5	-4.92256000E+5	1.60000000E+2	8.56800000E+3	6.00510000E+1	6.00450000E+1	2.66466817E+0	1.26875489E+2	1.42678723E+2
9.66875000E+3	7.93107168E+1	-5.22885000E+5	-4.92890000E+5	1.63000000E+2	8.13400000E+3	6.00510000E+1	6.00460000E+1	2.71458548E+0	1.21013805E+2	1.35451533E+2
9.66900000E+3	7.93031329E+1	-5.23515000E+5	-4.93524000E+5	1.53000000E+2	8.35400000E+3	6.00500000E+1	6.00450000E+1	2.54808893E+0	1.24263114E+2	1.39117402E+2
9.66925000E+3	7.92955545E+1	-5.24145000E+5	-4.94156000E+5	1.57000000E+2	8.27000000E+3	6.00510000E+1	6.00460000E+1	2.61466209E+0	1.22828929E+2	1.37716275E+2
9.66950000E+3	7.92879817E+1	-5.24774000E+5	-4.94789000E+5	1.41000000E+2	8.32200000E+3	6.00510000E+1	6.00460000E+1	2.34819971E+0	1.24211087E+2	1.38582205E+2
9.66975000E+3	7.92804143E+1	-5.25403000E+5	-4.95421000E+5	1.48000000E+2	8.20100000E+3	6.00510000E+1	6.00460000E+1	2.46477700E+0	1.21413465E+2	1.36567251E+2
9.67000000E+3	7.92728525E+1	-5.26031000E+5	-4.96052000E+5	1.58000000E+2	8.21900000E+3	6.00510000E+1	6.00460000E+1	2.63131599E+0	1.21546685E+2	1.36866996E+2
9.67025000E+3	7.92652961E+1	-5.26659000E+5	-4.96683000E+5	1.52000000E+2	8.29000000E+3	6.00500000E+1	6.00450000E+1	2.53143476E+0	1.22664446E+2	1.38051624E+2
9.67050000E+3	7.92577452E+1	-5.27286000E+5	-4.97313000E+5	1.60000000E+2	8.12400000E+3	6.00510000E+1	6.00460000E+1	2.66462379E+0	1.21180330E+2	1.35285008E+2
9.67075000E+3	7.92501998E+1	-5.27913000E+5	-4.97943000E+5	1.60000000E+2	8.40100000E+3	6.00500000E+1	6.00450000E+1	2.66466817E+0	1.25445462E+2	1.39900083E+2
9.67100000E+3	7.92426598E+1	-5.28539000E+5	-4.98572000E+5	1.38000000E+2	8.09700000E+3	6.00510000E+1	6.00460000E+1	2.29823802E+0	1.20830627E+2	1.34835390E+2
9.67125000E+3	7.92351252E+1	-5.29164000E+5	-4.99201000E+5	1.62000000E+2	8.21200000E+3	6.00490000E+1	6.00440000E+1	2.69802145E+0	1.22416693E+2	1.36754983E+2
9.67150000E+3	7.92275961E+1	-5.29789000E+5	-4.99829000E+5	1.41000000E+2	8.21100000E+3	6.00500000E+1	6.00450000E+1	2.34823882E+0	1.21681932E+2	1.36736053E+2
9.67175000E+3	7.92200724E+1	-5.30414000E+5	-5.00457000E+5	1.46000000E+2	8.20600000E+3	6.00500000E+1	6.00450000E+1	2.43150970E+0	1.22014988E+2	1.36652789E+2
9.67200000E+3	7.92125541E+1	-5.31038000E+5	-5.01084000E+5	1.53000000E+2	8.38000000E+3	6.00490000E+1	6.00440000E+1	2.54813137E+0	1.25231061E+2	1.39552699E+2
9.67225000E+3	7.92050411E+1	-5.31661000E+5	-5.01711000E+5	1.68000000E+2	8.13900000E+3	6.00510000E+1	6.00460000E+1	2.79785498E+0	1.20880585E+2	1.35534795E+2
9.67250000E+3	7.91975336E+1	-5.32284000E+5	-5.02337000E+5	1.47000000E+2	8.17500000E+3	6.00500000E+1	6.00460000E+1	2.44812311E+0	1.21648626E+2	1.36136553E+2
9.67275000E+3	7.91900314E+1	-5.32907000E+5	-5.02962000E+5	1.36000000E+2	8.09100000E+3	6.00500000E+1	6.00460000E+1	2.26493022E+0	1.20632806E+2	1.34737719E+2
9.67300000E+3	7.91825346E+1	-5.33529000E+5	-5.03587000E+5	1.45000000E+2	8.12400000E+3	6.00500000E+1	6.00450000E+1	2.41485553E+0	1.21781848E+2	1.35287261E+2
9.67325000E+3	7.91750431E+1	-5.34150000E+5	-5.04212000E+5	1.53000000E+2	8.31600000E+3	6.00510000E+1	6.00460000E+1	2.54804650E+0	1.23977952E+2	1.38482290E+2
9.67350000E+3	7.91675570E+1	-5.34771000E+5	-5.04836000E+5	1.65000000E+2	8.19100000E+3	6.00510000E+1	6.00460000E+1	2.74789328E+0	1.20930542E+2	1.36400726E+2
9.67375000E+3	7.91600762E+1	-5.35392000E+5	-5.05460000E+5	1.47000000E+2	8.07300000E+3	6.00510000E+1	6.00460000E+1	2.44812311E+0	1.19764867E+2	1.34435730E+2
9.67400000E+3	7.91526007E+1	-5.36011000E+5	-5.06083000E+5	1.52000000E+2	8.08700000E+3	6.00510000E+1	6.00460000E+1	2.53139260E+0	1.20331052E+2	1.34668865E+2
9.67425000E+3	7.91451305E+1	-5.36631000E+5	-5.06705000E+5	1.55000000E+2	8.07400000E+3	6.00510000E+1	6.00460000E+1	2.58135430E+0	1.20497577E+2	1.34452382E+2
9.67450000E+3	7.91376656E+1	-5.37250000E+5	-5.07327000E+5	1.50000000E+2	8.19200000E+3	6.00510000E+1	6.00460000E+1	2.49808480E+0	1.21779820E+2	1.36417379E+2
9.67475000E+3	7.91302060E+1	-5.37868000E+5	-5.07949000E+5	1.52000000E+2	8.12600000E+3	6.00510000E+1	6.00470000E+1	2.53135044E+0	1.20797322E+2	1.35318313E+2
9.67500000E+3	7.91227517E+1	-5.38486000E+5	-5.08570000E+5	1.40000000E+2	8.10700000E+3	6.00510000E+1	6.00460000E+1	2.33154581E+0	1.20114569E+2	1.35001915E+2
9.67525000E+3	7.91153026E+1	-5.39103000E+5	-5.09191000E+5	1.42000000E+2	7.94200000E+3	6.00510000E+1	6.00460000E+1	2.36485361E+0	1.16900634E+2	1.32254251E+2
9.67550000E+3	7.91078588E+1	-5.39720000E+5	-5.09811000E+5	1.44000000E+2	8.07500000E+3	6.00500000E+1	6.00460000E+1	2.39816141E+0	1.20432973E+2	1.34471274E+2
9.67575000E+3	7.91004202E+1	-5.40337000E+5	-5.10430000E+5	1.52000000E+2	8.04600000E+3	6.00520000E+1	6.00480000E+1	2.53130829E+0	1.19313262E+2	1.33983881E+2
9.67600000E+3	7.90929869E+1	-5.40953000E+5	-5.11049000E+5	1.48000000E+2	8.15500000E+3	6.00510000E+1	6.00460000E+1	2.46477700E+0	1.21097067E+2	1.35801236E+2
9.67625000E+3	7.90855588E+1	-5.41568000E+5	-5.11668000E+5	1.26000000E+2	7.86300000E+3	6.00510000E+1	6.00470000E+1	2.09835629E+0	1.17333600E+2	1.30938702E+2
9.67650000E+3	7.90781359E+1	-5.42183000E+5	-5.12286000E+5	1.42000000E+2	7.98400000E+3	6.00500000E+1	6.00450000E+1	2.36489300E+0	1.18701082E+2	1.32955870E+2
9.67675000E+3	7.90707181E+1	-5.42797000E+5	-5.12903000E+5	1.36000000E+2	8.01700000E+3	6.00530000E+1	6.00480000E+1	2.26485478E+0	1.19194711E+2	1.33498743E+2
9.67700000E+3	7.90633056E+1	-5.43411000E+5	-5.13521000E+5	1.38000000E+2	7.85200000E+3	6.00510000E+1	6.00470000E+1	2.29819974E+0	1.16101314E+2	1.30755524E+2
9.67725000E+3	7.90558983E+1	-5.44025000E+5	-5.14137000E+5	1.20000000E+2	7.93300000E+3	6.00510000E+1	6.00460000E+1	1.99846784E+0	1.17300295E+2	1.32104378E+2
9.67750000E+3	7.90484961E+1	-5.44638000E+5	-5.14753000E+5	1.32000000E+2	7.93700000E+3	6.00500000E+1	6.00450000E+1	2.19835124E+0	1.17285595E+2	1.32173189E+2
9.67775000E+3	7.90410991E+1	-5.45250000E+5	-5.15369000E+5	1.25000000E+2	7.98400000E+3	6.00500000E+1	6.00450000E+1	2.08177200E+0	1.19067444E+2	1.32955870E+2
9.67800000E+3	7.90337072E+1	-5.45862000E+5	-5.15984000E+5	1.31000000E+2	7.92500000E+3	6.00510000E+1	6.00460000E+1	2.18166073E+0	1.17100465E+2	1.31971158E+2
9.67825000E+3	7.90263205E+1	-5.46473000E+5	-5.16598000E+5	1.18000000E+2	7.93500000E+3	6.00510000E+1	6.00460000E+1	1.96516004E+0	1.18116268E+2	1.32137683E+2
9.67850000E+3	7.90189389E+1	-5.47084000E+5	-5.17213000E+5	1.42000000E+2	7.79700000E+3	6.00510000E+1	6.00460000E+1	2.36485361E+0	1.15268688E+2	1.29839636E+2
9.67875000E+3	7.90115625E+1	-5.47695000E+5	-5.17826000E+5	1.47000000E+2	7.89900000E+3	6.00510000E+1	6.00460000E+1	2.44812311E+0	1.18099615E+2	1.31538193E+2
9.67900000E+3	7.90041911E+1	-5.48305000E+5	-5.18439000E+5	1.18000000E+2	7.75600000E+3	6.00520000E+1	6.00480000E+1	1.96509459E+0	1.14500766E+2	1.29154733E+2
9.67925000E+3	7.89968248E+1	-5.48914000E+5	-5.19052000E+5	1.25000000E+2	7.97600000E+3	6.00500000E+1	6.00450000E+1	2.08177200E+0	1.18734388E+2	1.32822648E+2
9.67950000E+3	7.89894637E+1	-5.49523000E+5	-5.19664000E+5	1.19000000E+2	7.76600000E+3	6.00510000E+1	6.00460000E+1	1.98181394E+0	1.15685001E+2	1.29323408E+2
9.67975000E+3	7.89821076E+1	-5.50132000E+5	-5.20276000E+5	1.20000000E+2	7.78600000E+3	6.00500000E+1	6.00460000E+1	1.99846784E+0	1.15587011E+2	1.29658618E+2
9.68000000E+3	7.89747565E+1	-5.50740000E+5	-5.20887000E+5	1.40000000E+1	8.19000000E+2	6.05100000E+0	6.05100000E+0	2.31366716E+0	1.20641216E+2	1.35349529E+2
9.68025000E+3	7.89674106E+1	-5.51347000E+5	-5.21498000E+5	1.10000000E+1	6.98000000E+2	6.04900000E+0	6.04900000E+0	1.81848239E+0	1.03157547E+2	1.15390974E+2
9.68050000E+3	7.89600697E+1	-5.51954000E+5	-5.22108000E+5	1.60000000E+1	8.06000000E+2	6.05100000E+0	6.05100000E+0	2.64419104E+0	1.15683358E+2	1.33201124E+2
9.68075000E+3	7.89527338E+1	-5.52561000E+5	-5.22718000E+5	1.40000000E+1	7.60000000E+2	6.05100000E+0	6.05100000E+0	2.31366716E+0	1.14857048E+2	1.25599075E+2
9.68100000E+3	7.89454030E+1	-5.53167000E+5	-5.23327000E+5	1.60000000E+1	8.13000000E+2	6.05000000E+0	6.05000000E+0	2.64462810E+0	1.20330579E+2	1.34380165E+2
9.68125000E+3	7.89380771E+1	-5.53773000E+5	-5.23936000E+5	1.30000000E+1	7.34000000E+2	6.05000000E+0	6.05000000E+0	2.14876033E+0	1.08429752E+2	1.21322314E+2
9.68150000E+3	7.89307563E+1	-5.54378000E+5	-5.24544000E+5	1.20000000E+1	7.60000000E+2	6.05000000E+0	6.05000000E+0	1.98347107E+0	1.13223140E+2	1.25619835E+2
9.68175000E+3	7.89234405E+1	-5.54982000E+5	-5.25152000E+5	1.20000000E+1	7.49000000E+2	6.05000000E+0	6.05000000E+0	1.98347107E+0	1.09586777E+2	1.23801653E+2
9.68200000E+3	7.89161297E+1	-5.55587000E+5	-5.25759000E+5	1.40000000E+1	8.11000000E+2	6.04900000E+0	6.04900000E+0	2.31443214E+0	1.18366672E+2	1.34071747E+2
9.68225000E+3	7.89088239E+1	-5.56190000E+5	-5.26366000E+5	1.10000000E+1	7.96000000E+2	6.05000000E+0	6.05000000E+0	1.81818182E+0	1.17685950E+2	1.31570248E+2
9.68250000E+3	7.89015230E+1	-5.56794000E+5	-5.26972000E+5	1.10000000E+1	8.00000000E+2	6.05000000E+0	6.05000000E+0	1.81818182E+0	1.20826446E+2	1.32231405E+2
9.68275000E+3	7.88942271E+1	-5.57396000E+5	-5.27578000E+5	1.20000000E+1	7.93000000E+2	6.04900000E+0	6.04800000E+0	1.98412698E+0	1.15390974E+2	1.31096049E+2
9.68300000E+3	7.88869362E+1	-5.57999000E+5	-5.28184000E+5	1.90000000E+1	8.20000000E+2	6.05000000E+0	6.04900000E+0	3.14101504E+0	1.21157025E+2	1.35537190E+2
9.68325000E+3	7.88796502E+1	-5.58600000E+5	-5.28789000E+5	1.70000000E+1	8.10000000E+2	6.05100000E+0	6.05000000E+0	2.80991736E+0	1.19980169E+2	1.33862172E+2
9.68350000E+3	7.88723691E+1	-5.59202000E+5	-5.29393000E+5	1.40000000E+1	7.95000000E+2	6.04900000E+0	6.04900000E+0	2.31443214E+0	1.16713506E+2	1.31426682E+2
9.68375000E+3	7.88650930E+1	-5.59803000E+5	-5.29997000E+5	1.10000000E+1	8.08000000E+2	6.04900000E+0	6.04900000E+0	1.81848239E+0	1.17705406E+2	1.33575798E+2
9.68400000E+3	7.88578217E+1	-5.60403000E+5	-5.30601000E+5	2.10000000E+1	7.94000000E+2	6.05000000E+0	6.05000000E+0	3.47107438E+0	1.16033058E+2	1.31239669E+2
9.68425000E+3	7.88505554E+1	-5.61003000E+5	-5.31204000E+5	7.00000000E+0	7.71000000E+2	6.05000000E+0	6.05000000E+0	1.15702479E+0	1.13553719E+2	1.27438017E+2
9.68450000E+3	7.88432940E+1	-5.61602000E+5	-5.31806000E+5	8.00000000E+0	7.13000000E+2	6.05000000E+0	6.05000000E+0	1.32231405E+0	1.04793388E+2	1.17851240E+2
9.68475000E+3	7.88360375E+1	-5.62201000E+5	-5.32408000E+5	1.20000000E+1	7.81000000E+2	6.04900000E+0	6.04900000E+0	1.98379898E+0	1.14729707E+2	1.29112250E+2
9.68500000E+3	7.88287858E+1	-5.62800000E+5	-5.33010000E+5	1.40000000E+1	7.59000000E+2	6.05100000E+0	6.05100000E+0	2.31366716E+0	1.11221286E+2	1.25433813E+2
9.68525000E+3	7.88215391E+1	-5.63398000E+5	-5.33611000E+5	1.50000000E+1	8.01000000E+2	6.04900000E+0	6.04900000E+0	2.47974872E+0	1.18697305E+2	1.32418582E+2
9.68550000E+3	7.88142971E+1	-5.63995000E+5	-5.34212000E+5	1.50000000E+1	7.47000000E+2	6.04900000E+0	6.04900000E+0	2.47974872E+0	1.11423376E+2	1.23491486E+2
9.68575000E+3	7.88070601E+1	-5.64593000E+5	-5.34812000E+5	1.80000000E+1	7.96000000E+2	6.05000000E+0	6.05000000E+0	2.97520661E+0	1.16859504E+2	1.31570248E+2
9.68600000E+3	7.87998278E+1	-5.65189000E+5	-5.35412000E+5	1.70000000E+1	7.16000000E+2	6.04900000E+0	6.04900000E+0	2.81038188E+0	1.04810713E+2	1.18366672E+2
9.68625000E+3	7.87926004E+1	-5.65785000E+5	-5.36011000E+5	1.70000000E+1	8.24000000E+2	6.04900000E+0	6.04900000E+0	2.81038188E+0	1.20515788E+2	1.36220863E+2
9.68650000E+3	7.87853779E+1	-5.66381000E+5	-5.36610000E+5	1.20000000E+1	7.81000000E+2	6.05000000E+0	6.04900000E+0	1.98379898E+0	1.18512397E+2	1.29090909E+2
9.68675000E+3	7.87781601E+1	-5.66976000E+5	-5.37209000E+5	1.10000000E+1	7.57000000E+2	6.04900000E+0	6.04900000E+0	1.81848239E+0	1.09274260E+2	1.25144652E+2
9.68700000E+3	7.87709472E+1	-5.67571000E+5	-5.37807000E+5	1.10000000E+1	7.70000000E+2	6.04900000E+0	6.04900000E+0	1.81848239E+0	1.11588692E+2	1.27293768E+2
9.68725000E+3	7.87637390E+1	-5.68166000E+5	-5.38404000E+5	1.20000000E+1	7.49000000E+2	6.04900000E+0	6.04900000E+0	1.98379898E+0	1.10596793E+2	1.23822119E+2
9.68750000E+3	7.87565357E+1	-5.68759000E+5	-5.39001000E+5	1.40000000E+1	7.71000000E+2	6.04900000E+0	6.04900000E+0	2.31443214E+0	1.13572491E+2	1.27459084E+2
9.68775000E+3	7.87493371E+1	-5.69353000E+5	-5.39598000E+5	1.60000000E+1	7.95000000E+2	6.05000000E+0	6.05000000E+0	2.64462810E+0	1.17190083E+2	1.31404959E+2
9.68800000E+3	7.87421433E+1	-5.69946000E+5	-5.40194000E+5	1.00000000E+1	7.52000000E+2	6.04900000E+0	6.04900000E+0	1.65316581E+0	1.09274260E+2	1.24318069E+2
9.68825000E+3	7.87349542E+1	-5.70538000E+5	-5.40790000E+5	1.30000000E+1	7.66000000E+2	6.05000000E+0	6.05000000E+0	2.14876033E+0	1.12231405E+2	1.26611570E+2
9.68850000E+3	7.87277699E+1	-5.71130000E+5	-5.41385000E+5	1.30000000E+1	7.84000000E+2	6.05000000E+0	6.05000000E+0	2.14876033E+0	1.16363636E+2	1.29586777E+2
9.68875000E+3	7.87205904E+1	-5.71722000E+5	-5.41980000E+5	1.10000000E+1	7.75000000E+2	6.04900000E+0	6.04900000E+0	1.81848239E+0	1.13572491E+2	1.28120350E+2
9.68900000E+3	7.87134155E+1	-5.72313000E+5	-5.42574000E+5	1.80000000E+1	7.68000000E+2	6.05000000E+0	6.05000000E+0	2.97520661E+0	1.11735537E+2	1.26942149E+2
9.68925000E+3	7.87062455E+1	-5.72904000E+5	-5.43168000E+5	1.10000000E+1	7.41000000E+2	6.05000000E+0	6.05000000E+0	1.81818182E+0	1.09917355E+2	1.22479339E+2
9.68950000E+3	7.86990801E+1	-5.73494000E+5	-5.43761000E+5	1.40000000E+1	7.62000000E+2	6.05100000E+0	6.05100000E+0	2.31366716E+0	1.13369691E+2	1.25929598E+2
9.68975000E+3	7.86919194E+1	-5.74084000E+5	-5.44354000E+5	1.60000000E+1	7.37000000E+2	6.04900000E+0	6.04900000E+0	2.64506530E+0	1.07125145E+2	1.21838320E+2
9.69000000E+3	7.86847634E+1	-5.74673000E+5	-5.44947000E+5	6.00000000E+0	7.22000000E+2	6.05000000E+0	6.05000000E+0	9.91735537E-1	1.05454545E+2	1.19338843E+2
9.69025000E+3	7.86776122E+1	-5.75262000E+5	-5.45539000E+5	5.00000000E+0	7.20000000E+2	6.05000000E+0	6.05000000E+0	8.26446281E-1	1.06115702E+2	1.19008264E+2
9.69050000E+3	7.86704656E+1	-5.75851000E+5	-5.46130000E+5	1.30000000E+1	7.68000000E+2	6.05100000E+0	6.05100000E+0	2.14840522E+0	1.13039167E+2	1.26921170E+2
9.69075000E+3	7.86633237E+1	-5.76439000E+5	-5.46721000E+5	1.90000000E+1	7.77000000E+2	6.04800000E+0	6.04800000E+0	3.14153439E+0	1.14583333E+2	1.28472222E+2
9.69100000E+3	7.86561864E+1	-5.77026000E+5	-5.47312000E+5	1.00000000E+1	7.08000000E+2	6.04900000E+0	6.04900000E+0	1.65316581E+0	1.03653496E+2	1.17044140E+2
9.69125000E+3	7.86490538E+1	-5.77613000E+5	-5.47902000E+5	1.00000000E+1	6.98000000E+2	6.05000000E+0	6.05000000E+0	1.65289256E+0	1.02479339E+2	1.15371901E+2
9.69150000E+3	7.86419259E+1	-5.78200000E+5	-5.48492000E+5	1.80000000E+1	7.36000000E+2	6.05000000E+0	6.05000000E+0	2.97520661E+0	1.08264463E+2	1.21652893E+2
9.69175000E+3	7.86348026E+1	-5.78786000E+5	-5.49082000E+5	1.80000000E+1	7.30000000E+2	6.05000000E+0	6.05000000E+0	2.97520661E+0	1.09917355E+2	1.20661157E+2
9.69200000E+3	7.86276839E+1	-5.79372000E+5	-5.49670000E+5	1.70000000E+1	7.79000000E+2	6.05100000E+0	6.05100000E+0	2.80945298E+0	1.14196001E+2	1.28739051E+2
9.69225000E+3	7.86205698E+1	-5.79957000E+5	-5.50259000E+5	1.20000000E+1	7.39000000E+2	6.05000000E+0	6.05000000E+0	1.98347107E+0	1.08595041E+2	1.22148760E+2
9.69250000E+3	7.86134604E+1	-5.80542000E+5	-5.50847000E+5	9.00000000E+0	7.60000000E+2	6.05000000E+0	6.05000000E+0	1.48760331E+0	1.12396694E+2	1.25619835E+2
9.69275000E+3	7.86063556E+1	-5.81127000E+5	-5.51435000E+5	1.20000000E+1	7.43000000E+2	6.04900000E+0	6.04900000E+0	1.98379898E+0	1.09274260E+2	1.22830220E+2
9.69300000E+3	7.85992553E+1	-5.81711000E+5	-5.52022000E+5	1.00000000E+1	6.99000000E+2	6.05000000E+0	6.05000000E+0	1.65289256E+0	1.02809917E+2	1.15537190E+2
9.69325000E+3	7.85921597E+1	-5.82294000E+5	-5.52608000E+5	1.40000000E+1	7.25000000E+2	6.04900000E+0	6.04900000E+0	2.31443214E+0	1.06463878E+2	1.19854521E+2
9.69350000E+3	7.85850686E+1	-5.82877000E+5	-5.53195000E+5	8.00000000E+0	7.45000000E+2	6.05100000E+0	6.05100000E+0	1.32209552E+0	1.07916047E+2	1.23120145E+2
9.69375000E+3	7.85779821E+1	-5.83460000E+5	-5.53780000E+5	1.50000000E+1	7.39000000E+2	6.05000000E+0	6.05000000E+0	2.47933884E+0	1.08595041E+2	1.22148760E+2
9.69400000E+3	7.85709002E+1	-5.84042000E+5	-5.54366000E+5	1.30000000E+1	7.15000000E+2	6.05000000E+0	6.05000000E+0	2.14876033E+0	1.06115702E+2	1.18181818E+2
9.69425000E+3	7.85638228E+1	-5.84624000E+5	-5.54951000E+5	1.10000000E+1	6.69000000E+2	6.05000000E+0	6.05000000E+0	1.81818182E+0	1.00661157E+2	1.10578512E+2
9.69450000E+3	7.85567500E+1	-5.85205000E+5	-5.55535000E+5	1.30000000E+1	7.30000000E+2	6.05100000E+0	6.05100000E+0	2.14840522E+0	1.11221286E+2	1.20641216E+2
9.69475000E+3	7.85496817E+1	-5.85786000E+5	-5.56119000E+5	9.00000000E+0	7.53000000E+2	6.04900000E+0	6.04900000E+0	1.48784923E+0	1.12249959E+2	1.24483386E+2
9.69500000E+3	7.85426180E+1	-5.86367000E+5	-5.56703000E+5	1.00000000E+1	6.90000000E+2	6.05000000E+0	6.05000000E+0	1.65289256E+0	1.03801653E+2	1.14049587E+2
9.69525000E+3	7.85355588E+1	-5.86947000E+5	-5.57286000E+5	1.10000000E+1	7.30000000E+2	6.05000000E+0	6.05000000E+0	1.81818182E+0	1.05123967E+2	1.20661157E+2
9.69550000E+3	7.85285041E+1	-5.87526000E+5	-5.57869000E+5	1.30000000E+1	6.93000000E+2	6.04900000E+0	6.04900000E+0	2.14911556E+0	1.00347165E+2	1.14564391E+2
9.69575000E+3	7.85214539E+1	-5.88106000E+5	-5.58451000E+5	9.00000000E+0	6.68000000E+2	6.04900000E+0	6.05000000E+0	1.48760331E+0	9.73714664E+1	1.10431476E+2
9.69600000E+3	7.85144082E+1	-5.88684000E+5	-5.59033000E+5	1.00000000E+1	7.58000000E+2	6.05000000E+0	6.05000000E+0	1.65289256E+0	1.10247934E+2	1.25289256E+2
9.69625000E+3	7.85073669E+1	-5.89263000E+5	-5.59615000E+5	1.10000000E+1	7.50000000E+2	6.04900000E+0	6.04900000E+0	1.81848239E+0	1.10596793E+2	1.23987436E+2
9.69650000E+3	7.85003302E+1	-5.89841000E+5	-5.60196000E+5	7.00000000E+0	6.71000000E+2	6.04900000E+0	6.04900000E+0	1.15721607E+0	9.60489337E+1	1.10927426E+2
9.69675000E+3	7.84932980E+1	-5.90418000E+5	-5.60776000E+5	1.10000000E+1	7.20000000E+2	6.05000000E+0	6.05000000E+0	1.81818182E+0	1.04628099E+2	1.19008264E+2
9.69700000E+3	7.84862702E+1	-5.90995000E+5	-5.61357000E+5	1.70000000E+1	7.64000000E+2	6.04900000E+0	6.04900000E+0	2.81038188E+0	1.10431476E+2	1.26301868E+2
9.69725000E+3	7.84792469E+1	-5.91572000E+5	-5.61936000E+5	1.60000000E+1	7.44000000E+2	6.05000000E+0	6.05000000E+0	2.64462810E+0	1.08925620E+2	1.22975207E+2
9.69750000E+3	7.84722280E+1	-5.92148000E+5	-5.62516000E+5	1.00000000E+1	7.12000000E+2	6.05100000E+0	6.05100000E+0	1.65261940E+0	1.04280284E+2	1.17666501E+2
9.69775000E+3	7.84652136E+1	-5.92724000E+5	-5.63095000E+5	1.00000000E+1	6.64000000E+2	6.05000000E+0	6.05000000E+0	1.65289256E+0	9.53719008E+1	1.09752066E+2
9.69800000E+3	7.84582036E+1	-5.93299000E+5	-5.63673000E+5	1.50000000E+1	6.81000000E+2	6.04900000E+0	6.04900000E+0	2.47974872E+0	1.01339064E+2	1.12580592E+2
9.69825000E+3	7.84511980E+1	-5.93874000E+5	-5.64251000E+5	7.00000000E+0	6.92000000E+2	6.05000000E+0	6.05000000E+0	1.15702479E+0	1.02148760E+2	1.14380165E+2
9.69850000E+3	7.84441969E+1	-5.94448000E+5	-5.64829000E+5	9.00000000E+0	7.07000000E+2	6.05000000E+0	6.05000000E+0	1.48760331E+0	1.03305785E+2	1.16859504E+2
9.69875000E+3	7.84372001E+1	-5.95023000E+5	-5.65406000E+5	1.10000000E+1	6.69000000E+2	6.05000000E+0	6.05000000E+0	1.81818182E+0	9.57024793E+1	1.10578512E+2
9.69900000E+3	7.84302078E+1	-5.95596000E+5	-5.65983000E+5	1.30000000E+1	7.10000000E+2	6.04800000E+0	6.04800000E+0	2.14947090E+0	1.02513228E+2	1.17394180E+2
9.69925000E+3	7.84232199E+1	-5.96169000E+5	-5.66559000E+5	1.90000000E+1	7.66000000E+2	6.05000000E+0	6.05000000E+0	3.14049587E+0	1.12727273E+2	1.26611570E+2
9.69950000E+3	7.84162363E+1	-5.96742000E+5	-5.67135000E+5	1.70000000E+1	7.05000000E+2	6.04900000E+0	6.05000000E+0	2.80991736E+0	1.01835014E+2	1.16548190E+2
9.69975000E+3	7.84092572E+1	-5.97315000E+5	-5.67711000E+5	1.10000000E+1	7.38000000E+2	6.05000000E+0	6.05000000E+0	1.81818182E+0	1.10578512E+2	1.21983471E+2
9.70000000E+3	7.84022824E+1	-5.97886000E+5	-5.68286000E+5	1.20000000E+1	6.84000000E+2	6.04900000E+0	6.04900000E+0	1.98379898E+0	1.01008431E+2	1.13076542E+2
