0.1m ZnCl2 in capillary, redone for longer time
k beta - VTC XES
Pd X-ray tube.  At 35 kV and 2.8 mA.  Ge 555 optic. 
***************************
Energy_(eV)	theta_(deg)	source_(ustep)	detect_(ustep)	ROI_counts	total_counts	real_time	live_time	cnts_per_live	ICR_(cnts/sec)	OCR_(cnts/sec)
9.55000000E+3	8.39082055E+1	-1.30004000E+5	-9.84830000E+4	4.90000000E+1	5.24600000E+3	6.04900000E+0	6.04600000E+0	8.10453192E+0	8.20796826E+2	8.67250785E+2
9.55025000E+3	8.38949558E+1	-1.31163000E+5	-9.96450000E+4	3.80000000E+1	5.24600000E+3	6.04900000E+0	6.04600000E+0	6.28514720E+0	8.14845429E+2	8.67250785E+2
9.55050000E+3	8.38817338E+1	-1.32318000E+5	-1.00804000E+5	4.40000000E+1	5.33100000E+3	6.05000000E+0	6.04700000E+0	7.27633537E+0	8.33388430E+2	8.81157025E+2
9.55075000E+3	8.38685393E+1	-1.33472000E+5	-1.01961000E+5	3.50000000E+1	5.06800000E+3	6.05000000E+0	6.04600000E+0	5.78895137E+0	7.88760331E+2	8.37685950E+2
9.55100000E+3	8.38553722E+1	-1.34623000E+5	-1.03115000E+5	4.10000000E+1	5.31000000E+3	6.05000000E+0	6.04700000E+0	6.78022160E+0	8.26115702E+2	8.77685950E+2
9.55125000E+3	8.38422322E+1	-1.35771000E+5	-1.04266000E+5	4.50000000E+1	5.29600000E+3	6.05100000E+0	6.04800000E+0	7.44047619E+0	8.25813915E+2	8.75227235E+2
9.55150000E+3	8.38291192E+1	-1.36917000E+5	-1.05415000E+5	3.30000000E+1	5.45600000E+3	6.05000000E+0	6.04700000E+0	5.45725153E+0	8.50578512E+2	9.01818182E+2
9.55175000E+3	8.38160331E+1	-1.38060000E+5	-1.06562000E+5	4.00000000E+1	5.32900000E+3	6.04900000E+0	6.04500000E+0	6.61703888E+0	8.28897338E+2	8.80972061E+2
9.55200000E+3	8.38029737E+1	-1.39201000E+5	-1.07706000E+5	3.90000000E+1	5.49500000E+3	6.05100000E+0	6.04700000E+0	6.44947908E+0	8.52916873E+2	9.08114361E+2
9.55225000E+3	8.37899407E+1	-1.40340000E+5	-1.08848000E+5	3.10000000E+1	5.53700000E+3	6.04900000E+0	6.04600000E+0	5.12735693E+0	8.60803439E+2	9.15357910E+2
9.55250000E+3	8.37769342E+1	-1.41476000E+5	-1.09987000E+5	5.20000000E+1	5.47600000E+3	6.04900000E+0	6.04600000E+0	8.60072775E+0	8.47743429E+2	9.05273599E+2
9.55275000E+3	8.37639539E+1	-1.42609000E+5	-1.11124000E+5	3.70000000E+1	5.53700000E+3	6.05000000E+0	6.04600000E+0	6.11974859E+0	8.56694215E+2	9.15206612E+2
9.55300000E+3	8.37509996E+1	-1.43741000E+5	-1.12259000E+5	4.40000000E+1	5.47800000E+3	6.05100000E+0	6.04700000E+0	7.27633537E+0	8.49281111E+2	9.05304908E+2
9.55325000E+3	8.37380712E+1	-1.44869000E+5	-1.13391000E+5	3.50000000E+1	5.61900000E+3	6.05100000E+0	6.04800000E+0	5.78703704E+0	8.67625186E+2	9.28606842E+2
9.55350000E+3	8.37251686E+1	-1.45996000E+5	-1.14521000E+5	3.40000000E+1	5.74700000E+3	6.05000000E+0	6.04600000E+0	5.62355276E+0	8.90578512E+2	9.49917355E+2
9.55375000E+3	8.37122916E+1	-1.47120000E+5	-1.15648000E+5	3.80000000E+1	5.67500000E+3	6.04900000E+0	6.04600000E+0	6.28514720E+0	8.81302695E+2	9.38171599E+2
9.55400000E+3	8.36994401E+1	-1.48242000E+5	-1.16773000E+5	3.50000000E+1	5.76600000E+3	6.04900000E+0	6.04600000E+0	5.78895137E+0	8.91387006E+2	9.53215408E+2
9.55425000E+3	8.36866138E+1	-1.49361000E+5	-1.17896000E+5	3.70000000E+1	5.61100000E+3	6.04900000E+0	6.04500000E+0	6.12076096E+0	8.72044966E+2	9.27591337E+2
9.55450000E+3	8.36738128E+1	-1.50479000E+5	-1.19016000E+5	4.20000000E+1	5.83300000E+3	6.04900000E+0	6.04600000E+0	6.94674165E+0	9.01636634E+2	9.64291618E+2
9.55475000E+3	8.36610367E+1	-1.51594000E+5	-1.20134000E+5	5.20000000E+1	5.82000000E+3	6.05000000E+0	6.04600000E+0	8.60072775E+0	9.00000000E+2	9.61983471E+2
9.55500000E+3	8.36482855E+1	-1.52706000E+5	-1.21250000E+5	3.70000000E+1	5.71800000E+3	6.04900000E+0	6.04600000E+0	6.11974859E+0	8.88245991E+2	9.45280212E+2
9.55525000E+3	8.36355591E+1	-1.53816000E+5	-1.22364000E+5	3.50000000E+1	5.78100000E+3	6.05000000E+0	6.04700000E+0	5.78799405E+0	9.00000000E+2	9.55537190E+2
9.55550000E+3	8.36228572E+1	-1.54924000E+5	-1.23475000E+5	3.80000000E+1	5.71200000E+3	6.05000000E+0	6.04600000E+0	6.28514720E+0	8.89256198E+2	9.44132231E+2
9.55575000E+3	8.36101798E+1	-1.56030000E+5	-1.24584000E+5	4.10000000E+1	5.83700000E+3	6.04900000E+0	6.04600000E+0	6.78134304E+0	9.05108282E+2	9.64952885E+2
9.55600000E+3	8.35975267E+1	-1.57134000E+5	-1.25691000E+5	3.40000000E+1	5.85800000E+3	6.05200000E+0	6.04800000E+0	5.62169312E+0	9.01520159E+2	9.67944481E+2
9.55625000E+3	8.35848978E+1	-1.58235000E+5	-1.26795000E+5	4.80000000E+1	5.78700000E+3	6.04900000E+0	6.04600000E+0	7.93913331E+0	8.94362705E+2	9.56687056E+2
9.55650000E+3	8.35722930E+1	-1.59334000E+5	-1.27898000E+5	2.70000000E+1	5.71900000E+3	6.05200000E+0	6.04900000E+0	4.46354769E+0	8.88962327E+2	9.44976867E+2
9.55675000E+3	8.35597120E+1	-1.60431000E+5	-1.28998000E+5	3.80000000E+1	5.83400000E+3	6.04900000E+0	6.04600000E+0	6.28514720E+0	8.98495619E+2	9.64456935E+2
9.55700000E+3	8.35471549E+1	-1.61526000E+5	-1.30096000E+5	4.10000000E+1	5.75700000E+3	6.04900000E+0	6.04600000E+0	6.78134304E+0	8.94528021E+2	9.51727558E+2
9.55725000E+3	8.35346214E+1	-1.62618000E+5	-1.31192000E+5	3.90000000E+1	5.93500000E+3	6.04900000E+0	6.04500000E+0	6.45161290E+0	9.19490825E+2	9.81153910E+2
9.55750000E+3	8.35221114E+1	-1.63709000E+5	-1.32285000E+5	3.90000000E+1	5.76000000E+3	6.04900000E+0	6.04500000E+0	6.45161290E+0	8.90064473E+2	9.52223508E+2
9.55775000E+3	8.35096248E+1	-1.64797000E+5	-1.33377000E+5	5.60000000E+1	5.68600000E+3	6.04900000E+0	6.04500000E+0	9.26385443E+0	8.79153579E+2	9.39990081E+2
9.55800000E+3	8.34971614E+1	-1.65883000E+5	-1.34466000E+5	3.30000000E+1	5.67500000E+3	6.05000000E+0	6.04600000E+0	5.45815415E+0	8.84297521E+2	9.38016529E+2
9.55825000E+3	8.34847212E+1	-1.66967000E+5	-1.35553000E+5	4.10000000E+1	5.69200000E+3	6.05000000E+0	6.04700000E+0	6.78022160E+0	8.87438017E+2	9.40826446E+2
9.55850000E+3	8.34723040E+1	-1.68049000E+5	-1.36638000E+5	4.60000000E+1	5.81900000E+3	6.04900000E+0	6.04500000E+0	7.60959471E+0	9.02132584E+2	9.61977186E+2
9.55875000E+3	8.34599097E+1	-1.69129000E+5	-1.37721000E+5	3.80000000E+1	5.69500000E+3	6.04900000E+0	6.04600000E+0	6.28514720E+0	8.85600926E+2	9.41477930E+2
9.55900000E+3	8.34475382E+1	-1.70206000E+5	-1.38802000E+5	4.30000000E+1	5.60800000E+3	6.04900000E+0	6.04600000E+0	7.11214026E+0	8.65597619E+2	9.27095388E+2
9.55925000E+3	8.34351893E+1	-1.71282000E+5	-1.39881000E+5	4.50000000E+1	5.78700000E+3	6.05000000E+0	6.04600000E+0	7.44293748E+0	8.97685950E+2	9.56528926E+2
9.55950000E+3	8.34228629E+1	-1.72355000E+5	-1.40958000E+5	4.40000000E+1	5.78300000E+3	6.05000000E+0	6.04600000E+0	7.27753887E+0	8.93223140E+2	9.55867769E+2
9.55975000E+3	8.34105589E+1	-1.73427000E+5	-1.42032000E+5	4.00000000E+1	5.63700000E+3	6.05000000E+0	6.04600000E+0	6.61594443E+0	8.75041322E+2	9.31735537E+2
9.56000000E+3	8.33982772E+1	-1.74496000E+5	-1.43105000E+5	5.60000000E+1	5.88000000E+3	6.05000000E+0	6.04600000E+0	9.26232220E+0	9.12396694E+2	9.71900826E+2
9.56025000E+3	8.33860176E+1	-1.75563000E+5	-1.44176000E+5	4.40000000E+1	5.67400000E+3	6.04900000E+0	6.04600000E+0	7.27753887E+0	8.79814845E+2	9.38006282E+2
9.56050000E+3	8.33737801E+1	-1.76629000E+5	-1.45244000E+5	4.90000000E+1	5.72100000E+3	6.04900000E+0	6.04500000E+0	8.10587262E+0	8.89733840E+2	9.45776161E+2
9.56075000E+3	8.33615646E+1	-1.77692000E+5	-1.46311000E+5	4.00000000E+1	5.69800000E+3	6.04900000E+0	6.04600000E+0	6.61594443E+0	8.84939659E+2	9.41973880E+2
9.56100000E+3	8.33493708E+1	-1.78753000E+5	-1.47375000E+5	4.00000000E+1	5.58200000E+3	6.04900000E+0	6.04500000E+0	6.61703888E+0	8.68077368E+2	9.22797157E+2
9.56125000E+3	8.33371988E+1	-1.79812000E+5	-1.48438000E+5	4.50000000E+1	5.73900000E+3	6.05100000E+0	6.04700000E+0	7.44170663E+0	8.96380764E+2	9.48438275E+2
9.56150000E+3	8.33250483E+1	-1.80870000E+5	-1.49498000E+5	5.50000000E+1	5.79700000E+3	6.05000000E+0	6.04600000E+0	9.09692359E+0	9.00330579E+2	9.58181818E+2
9.56175000E+3	8.33129193E+1	-1.81925000E+5	-1.50557000E+5	5.30000000E+1	5.71800000E+3	6.04800000E+0	6.04500000E+0	8.76757651E+0	8.93022487E+2	9.45436508E+2
9.56200000E+3	8.33008117E+1	-1.82978000E+5	-1.51613000E+5	4.60000000E+1	5.59800000E+3	6.05000000E+0	6.04700000E+0	7.60707789E+0	8.73884298E+2	9.25289256E+2
9.56225000E+3	8.32887254E+1	-1.84030000E+5	-1.52668000E+5	5.00000000E+1	5.68800000E+3	6.05000000E+0	6.04600000E+0	8.26993053E+0	8.86776860E+2	9.40165289E+2
9.56250000E+3	8.32766602E+1	-1.85079000E+5	-1.53720000E+5	5.20000000E+1	5.37900000E+3	6.05000000E+0	6.04600000E+0	8.60072775E+0	8.32561983E+2	8.89090909E+2
9.56275000E+3	8.32646160E+1	-1.86126000E+5	-1.54771000E+5	4.10000000E+1	5.61000000E+3	6.05000000E+0	6.04700000E+0	6.78022160E+0	8.68595041E+2	9.27272727E+2
9.56300000E+3	8.32525928E+1	-1.87172000E+5	-1.55820000E+5	5.70000000E+1	5.63900000E+3	6.05000000E+0	6.04700000E+0	9.42616173E+0	8.72231405E+2	9.32066116E+2
9.56325000E+3	8.32405903E+1	-1.88215000E+5	-1.56867000E+5	5.50000000E+1	5.69300000E+3	6.05000000E+0	6.04600000E+0	9.09692359E+0	8.81487603E+2	9.40991736E+2
9.56350000E+3	8.32286087E+1	-1.89257000E+5	-1.57912000E+5	5.30000000E+1	5.71000000E+3	6.04900000E+0	6.04500000E+0	8.76757651E+0	8.81468011E+2	9.43957679E+2
9.56375000E+3	8.32166476E+1	-1.90297000E+5	-1.58955000E+5	5.30000000E+1	5.48600000E+3	6.05000000E+0	6.04600000E+0	8.76612636E+0	8.55041322E+2	9.06776860E+2
9.56400000E+3	8.32047071E+1	-1.91335000E+5	-1.59996000E+5	5.80000000E+1	5.53000000E+3	6.04900000E+0	6.04600000E+0	9.59311942E+0	8.55182675E+2	9.14200694E+2
9.56425000E+3	8.31927869E+1	-1.92371000E+5	-1.61035000E+5	6.80000000E+1	5.52000000E+3	6.05000000E+0	6.04700000E+0	1.12452456E+1	8.57685950E+2	9.12396694E+2
9.56450000E+3	8.31808871E+1	-1.93405000E+5	-1.62072000E+5	7.00000000E+1	5.47600000E+3	6.05000000E+0	6.04600000E+0	1.15779027E+1	8.55041322E+2	9.05123967E+2
9.56475000E+3	8.31690075E+1	-1.94437000E+5	-1.63108000E+5	5.00000000E+1	5.34700000E+3	6.04900000E+0	6.04600000E+0	8.26993053E+0	8.34518102E+2	8.83947760E+2
9.56500000E+3	8.31571480E+1	-1.95468000E+5	-1.64141000E+5	5.30000000E+1	5.42500000E+3	6.05100000E+0	6.04700000E+0	8.76467670E+0	8.40522228E+2	8.96546025E+2
9.56525000E+3	8.31453085E+1	-1.96496000E+5	-1.65173000E+5	6.90000000E+1	5.39800000E+3	6.05100000E+0	6.04800000E+0	1.14087302E+1	8.30606511E+2	8.92083953E+2
9.56550000E+3	8.31334889E+1	-1.97523000E+5	-1.66203000E+5	7.70000000E+1	5.38500000E+3	6.04900000E+0	6.04600000E+0	1.27356930E+1	8.30881137E+2	8.90229790E+2
9.56575000E+3	8.31216891E+1	-1.98548000E+5	-1.67231000E+5	5.60000000E+1	5.34700000E+3	6.04900000E+0	6.04600000E+0	9.26232220E+0	8.28732022E+2	8.83947760E+2
9.56600000E+3	8.31099091E+1	-1.99571000E+5	-1.68258000E+5	6.20000000E+1	5.29900000E+3	6.05000000E+0	6.04700000E+0	1.02530180E+1	8.17685950E+2	8.75867769E+2
9.56625000E+3	8.30981486E+1	-2.00592000E+5	-1.69282000E+5	5.30000000E+1	5.28100000E+3	6.04900000E+0	6.04600000E+0	8.76612636E+0	8.19970243E+2	8.73036866E+2
9.56650000E+3	8.30864077E+1	-2.01611000E+5	-1.70305000E+5	6.20000000E+1	5.27400000E+3	6.05000000E+0	6.04700000E+0	1.02530180E+1	8.17851240E+2	8.71735537E+2
9.56675000E+3	8.30746863E+1	-2.02629000E+5	-1.71326000E+5	8.30000000E+1	5.32800000E+3	6.05100000E+0	6.04800000E+0	1.37235450E+1	8.26309701E+2	8.80515617E+2
9.56700000E+3	8.30629841E+1	-2.03645000E+5	-1.72345000E+5	7.10000000E+1	5.27900000E+3	6.05000000E+0	6.04700000E+0	1.17413594E+1	8.17024793E+2	8.72561983E+2
9.56725000E+3	8.30513012E+1	-2.04659000E+5	-1.73362000E+5	7.90000000E+1	5.20500000E+3	6.04900000E+0	6.04600000E+0	1.30664902E+1	8.08232766E+2	8.60472805E+2
9.56750000E+3	8.30396375E+1	-2.05671000E+5	-1.74378000E+5	7.80000000E+1	5.19000000E+3	6.05000000E+0	6.04600000E+0	1.29010916E+1	8.10578512E+2	8.57851240E+2
9.56775000E+3	8.30279928E+1	-2.06682000E+5	-1.75391000E+5	7.30000000E+1	5.09600000E+3	6.05000000E+0	6.04700000E+0	1.20721019E+1	7.90909091E+2	8.42314050E+2
9.56800000E+3	8.30163671E+1	-2.07691000E+5	-1.76403000E+5	9.10000000E+1	5.13500000E+3	6.04900000E+0	6.04600000E+0	1.50512736E+1	7.96329972E+2	8.48900645E+2
9.56825000E+3	8.30047603E+1	-2.08698000E+5	-1.77414000E+5	1.00000000E+2	5.21300000E+3	6.04900000E+0	6.04600000E+0	1.65398611E+1	8.09885932E+2	8.61795338E+2
9.56850000E+3	8.29931723E+1	-2.09703000E+5	-1.78422000E+5	1.00000000E+2	5.16100000E+3	6.05100000E+0	6.04800000E+0	1.65343915E+1	8.02016196E+2	8.52916873E+2
9.56875000E+3	8.29816029E+1	-2.10707000E+5	-1.79429000E+5	9.60000000E+1	5.10500000E+3	6.05000000E+0	6.04600000E+0	1.58782666E+1	7.87768595E+2	8.43801653E+2
9.56900000E+3	8.29700522E+1	-2.11709000E+5	-1.80434000E+5	1.07000000E+2	5.14800000E+3	6.05000000E+0	6.04700000E+0	1.76947247E+1	7.96528926E+2	8.50909091E+2
9.56925000E+3	8.29585201E+1	-2.12709000E+5	-1.81438000E+5	1.12000000E+2	5.11800000E+3	6.04900000E+0	6.04600000E+0	1.85246444E+1	7.92031741E+2	8.46090263E+2
9.56950000E+3	8.29470063E+1	-2.13707000E+5	-1.82439000E+5	1.17000000E+2	5.09500000E+3	6.04900000E+0	6.04600000E+0	1.93516374E+1	7.89551992E+2	8.42287981E+2
9.56975000E+3	8.29355109E+1	-2.14704000E+5	-1.83439000E+5	1.27000000E+2	5.04200000E+3	6.04900000E+0	6.04600000E+0	2.10056236E+1	7.85253761E+2	8.33526203E+2
9.57000000E+3	8.29240338E+1	-2.15699000E+5	-1.84438000E+5	1.26000000E+2	5.05600000E+3	6.05000000E+0	6.04700000E+0	2.08367786E+1	7.80661157E+2	8.35702479E+2
9.57025000E+3	8.29125749E+1	-2.16692000E+5	-1.85434000E+5	1.17000000E+2	5.02000000E+3	6.04900000E+0	6.04600000E+0	1.93516374E+1	7.79302364E+2	8.29889238E+2
9.57050000E+3	8.29011341E+1	-2.17684000E+5	-1.86429000E+5	1.25000000E+2	5.13300000E+3	6.05100000E+0	6.04800000E+0	2.06679894E+1	7.93587837E+2	8.48289539E+2
9.57075000E+3	8.28897112E+1	-2.18674000E+5	-1.87422000E+5	1.32000000E+2	5.12700000E+3	6.05000000E+0	6.04700000E+0	2.18290061E+1	7.93553719E+2	8.47438017E+2
9.57100000E+3	8.28783064E+1	-2.19662000E+5	-1.88414000E+5	1.47000000E+2	5.10600000E+3	6.04900000E+0	6.04600000E+0	2.43135958E+1	7.94511490E+2	8.44106464E+2
9.57125000E+3	8.28669194E+1	-2.20649000E+5	-1.89404000E+5	1.30000000E+2	4.99700000E+3	6.04900000E+0	6.04600000E+0	2.15018194E+1	7.70540585E+2	8.26086957E+2
9.57150000E+3	8.28555501E+1	-2.21634000E+5	-1.90392000E+5	1.57000000E+2	5.13400000E+3	6.04900000E+0	6.04600000E+0	2.59675819E+1	7.99140354E+2	8.48735328E+2
9.57175000E+3	8.28441986E+1	-2.22618000E+5	-1.91379000E+5	1.44000000E+2	4.94900000E+3	6.05000000E+0	6.04700000E+0	2.38134612E+1	7.68595041E+2	8.18016529E+2
9.57200000E+3	8.28328646E+1	-2.23599000E+5	-1.92364000E+5	1.57000000E+2	4.98700000E+3	6.04900000E+0	6.04600000E+0	2.59675819E+1	7.73350967E+2	8.24433791E+2
9.57225000E+3	8.28215482E+1	-2.24580000E+5	-1.93347000E+5	1.74000000E+2	4.93000000E+3	6.04900000E+0	6.04600000E+0	2.87793583E+1	7.64258555E+2	8.15010746E+2
9.57250000E+3	8.28102493E+1	-2.25558000E+5	-1.94329000E+5	1.77000000E+2	5.03800000E+3	6.05000000E+0	6.04700000E+0	2.92707128E+1	7.84628099E+2	8.32727273E+2
9.57275000E+3	8.27989677E+1	-2.26535000E+5	-1.95309000E+5	1.71000000E+2	5.05400000E+3	6.04900000E+0	6.04600000E+0	2.82831624E+1	7.92362374E+2	8.35510002E+2
9.57300000E+3	8.27877034E+1	-2.27511000E+5	-1.96288000E+5	1.98000000E+2	4.99000000E+3	6.05100000E+0	6.04800000E+0	3.27380952E+1	7.75904809E+2	8.24657081E+2
9.57325000E+3	8.27764564E+1	-2.28484000E+5	-1.97265000E+5	2.09000000E+2	5.05700000E+3	6.04900000E+0	6.04600000E+0	3.45683096E+1	7.83269962E+2	8.36005951E+2
9.57350000E+3	8.27652265E+1	-2.29456000E+5	-1.98240000E+5	2.12000000E+2	4.95700000E+3	6.05000000E+0	6.04700000E+0	3.50587068E+1	7.71239669E+2	8.19338843E+2
9.57375000E+3	8.27540136E+1	-2.30427000E+5	-1.99214000E+5	2.76000000E+2	5.04000000E+3	6.04900000E+0	6.04600000E+0	4.56500165E+1	7.86741610E+2	8.33195570E+2
9.57400000E+3	8.27428178E+1	-2.31396000E+5	-2.00187000E+5	2.30000000E+2	4.98000000E+3	6.05000000E+0	6.04700000E+0	3.80353894E+1	7.73884298E+2	8.23140496E+2
9.57425000E+3	8.27316388E+1	-2.32364000E+5	-2.01157000E+5	3.38000000E+2	5.06700000E+3	6.05000000E+0	6.04700000E+0	5.58954854E+1	7.82809917E+2	8.37520661E+2
9.57450000E+3	8.27204768E+1	-2.33329000E+5	-2.02126000E+5	3.48000000E+2	5.09900000E+3	6.04900000E+0	6.04600000E+0	5.75587165E+1	7.96329972E+2	8.42949248E+2
9.57475000E+3	8.27093314E+1	-2.34294000E+5	-2.03094000E+5	3.75000000E+2	5.05100000E+3	6.04900000E+0	6.04600000E+0	6.20244790E+1	7.87568193E+2	8.35014052E+2
9.57500000E+3	8.26982028E+1	-2.35257000E+5	-2.04060000E+5	4.07000000E+2	4.97200000E+3	6.05100000E+0	6.04900000E+0	6.72838486E+1	7.73260618E+2	8.21682367E+2
9.57525000E+3	8.26870908E+1	-2.36218000E+5	-2.05024000E+5	4.23000000E+2	5.10500000E+3	6.04900000E+0	6.04600000E+0	6.99636123E+1	7.96991238E+2	8.43941147E+2
9.57550000E+3	8.26759954E+1	-2.37178000E+5	-2.05987000E+5	5.20000000E+2	5.18800000E+3	6.04900000E+0	6.04600000E+0	8.60072775E+1	8.06248967E+2	8.57662424E+2
9.57575000E+3	8.26649164E+1	-2.38136000E+5	-2.06949000E+5	5.59000000E+2	5.21700000E+3	6.05000000E+0	6.04700000E+0	9.24425335E+1	8.15702479E+2	8.62314050E+2
9.57600000E+3	8.26538539E+1	-2.39092000E+5	-2.07909000E+5	5.62000000E+2	5.31900000E+3	6.05100000E+0	6.04700000E+0	9.29386473E+1	8.28623368E+2	8.79028260E+2
9.57625000E+3	8.26428077E+1	-2.40048000E+5	-2.08867000E+5	5.77000000E+2	5.29400000E+3	6.05100000E+0	6.04700000E+0	9.54192161E+1	8.21186581E+2	8.74896711E+2
9.57650000E+3	8.26317777E+1	-2.41001000E+5	-2.09824000E+5	6.49000000E+2	5.36500000E+3	6.04900000E+0	6.04500000E+0	1.07361456E+2	8.42122665E+2	8.86923458E+2
9.57675000E+3	8.26207640E+1	-2.41953000E+5	-2.10779000E+5	7.07000000E+2	5.41200000E+3	6.05000000E+0	6.04700000E+0	1.16917480E+2	8.45619835E+2	8.94545455E+2
9.57700000E+3	8.26097663E+1	-2.42904000E+5	-2.11733000E+5	7.23000000E+2	5.37700000E+3	6.05000000E+0	6.04700000E+0	1.19563420E+2	8.45123967E+2	8.88760331E+2
9.57725000E+3	8.25987848E+1	-2.43853000E+5	-2.12686000E+5	6.51000000E+2	5.20200000E+3	6.05100000E+0	6.04700000E+0	1.07656689E+2	8.14080317E+2	8.59692613E+2
9.57750000E+3	8.25878192E+1	-2.44801000E+5	-2.13637000E+5	7.22000000E+2	5.42400000E+3	6.04900000E+0	6.04600000E+0	1.19417797E+2	8.46751529E+2	8.96677137E+2
9.57775000E+3	8.25768696E+1	-2.45747000E+5	-2.14586000E+5	7.83000000E+2	5.50200000E+3	6.04900000E+0	6.04600000E+0	1.29507112E+2	8.67250785E+2	9.09571830E+2
9.57800000E+3	8.25659358E+1	-2.46692000E+5	-2.15534000E+5	8.20000000E+2	5.40700000E+3	6.04900000E+0	6.04600000E+0	1.35626861E+2	8.43610514E+2	8.93866755E+2
9.57825000E+3	8.25550178E+1	-2.47635000E+5	-2.16481000E+5	8.12000000E+2	5.39700000E+3	6.04900000E+0	6.04600000E+0	1.34303672E+2	8.47908745E+2	8.92213589E+2
9.57850000E+3	8.25441156E+1	-2.48577000E+5	-2.17426000E+5	8.42000000E+2	5.22100000E+3	6.04900000E+0	6.04600000E+0	1.39265630E+2	8.15341379E+2	8.63117871E+2
9.57875000E+3	8.25332290E+1	-2.49517000E+5	-2.18369000E+5	8.46000000E+2	5.27800000E+3	6.04900000E+0	6.04600000E+0	1.39927225E+2	8.26582906E+2	8.72540916E+2
9.57900000E+3	8.25223580E+1	-2.50456000E+5	-2.19311000E+5	9.04000000E+2	5.44600000E+3	6.05000000E+0	6.04600000E+0	1.49520344E+2	8.49917355E+2	9.00165289E+2
9.57925000E+3	8.25115025E+1	-2.51394000E+5	-2.20252000E+5	9.93000000E+2	5.56900000E+3	6.04900000E+0	6.04500000E+0	1.64267990E+2	8.66589519E+2	9.20648041E+2
9.57950000E+3	8.25006625E+1	-2.52330000E+5	-2.21191000E+5	9.54000000E+2	5.30200000E+3	6.05000000E+0	6.04600000E+0	1.57790275E+2	8.32727273E+2	8.76363636E+2
9.57975000E+3	8.24898379E+1	-2.53264000E+5	-2.22129000E+5	9.61000000E+2	5.38800000E+3	6.05000000E+0	6.04600000E+0	1.58948065E+2	8.42148760E+2	8.90578512E+2
9.58000000E+3	8.24790286E+1	-2.54197000E+5	-2.23066000E+5	9.66000000E+2	5.33600000E+3	6.05000000E+0	6.04600000E+0	1.59775058E+2	8.36033058E+2	8.81983471E+2
9.58025000E+3	8.24682346E+1	-2.55129000E+5	-2.24001000E+5	8.54000000E+2	5.23800000E+3	6.05000000E+0	6.04700000E+0	1.41227055E+2	8.17024793E+2	8.65785124E+2
9.58050000E+3	8.24574558E+1	-2.56059000E+5	-2.24934000E+5	8.56000000E+2	5.37600000E+3	6.05100000E+0	6.04800000E+0	1.41534392E+2	8.41018014E+2	8.88448190E+2
9.58075000E+3	8.24466922E+1	-2.56988000E+5	-2.25866000E+5	8.35000000E+2	5.72500000E+3	6.04900000E+0	6.04500000E+0	1.38130687E+2	8.97503720E+2	9.46437428E+2
9.58100000E+3	8.24359437E+1	-2.57916000E+5	-2.26797000E+5	7.07000000E+2	5.60200000E+3	6.05000000E+0	6.04600000E+0	1.16936818E+2	8.78842975E+2	9.25950413E+2
9.58125000E+3	8.24252101E+1	-2.58842000E+5	-2.27726000E+5	6.98000000E+2	5.91800000E+3	6.04900000E+0	6.04600000E+0	1.15448230E+2	9.21143991E+2	9.78343528E+2
9.58150000E+3	8.24144916E+1	-2.59767000E+5	-2.28654000E+5	6.42000000E+2	6.45800000E+3	6.05000000E+0	6.04600000E+0	1.06185908E+2	1.00082645E+3	1.06743802E+3
9.58175000E+3	8.24037880E+1	-2.60690000E+5	-2.29581000E+5	5.60000000E+2	6.44300000E+3	6.04900000E+0	6.04500000E+0	9.26385443E+1	1.00132253E+3	1.06513473E+3
9.58200000E+3	8.23930992E+1	-2.61612000E+5	-2.30506000E+5	5.48000000E+2	7.00400000E+3	6.05100000E+0	6.04700000E+0	9.06234496E+1	1.09783507E+3	1.15749463E+3
9.58225000E+3	8.23824251E+1	-2.62533000E+5	-2.31430000E+5	5.05000000E+2	7.09900000E+3	6.05000000E+0	6.04600000E+0	8.35262984E+1	1.10661157E+3	1.17338843E+3
9.58250000E+3	8.23717659E+1	-2.63452000E+5	-2.32353000E+5	4.77000000E+2	6.37600000E+3	6.05100000E+0	6.04700000E+0	7.88820903E+1	9.91902165E+2	1.05371013E+3
9.58275000E+3	8.23611212E+1	-2.64370000E+5	-2.33274000E+5	4.20000000E+2	4.44900000E+3	6.05000000E+0	6.04700000E+0	6.94559286E+1	6.88595041E+2	7.35371901E+2
9.58300000E+3	8.23504912E+1	-2.65287000E+5	-2.34193000E+5	3.51000000E+2	2.54000000E+3	6.04900000E+0	6.04700000E+0	5.80453117E+1	3.92957514E+2	4.19904116E+2
9.58325000E+3	8.23398758E+1	-2.66202000E+5	-2.35112000E+5	3.35000000E+2	1.61500000E+3	6.05000000E+0	6.04900000E+0	5.53810547E+1	2.45289256E+2	2.66942149E+2
9.58350000E+3	8.23292748E+1	-2.67116000E+5	-2.36029000E+5	3.15000000E+2	1.27900000E+3	6.04900000E+0	6.04900000E+0	5.20747231E+1	1.93255083E+2	2.11439907E+2
9.58375000E+3	8.23186883E+1	-2.68028000E+5	-2.36945000E+5	2.89000000E+2	1.19200000E+3	6.05200000E+0	6.05200000E+0	4.77528090E+1	1.80105750E+2	1.96959683E+2
9.58400000E+3	8.23081161E+1	-2.68939000E+5	-2.37859000E+5	2.92000000E+2	1.17300000E+3	6.05100000E+0	6.05100000E+0	4.82564865E+1	1.75838704E+2	1.93852256E+2
9.58425000E+3	8.22975583E+1	-2.69849000E+5	-2.38772000E+5	2.70000000E+2	1.06800000E+3	6.04900000E+0	6.04900000E+0	4.46354769E+1	1.61514300E+2	1.76558109E+2
9.58450000E+3	8.22870147E+1	-2.70757000E+5	-2.39684000E+5	2.58000000E+2	1.16400000E+3	6.05000000E+0	6.04900000E+0	4.26516780E+1	1.76859504E+2	1.92396694E+2
9.58475000E+3	8.22764854E+1	-2.71665000E+5	-2.40594000E+5	2.56000000E+2	1.18000000E+3	6.05000000E+0	6.05000000E+0	4.23140496E+1	1.81983471E+2	1.95041322E+2
9.58500000E+3	8.22659702E+1	-2.72571000E+5	-2.41503000E+5	2.14000000E+2	1.15000000E+3	6.05000000E+0	6.04900000E+0	3.53777484E+1	1.73057851E+2	1.90082645E+2
9.58525000E+3	8.22554691E+1	-2.73475000E+5	-2.42411000E+5	2.19000000E+2	1.19700000E+3	6.04900000E+0	6.04900000E+0	3.62043313E+1	1.82674822E+2	1.97883948E+2
9.58550000E+3	8.22449820E+1	-2.74378000E+5	-2.43318000E+5	2.27000000E+2	1.14300000E+3	6.05200000E+0	6.05100000E+0	3.75144604E+1	1.74322538E+2	1.88863186E+2
9.58575000E+3	8.22345090E+1	-2.75280000E+5	-2.44223000E+5	2.05000000E+2	1.17400000E+3	6.04900000E+0	6.04900000E+0	3.38898992E+1	1.81021656E+2	1.94081666E+2
9.58600000E+3	8.22240498E+1	-2.76181000E+5	-2.45127000E+5	1.83000000E+2	1.21600000E+3	6.05000000E+0	6.05000000E+0	3.02479339E+1	1.85123967E+2	2.00991736E+2
9.58625000E+3	8.22136046E+1	-2.77080000E+5	-2.46029000E+5	1.85000000E+2	1.15400000E+3	6.05000000E+0	6.04900000E+0	3.05835675E+1	1.76694215E+2	1.90743802E+2
9.58650000E+3	8.22031732E+1	-2.77978000E+5	-2.46930000E+5	1.60000000E+2	1.14200000E+3	6.04900000E+0	6.04900000E+0	2.64506530E+1	1.75896842E+2	1.88791536E+2
9.58675000E+3	8.21927555E+1	-2.78875000E+5	-2.47830000E+5	1.48000000E+2	1.19600000E+3	6.05100000E+0	6.05100000E+0	2.44587671E+1	1.80631301E+2	1.97653280E+2
9.58700000E+3	8.21823516E+1	-2.79771000E+5	-2.48729000E+5	1.32000000E+2	1.17600000E+3	6.04900000E+0	6.04900000E+0	2.18217887E+1	1.78872541E+2	1.94412300E+2
9.58725000E+3	8.21719614E+1	-2.80665000E+5	-2.49627000E+5	1.21000000E+2	1.22900000E+3	6.04900000E+0	6.04900000E+0	2.00033063E+1	1.84493305E+2	2.03174078E+2
9.58750000E+3	8.21615847E+1	-2.81558000E+5	-2.50523000E+5	1.22000000E+2	1.16500000E+3	6.04900000E+0	6.04900000E+0	2.01686229E+1	1.77384692E+2	1.92593817E+2
9.58775000E+3	8.21512217E+1	-2.82450000E+5	-2.51418000E+5	1.19000000E+2	1.21200000E+3	6.05000000E+0	6.05000000E+0	1.96694215E+1	1.83966942E+2	2.00330579E+2
9.58800000E+3	8.21408721E+1	-2.83340000E+5	-2.52312000E+5	1.33000000E+2	1.33100000E+3	6.05200000E+0	6.05200000E+0	2.19762062E+1	2.01586252E+2	2.19927297E+2
9.58825000E+3	8.21305361E+1	-2.84229000E+5	-2.53204000E+5	1.05000000E+2	1.40300000E+3	6.04900000E+0	6.04900000E+0	1.73582410E+1	2.13919656E+2	2.31939163E+2
9.58850000E+3	8.21202134E+1	-2.85117000E+5	-2.54095000E+5	1.10000000E+2	1.43400000E+3	6.05000000E+0	6.04900000E+0	1.81848239E+1	2.18016529E+2	2.37024793E+2
9.58875000E+3	8.21099041E+1	-2.86004000E+5	-2.54985000E+5	9.10000000E+1	1.47600000E+3	6.05100000E+0	6.05000000E+0	1.50413223E+1	2.22773095E+2	2.43926624E+2
9.58900000E+3	8.20996081E+1	-2.86889000E+5	-2.55874000E+5	8.50000000E+1	1.53200000E+3	6.05100000E+0	6.05000000E+0	1.40495868E+1	2.33019336E+2	2.53181292E+2
9.58925000E+3	8.20893254E+1	-2.87774000E+5	-2.56761000E+5	8.10000000E+1	1.60200000E+3	6.04900000E+0	6.04800000E+0	1.33928571E+1	2.46321706E+2	2.64837163E+2
9.58950000E+3	8.20790559E+1	-2.88657000E+5	-2.57647000E+5	7.30000000E+1	1.70600000E+3	6.04900000E+0	6.04800000E+0	1.20701058E+1	2.57397917E+2	2.82030088E+2
9.58975000E+3	8.20687996E+1	-2.89538000E+5	-2.58532000E+5	9.30000000E+1	1.81100000E+3	6.05000000E+0	6.04900000E+0	1.53744421E+1	2.73884298E+2	2.99338843E+2
9.59000000E+3	8.20585563E+1	-2.90419000E+5	-2.59416000E+5	9.20000000E+1	1.81700000E+3	6.05000000E+0	6.04900000E+0	1.52091255E+1	2.78512397E+2	3.00330579E+2
9.59025000E+3	8.20483262E+1	-2.91298000E+5	-2.60299000E+5	8.80000000E+1	1.73300000E+3	6.04900000E+0	6.04900000E+0	1.45478592E+1	2.67482228E+2	2.86493635E+2
9.59050000E+3	8.20381091E+1	-2.92176000E+5	-2.61180000E+5	7.30000000E+1	1.73400000E+3	6.04900000E+0	6.04800000E+0	1.20701058E+1	2.62522731E+2	2.86658952E+2
9.59075000E+3	8.20279049E+1	-2.93053000E+5	-2.62060000E+5	6.50000000E+1	1.71700000E+3	6.05100000E+0	6.05000000E+0	1.07438017E+1	2.63758057E+2	2.83754751E+2
9.59100000E+3	8.20177137E+1	-2.93929000E+5	-2.62939000E+5	7.40000000E+1	1.69700000E+3	6.04900000E+0	6.04900000E+0	1.22334270E+1	2.56736651E+2	2.80542238E+2
9.59125000E+3	8.20075353E+1	-2.94803000E+5	-2.63817000E+5	6.00000000E+1	1.71200000E+3	6.05000000E+0	6.04900000E+0	9.91899488E+0	2.60330579E+2	2.82975207E+2
9.59150000E+3	8.19973698E+1	-2.95677000E+5	-2.64693000E+5	5.20000000E+1	1.72600000E+3	6.04800000E+0	6.04800000E+0	8.59788360E+0	2.66203704E+2	2.85383598E+2
9.59175000E+3	8.19872170E+1	-2.96549000E+5	-2.65569000E+5	5.70000000E+1	1.68300000E+3	6.05100000E+0	6.05000000E+0	9.42148760E+0	2.55660221E+2	2.78135845E+2
9.59200000E+3	8.19770770E+1	-2.97420000E+5	-2.66443000E+5	4.90000000E+1	1.62000000E+3	6.05000000E+0	6.04900000E+0	8.10051248E+0	2.47107438E+2	2.67768595E+2
9.59225000E+3	8.19669497E+1	-2.98290000E+5	-2.67316000E+5	3.90000000E+1	1.68600000E+3	6.05100000E+0	6.05000000E+0	6.44628099E+0	2.53842340E+2	2.78631631E+2
9.59250000E+3	8.19568350E+1	-2.99158000E+5	-2.68188000E+5	3.80000000E+1	1.65100000E+3	6.05000000E+0	6.04900000E+0	6.28203009E+0	2.50082645E+2	2.72892562E+2
9.59275000E+3	8.19467329E+1	-3.00026000E+5	-2.69058000E+5	5.40000000E+1	1.69800000E+3	6.05200000E+0	6.05100000E+0	8.92414477E+0	2.59253139E+2	2.80568407E+2
9.59300000E+3	8.19366434E+1	-3.00892000E+5	-2.69928000E+5	4.70000000E+1	1.69600000E+3	6.05000000E+0	6.04900000E+0	7.76987932E+0	2.61487603E+2	2.80330579E+2
9.59325000E+3	8.19265664E+1	-3.01757000E+5	-2.70796000E+5	5.00000000E+1	1.70300000E+3	6.04900000E+0	6.04900000E+0	8.26582906E+0	2.60869565E+2	2.81534138E+2
9.59350000E+3	8.19165019E+1	-3.02621000E+5	-2.71663000E+5	3.60000000E+1	1.63500000E+3	6.05000000E+0	6.04900000E+0	5.95139693E+0	2.49586777E+2	2.70247934E+2
9.59375000E+3	8.19064497E+1	-3.03483000E+5	-2.72529000E+5	2.80000000E+1	1.67900000E+3	6.05000000E+0	6.04900000E+0	4.62886428E+0	2.54545455E+2	2.77520661E+2
9.59400000E+3	8.18964100E+1	-3.04345000E+5	-2.73394000E+5	3.70000000E+1	1.68100000E+3	6.05100000E+0	6.05000000E+0	6.11570248E+0	2.53842340E+2	2.77805321E+2
9.59425000E+3	8.18863826E+1	-3.05205000E+5	-2.74258000E+5	4.10000000E+1	1.63000000E+3	6.05000000E+0	6.05000000E+0	6.77685950E+0	2.49752066E+2	2.69421488E+2
9.59450000E+3	8.18763674E+1	-3.06065000E+5	-2.75120000E+5	4.00000000E+1	1.70900000E+3	6.05300000E+0	6.05200000E+0	6.60938533E+0	2.57062614E+2	2.82339336E+2
9.59475000E+3	8.18663645E+1	-3.06923000E+5	-2.75982000E+5	3.30000000E+1	1.61000000E+3	6.04800000E+0	6.04800000E+0	5.45634921E+0	2.44708995E+2	2.66203704E+2
9.59500000E+3	8.18563739E+1	-3.07780000E+5	-2.76842000E+5	4.40000000E+1	1.56500000E+3	6.04900000E+0	6.04900000E+0	7.27392958E+0	2.38386510E+2	2.58720450E+2
9.59525000E+3	8.18463953E+1	-3.08636000E+5	-2.77701000E+5	3.20000000E+1	1.64100000E+3	6.05000000E+0	6.04900000E+0	5.29013060E+0	2.50082645E+2	2.71239669E+2
9.59550000E+3	8.18364289E+1	-3.09491000E+5	-2.78559000E+5	2.80000000E+1	1.61300000E+3	6.04900000E+0	6.04800000E+0	4.62962963E+0	2.43511324E+2	2.66655646E+2
9.59575000E+3	8.18264746E+1	-3.10344000E+5	-2.79416000E+5	3.00000000E+1	1.59700000E+3	6.05000000E+0	6.04900000E+0	4.95949744E+0	2.44132231E+2	2.63966942E+2
9.59600000E+3	8.18165322E+1	-3.11197000E+5	-2.80271000E+5	3.00000000E+1	1.63800000E+3	6.05000000E+0	6.04900000E+0	4.95949744E+0	2.45950413E+2	2.70743802E+2
9.59625000E+3	8.18066019E+1	-3.12048000E+5	-2.81126000E+5	3.20000000E+1	1.57200000E+3	6.04900000E+0	6.04900000E+0	5.29013060E+0	2.40535626E+2	2.59877666E+2
9.59650000E+3	8.17966835E+1	-3.12898000E+5	-2.81980000E+5	3.80000000E+1	1.63100000E+3	6.05000000E+0	6.04900000E+0	6.28203009E+0	2.49256198E+2	2.69586777E+2
9.59675000E+3	8.17867771E+1	-3.13748000E+5	-2.82832000E+5	2.40000000E+1	1.52100000E+3	6.05000000E+0	6.04900000E+0	3.96759795E+0	2.31404959E+2	2.51404959E+2
9.59700000E+3	8.17768824E+1	-3.14596000E+5	-2.83683000E+5	2.60000000E+1	1.55400000E+3	6.05000000E+0	6.04900000E+0	4.29823111E+0	2.33223140E+2	2.56859504E+2
9.59725000E+3	8.17669997E+1	-3.15443000E+5	-2.84533000E+5	2.70000000E+1	1.54200000E+3	6.05000000E+0	6.05000000E+0	4.46280992E+0	2.34710744E+2	2.54876033E+2
9.59750000E+3	8.17571287E+1	-3.16288000E+5	-2.85382000E+5	4.80000000E+1	1.59100000E+3	6.05100000E+0	6.05000000E+0	7.93388430E+0	2.42274004E+2	2.62931747E+2
9.59775000E+3	8.17472694E+1	-3.17133000E+5	-2.86230000E+5	2.50000000E+1	1.60100000E+3	6.04900000E+0	6.04800000E+0	4.13359788E+0	2.41527525E+2	2.64671847E+2
9.59800000E+3	8.17374218E+1	-3.17977000E+5	-2.87077000E+5	2.50000000E+1	1.57400000E+3	6.04900000E+0	6.04900000E+0	4.13291453E+0	2.42188792E+2	2.60208299E+2
9.59825000E+3	8.17275859E+1	-3.18819000E+5	-2.87923000E+5	4.20000000E+1	1.61600000E+3	6.05000000E+0	6.04900000E+0	6.94329641E+0	2.43636364E+2	2.67107438E+2
9.59850000E+3	8.17177616E+1	-3.19661000E+5	-2.88768000E+5	3.00000000E+1	1.55200000E+3	6.04900000E+0	6.04900000E+0	4.95949744E+0	2.36237395E+2	2.56571334E+2
9.59875000E+3	8.17079489E+1	-3.20501000E+5	-2.89611000E+5	2.80000000E+1	1.49800000E+3	6.05000000E+0	6.04900000E+0	4.62886428E+0	2.28925620E+2	2.47603306E+2
9.59900000E+3	8.16981478E+1	-3.21341000E+5	-2.90454000E+5	3.20000000E+1	1.56200000E+3	6.04900000E+0	6.04900000E+0	5.29013060E+0	2.34914862E+2	2.58224500E+2
9.59925000E+3	8.16883581E+1	-3.22179000E+5	-2.91295000E+5	2.20000000E+1	1.50900000E+3	6.05000000E+0	6.04900000E+0	3.63696479E+0	2.30413223E+2	2.49421488E+2
9.59950000E+3	8.16785799E+1	-3.23016000E+5	-2.92136000E+5	2.10000000E+1	1.44800000E+3	6.05000000E+0	6.05000000E+0	3.47107438E+0	2.20165289E+2	2.39338843E+2
9.59975000E+3	8.16688132E+1	-3.23852000E+5	-2.92975000E+5	2.50000000E+1	1.47800000E+3	6.05000000E+0	6.05000000E+0	4.13223140E+0	2.18347107E+2	2.44297521E+2
9.60000000E+3	8.16590578E+1	-3.24687000E+5	-2.93813000E+5	3.10000000E+1	1.55500000E+3	6.05000000E+0	6.04900000E+0	5.12481402E+0	2.37685950E+2	2.57024793E+2
9.60025000E+3	8.16493138E+1	-3.25521000E+5	-2.94651000E+5	2.00000000E+1	1.52300000E+3	6.05000000E+0	6.05000000E+0	3.30578512E+0	2.32396694E+2	2.51735537E+2
9.60050000E+3	8.16395810E+1	-3.26354000E+5	-2.95487000E+5	2.60000000E+1	1.50100000E+3	6.05000000E+0	6.05000000E+0	4.29752066E+0	2.27272727E+2	2.48099174E+2
9.60075000E+3	8.16298596E+1	-3.27186000E+5	-2.96322000E+5	2.20000000E+1	1.46100000E+3	6.05000000E+0	6.04900000E+0	3.63696479E+0	2.22975207E+2	2.41487603E+2
9.60100000E+3	8.16201494E+1	-3.28017000E+5	-2.97156000E+5	2.00000000E+1	1.44700000E+3	6.05000000E+0	6.04900000E+0	3.30633163E+0	2.17851240E+2	2.39173554E+2
9.60125000E+3	8.16104504E+1	-3.28847000E+5	-2.97989000E+5	2.40000000E+1	1.50600000E+3	6.05000000E+0	6.05000000E+0	3.96694215E+0	2.28595041E+2	2.48925620E+2
9.60150000E+3	8.16007625E+1	-3.29675000E+5	-2.98821000E+5	2.50000000E+1	1.40800000E+3	6.05000000E+0	6.05000000E+0	4.13223140E+0	2.17355372E+2	2.32727273E+2
9.60175000E+3	8.15910858E+1	-3.30503000E+5	-2.99652000E+5	2.40000000E+1	1.42400000E+3	6.05200000E+0	6.05100000E+0	3.96628656E+0	2.16622604E+2	2.35294118E+2
9.60200000E+3	8.15814201E+1	-3.31330000E+5	-3.00482000E+5	2.70000000E+1	1.47000000E+3	6.04900000E+0	6.04900000E+0	4.46354769E+0	2.25326500E+2	2.43015374E+2
9.60225000E+3	8.15717655E+1	-3.32155000E+5	-3.01311000E+5	2.30000000E+1	1.45200000E+3	6.05100000E+0	6.05100000E+0	3.80102462E+0	2.19137333E+2	2.39960337E+2
9.60250000E+3	8.15621220E+1	-3.32980000E+5	-3.02138000E+5	1.90000000E+1	1.40500000E+3	6.05000000E+0	6.05000000E+0	3.14049587E+0	2.15371901E+2	2.32231405E+2
9.60275000E+3	8.15524894E+1	-3.33803000E+5	-3.02965000E+5	1.80000000E+1	1.40000000E+3	6.05000000E+0	6.04900000E+0	2.97569846E+0	2.09917355E+2	2.31404959E+2
9.60300000E+3	8.15428677E+1	-3.34626000E+5	-3.03791000E+5	2.00000000E+1	1.41800000E+3	6.05100000E+0	6.05100000E+0	3.30523880E+0	2.13848951E+2	2.34341431E+2
9.60325000E+3	8.15332569E+1	-3.35447000E+5	-3.04616000E+5	2.50000000E+1	1.42600000E+3	6.05000000E+0	6.05000000E+0	4.13223140E+0	2.14214876E+2	2.35702479E+2
9.60350000E+3	8.15236570E+1	-3.36268000E+5	-3.05439000E+5	2.60000000E+1	1.42400000E+3	6.04900000E+0	6.04900000E+0	4.29823111E+0	2.14084973E+2	2.35410812E+2
9.60375000E+3	8.15140680E+1	-3.37087000E+5	-3.06262000E+5	2.80000000E+1	1.44700000E+3	6.05000000E+0	6.04900000E+0	4.62886428E+0	2.17024793E+2	2.39173554E+2
9.60400000E+3	8.15044897E+1	-3.37906000E+5	-3.07084000E+5	2.00000000E+1	1.40300000E+3	6.04900000E+0	6.04800000E+0	3.30687831E+0	2.13589023E+2	2.31939163E+2
9.60425000E+3	8.14949222E+1	-3.38723000E+5	-3.07904000E+5	1.20000000E+1	1.47800000E+3	6.05000000E+0	6.05000000E+0	1.98347107E+0	2.28264463E+2	2.44297521E+2
9.60450000E+3	8.14853655E+1	-3.39540000E+5	-3.08724000E+5	1.60000000E+1	1.34700000E+3	6.05000000E+0	6.05000000E+0	2.64462810E+0	2.03305785E+2	2.22644628E+2
9.60475000E+3	8.14758194E+1	-3.40355000E+5	-3.09543000E+5	2.40000000E+1	1.41100000E+3	6.04900000E+0	6.04800000E+0	3.96825397E+0	2.14250289E+2	2.33261696E+2
9.60500000E+3	8.14662840E+1	-3.41170000E+5	-3.10361000E+5	2.40000000E+1	1.38700000E+3	6.05000000E+0	6.04900000E+0	3.96759795E+0	2.10082645E+2	2.29256198E+2
9.60525000E+3	8.14567592E+1	-3.41983000E+5	-3.11177000E+5	1.90000000E+1	1.35500000E+3	6.05000000E+0	6.04900000E+0	3.14101504E+0	2.03471074E+2	2.23966942E+2
9.60550000E+3	8.14472451E+1	-3.42796000E+5	-3.11993000E+5	1.50000000E+1	1.43700000E+3	6.04900000E+0	6.04800000E+0	2.48015873E+0	2.14911556E+2	2.37559927E+2
9.60575000E+3	8.14377414E+1	-3.43607000E+5	-3.12808000E+5	2.10000000E+1	1.38800000E+3	6.05000000E+0	6.04900000E+0	3.47164821E+0	2.11570248E+2	2.29421488E+2
9.60600000E+3	8.14282483E+1	-3.44418000E+5	-3.13621000E+5	2.30000000E+1	1.36000000E+3	6.05000000E+0	6.05000000E+0	3.80165289E+0	2.04297521E+2	2.24793388E+2
9.60625000E+3	8.14187657E+1	-3.45227000E+5	-3.14434000E+5	1.40000000E+1	1.36100000E+3	6.05000000E+0	6.05000000E+0	2.31404959E+0	2.03636364E+2	2.24958678E+2
9.60650000E+3	8.14092935E+1	-3.46036000E+5	-3.15246000E+5	2.50000000E+1	1.37900000E+3	6.04900000E+0	6.04900000E+0	4.13291453E+0	2.08298892E+2	2.27971566E+2
9.60675000E+3	8.13998318E+1	-3.46844000E+5	-3.16057000E+5	1.90000000E+1	1.37900000E+3	6.04800000E+0	6.04800000E+0	3.14153439E+0	2.07506614E+2	2.28009259E+2
9.60700000E+3	8.13903805E+1	-3.47650000E+5	-3.16867000E+5	1.90000000E+1	1.40300000E+3	6.05000000E+0	6.04900000E+0	3.14101504E+0	2.12727273E+2	2.31900826E+2
9.60725000E+3	8.13809395E+1	-3.48456000E+5	-3.17675000E+5	2.00000000E+1	1.39400000E+3	6.05100000E+0	6.05100000E+0	3.30523880E+0	2.08560569E+2	2.30375145E+2
9.60750000E+3	8.13715088E+1	-3.49260000E+5	-3.18483000E+5	2.00000000E+1	1.35100000E+3	6.04900000E+0	6.04900000E+0	3.30633163E+0	2.05488510E+2	2.23342701E+2
9.60775000E+3	8.13620885E+1	-3.50064000E+5	-3.19290000E+5	1.50000000E+1	1.31400000E+3	6.05000000E+0	6.04900000E+0	2.47974872E+0	2.01487603E+2	2.17190083E+2
9.60800000E+3	8.13526784E+1	-3.50867000E+5	-3.20096000E+5	1.80000000E+1	1.30600000E+3	6.05000000E+0	6.05000000E+0	2.97520661E+0	1.98677686E+2	2.15867769E+2
9.60825000E+3	8.13432785E+1	-3.51669000E+5	-3.20901000E+5	1.60000000E+1	1.42100000E+3	6.05100000E+0	6.05000000E+0	2.64462810E+0	2.15997356E+2	2.34837217E+2
9.60850000E+3	8.13338888E+1	-3.52469000E+5	-3.21705000E+5	1.40000000E+1	1.40400000E+3	6.05000000E+0	6.05000000E+0	2.31404959E+0	2.13553719E+2	2.32066116E+2
9.60875000E+3	8.13245093E+1	-3.53269000E+5	-3.22508000E+5	1.90000000E+1	1.28100000E+3	6.05000000E+0	6.05000000E+0	3.14049587E+0	1.91404959E+2	2.11735537E+2
9.60900000E+3	8.13151399E+1	-3.54068000E+5	-3.23310000E+5	2.20000000E+1	1.36000000E+3	6.05100000E+0	6.05000000E+0	3.63636364E+0	2.06742687E+2	2.24756239E+2
9.60925000E+3	8.13057806E+1	-3.54866000E+5	-3.24112000E+5	2.30000000E+1	1.35700000E+3	6.05000000E+0	6.05000000E+0	3.80165289E+0	2.10082645E+2	2.24297521E+2
9.60950000E+3	8.12964314E+1	-3.55663000E+5	-3.24912000E+5	1.30000000E+1	1.41700000E+3	6.05000000E+0	6.04900000E+0	2.14911556E+0	2.15371901E+2	2.34214876E+2
9.60975000E+3	8.12870922E+1	-3.56459000E+5	-3.25711000E+5	1.10000000E+1	1.36500000E+3	6.04900000E+0	6.04900000E+0	1.81848239E+0	2.07968259E+2	2.25657133E+2
9.61000000E+3	8.12777631E+1	-3.57255000E+5	-3.26510000E+5	1.70000000E+1	1.30700000E+3	6.05000000E+0	6.05000000E+0	2.80991736E+0	1.99338843E+2	2.16033058E+2
9.61025000E+3	8.12684439E+1	-3.58049000E+5	-3.27307000E+5	1.20000000E+1	1.27000000E+3	6.05100000E+0	6.05000000E+0	1.98347107E+0	1.91373327E+2	2.09882664E+2
9.61050000E+3	8.12591347E+1	-3.58842000E+5	-3.28104000E+5	1.90000000E+1	1.30800000E+3	6.05000000E+0	6.05000000E+0	3.14049587E+0	1.95702479E+2	2.16198347E+2
9.61075000E+3	8.12498353E+1	-3.59634000E+5	-3.28899000E+5	1.60000000E+1	1.34500000E+3	6.05000000E+0	6.04900000E+0	2.64506530E+0	2.02148760E+2	2.22314050E+2
9.61100000E+3	8.12405459E+1	-3.60426000E+5	-3.29694000E+5	1.90000000E+1	1.31800000E+3	6.05100000E+0	6.05000000E+0	3.14049587E+0	2.00132210E+2	2.17815237E+2
9.61125000E+3	8.12312663E+1	-3.61216000E+5	-3.30487000E+5	2.50000000E+1	1.28400000E+3	6.04900000E+0	6.04800000E+0	4.13359788E+0	1.94081666E+2	2.12266490E+2
9.61150000E+3	8.12219966E+1	-3.62006000E+5	-3.31280000E+5	1.80000000E+1	1.29700000E+3	6.05000000E+0	6.04900000E+0	2.97569846E+0	1.93553719E+2	2.14380165E+2
9.61175000E+3	8.12127366E+1	-3.62795000E+5	-3.32072000E+5	2.10000000E+1	1.30500000E+3	6.04900000E+0	6.04800000E+0	3.47222222E+0	1.95404199E+2	2.15738139E+2
9.61200000E+3	8.12034864E+1	-3.63582000E+5	-3.32863000E+5	2.10000000E+1	1.29100000E+3	6.05000000E+0	6.05000000E+0	3.47107438E+0	1.96033058E+2	2.13388430E+2
9.61225000E+3	8.11942460E+1	-3.64369000E+5	-3.33653000E+5	1.70000000E+1	1.21900000E+3	6.04900000E+0	6.04900000E+0	2.81038188E+0	1.83997355E+2	2.01520913E+2
9.61250000E+3	8.11850152E+1	-3.65155000E+5	-3.34442000E+5	1.90000000E+1	1.31200000E+3	6.05100000E+0	6.05000000E+0	3.14049587E+0	1.98314328E+2	2.16823666E+2
9.61275000E+3	8.11757941E+1	-3.65940000E+5	-3.35231000E+5	1.80000000E+1	1.25100000E+3	6.05000000E+0	6.05000000E+0	2.97520661E+0	1.92066116E+2	2.06776860E+2
9.61300000E+3	8.11665827E+1	-3.66724000E+5	-3.36018000E+5	1.30000000E+1	1.31500000E+3	6.04900000E+0	6.04900000E+0	2.14911556E+0	1.97553315E+2	2.17391304E+2
9.61325000E+3	8.11573809E+1	-3.67508000E+5	-3.36804000E+5	2.10000000E+1	1.33500000E+3	6.05000000E+0	6.05000000E+0	3.47107438E+0	2.01818182E+2	2.20661157E+2
9.61350000E+3	8.11481887E+1	-3.68290000E+5	-3.37590000E+5	2.30000000E+1	1.30100000E+3	6.04900000E+0	6.04800000E+0	3.80291005E+0	1.95404199E+2	2.15076872E+2
9.61375000E+3	8.11390061E+1	-3.69071000E+5	-3.38375000E+5	1.60000000E+1	1.32100000E+3	6.05000000E+0	6.04900000E+0	2.64506530E+0	2.02148760E+2	2.18347107E+2
9.61400000E+3	8.11298329E+1	-3.69852000E+5	-3.39158000E+5	1.80000000E+1	1.27300000E+3	6.04900000E+0	6.04900000E+0	2.97569846E+0	1.88956852E+2	2.10448008E+2
9.61425000E+3	8.11206693E+1	-3.70631000E+5	-3.39941000E+5	1.40000000E+1	1.31500000E+3	6.05100000E+0	6.05000000E+0	2.31404959E+0	1.99305900E+2	2.17319451E+2
9.61450000E+3	8.11115152E+1	-3.71410000E+5	-3.40723000E+5	1.40000000E+1	1.24900000E+3	6.05000000E+0	6.04900000E+0	2.31443214E+0	1.88595041E+2	2.06446281E+2
9.61475000E+3	8.11023705E+1	-3.72188000E+5	-3.41504000E+5	1.40000000E+1	1.26900000E+3	6.04900000E+0	6.04900000E+0	2.31443214E+0	1.88295586E+2	2.09786742E+2
9.61500000E+3	8.10932352E+1	-3.72965000E+5	-3.42284000E+5	1.40000000E+1	1.26900000E+3	6.04900000E+0	6.04900000E+0	2.31443214E+0	1.93255083E+2	2.09786742E+2
9.61525000E+3	8.10841094E+1	-3.73741000E+5	-3.43064000E+5	2.10000000E+1	1.27000000E+3	6.05000000E+0	6.04900000E+0	3.47164821E+0	1.92396694E+2	2.09917355E+2
9.61550000E+3	8.10749928E+1	-3.74516000E+5	-3.43842000E+5	2.60000000E+1	1.24900000E+3	6.04900000E+0	6.04900000E+0	4.29823111E+0	1.87303687E+2	2.06480410E+2
9.61575000E+3	8.10658857E+1	-3.75291000E+5	-3.44620000E+5	1.90000000E+1	1.24600000E+3	6.05000000E+0	6.04900000E+0	3.14101504E+0	1.88264463E+2	2.05950413E+2
9.61600000E+3	8.10567878E+1	-3.76064000E+5	-3.45396000E+5	1.30000000E+1	1.25400000E+3	6.05000000E+0	6.04900000E+0	2.14911556E+0	1.88595041E+2	2.07272727E+2
9.61625000E+3	8.10476992E+1	-3.76837000E+5	-3.46172000E+5	1.80000000E+1	1.27300000E+3	6.04900000E+0	6.04900000E+0	2.97569846E+0	1.89452802E+2	2.10448008E+2
9.61650000E+3	8.10386199E+1	-3.77608000E+5	-3.46947000E+5	1.90000000E+1	1.23200000E+3	6.05100000E+0	6.05000000E+0	3.14049587E+0	1.84432325E+2	2.03602710E+2
9.61675000E+3	8.10295498E+1	-3.78379000E+5	-3.47721000E+5	1.20000000E+1	1.22500000E+3	6.04900000E+0	6.04900000E+0	1.98379898E+0	1.83005455E+2	2.02512812E+2
9.61700000E+3	8.10204889E+1	-3.79149000E+5	-3.48494000E+5	1.70000000E+1	1.33600000E+3	6.05000000E+0	6.05000000E+0	2.80991736E+0	2.04793388E+2	2.20826446E+2
9.61725000E+3	8.10114372E+1	-3.79918000E+5	-3.49267000E+5	1.90000000E+1	1.22300000E+3	6.04900000E+0	6.04900000E+0	3.14101504E+0	1.84162672E+2	2.02182179E+2
9.61750000E+3	8.10023946E+1	-3.80687000E+5	-3.50038000E+5	1.60000000E+1	1.28500000E+3	6.05000000E+0	6.04900000E+0	2.64506530E+0	1.94710744E+2	2.12396694E+2
9.61775000E+3	8.09933612E+1	-3.81454000E+5	-3.50809000E+5	2.00000000E+1	1.24100000E+3	6.05000000E+0	6.05000000E+0	3.30578512E+0	1.83636364E+2	2.05123967E+2
9.61800000E+3	8.09843368E+1	-3.82221000E+5	-3.51578000E+5	1.80000000E+1	1.25300000E+3	6.05000000E+0	6.04900000E+0	2.97569846E+0	1.87603306E+2	2.07107438E+2
9.61825000E+3	8.09753215E+1	-3.82986000E+5	-3.52347000E+5	9.00000000E+0	1.20100000E+3	6.05200000E+0	6.05100000E+0	1.48735746E+0	1.81923331E+2	1.98446794E+2
9.61850000E+3	8.09663153E+1	-3.83751000E+5	-3.53115000E+5	1.90000000E+1	1.21600000E+3	6.04900000E+0	6.04900000E+0	3.14101504E+0	1.84823938E+2	2.01024963E+2
9.61875000E+3	8.09573180E+1	-3.84515000E+5	-3.53883000E+5	1.70000000E+1	1.17900000E+3	6.05000000E+0	6.05000000E+0	2.80991736E+0	1.80165289E+2	1.94876033E+2
9.61900000E+3	8.09483298E+1	-3.85278000E+5	-3.54649000E+5	1.40000000E+1	1.15800000E+3	6.05000000E+0	6.04900000E+0	2.31443214E+0	1.71570248E+2	1.91404959E+2
9.61925000E+3	8.09393505E+1	-3.86041000E+5	-3.55414000E+5	1.30000000E+1	1.21800000E+3	6.05000000E+0	6.05000000E+0	2.14876033E+0	1.81818182E+2	2.01322314E+2
9.61950000E+3	8.09303802E+1	-3.86802000E+5	-3.56179000E+5	1.00000000E+1	1.19100000E+3	6.04900000E+0	6.04900000E+0	1.65316581E+0	1.80525707E+2	1.96892048E+2
9.61975000E+3	8.09214188E+1	-3.87563000E+5	-3.56943000E+5	2.30000000E+1	1.25000000E+3	6.04900000E+0	6.04800000E+0	3.80291005E+0	1.88791536E+2	2.06645727E+2
9.62000000E+3	8.09124663E+1	-3.88323000E+5	-3.57706000E+5	1.60000000E+1	1.15600000E+3	6.04900000E+0	6.04900000E+0	2.64506530E+0	1.74904943E+2	1.91105968E+2
9.62025000E+3	8.09035226E+1	-3.89082000E+5	-3.58468000E+5	1.20000000E+1	1.26300000E+3	6.05000000E+0	6.05000000E+0	1.98347107E+0	1.91239669E+2	2.08760331E+2
9.62050000E+3	8.08945878E+1	-3.89840000E+5	-3.59230000E+5	9.00000000E+0	1.29100000E+3	6.04900000E+0	6.04800000E+0	1.48809524E+0	1.90775335E+2	2.13423706E+2
9.62075000E+3	8.08856617E+1	-3.90597000E+5	-3.59990000E+5	1.70000000E+1	1.20500000E+3	6.05000000E+0	6.05000000E+0	2.80991736E+0	1.82314050E+2	1.99173554E+2
9.62100000E+3	8.08767445E+1	-3.91354000E+5	-3.60750000E+5	1.20000000E+1	1.21100000E+3	6.04900000E+0	6.04900000E+0	1.98379898E+0	1.84162672E+2	2.00198380E+2
9.62125000E+3	8.08678360E+1	-3.92109000E+5	-3.61509000E+5	1.60000000E+1	1.20900000E+3	6.05000000E+0	6.05000000E+0	2.64462810E+0	1.81487603E+2	1.99834711E+2
9.62150000E+3	8.08589363E+1	-3.92864000E+5	-3.62267000E+5	1.60000000E+1	1.17700000E+3	6.04900000E+0	6.04800000E+0	2.64550265E+0	1.79864440E+2	1.94577616E+2
9.62175000E+3	8.08500453E+1	-3.93618000E+5	-3.63024000E+5	1.40000000E+1	1.29600000E+3	6.05000000E+0	6.05000000E+0	2.31404959E+0	1.96528926E+2	2.14214876E+2
9.62200000E+3	8.08411630E+1	-3.94371000E+5	-3.63780000E+5	1.90000000E+1	1.24300000E+3	6.05000000E+0	6.05000000E+0	3.14049587E+0	1.88595041E+2	2.05454545E+2
9.62225000E+3	8.08322893E+1	-3.95124000E+5	-3.64536000E+5	1.20000000E+1	1.22700000E+3	6.05000000E+0	6.04900000E+0	1.98379898E+0	1.85289256E+2	2.02809917E+2
9.62250000E+3	8.08234243E+1	-3.95875000E+5	-3.65291000E+5	1.80000000E+1	1.18600000E+3	6.04900000E+0	6.04900000E+0	2.97569846E+0	1.79203174E+2	1.96065465E+2
9.62275000E+3	8.08145679E+1	-3.96626000E+5	-3.66045000E+5	1.10000000E+1	1.17400000E+3	6.05100000E+0	6.05100000E+0	1.81788134E+0	1.73359775E+2	1.94017518E+2
9.62300000E+3	8.08057201E+1	-3.97376000E+5	-3.66798000E+5	1.30000000E+1	1.17000000E+3	6.05000000E+0	6.05000000E+0	2.14876033E+0	1.74380165E+2	1.93388430E+2
9.62325000E+3	8.07968809E+1	-3.98125000E+5	-3.67550000E+5	1.40000000E+1	1.25800000E+3	6.05200000E+0	6.05100000E+0	2.31366716E+0	1.86880370E+2	2.07865169E+2
9.62350000E+3	8.07880502E+1	-3.98873000E+5	-3.68302000E+5	1.70000000E+1	1.23400000E+3	6.05000000E+0	6.05000000E+0	2.80991736E+0	1.85619835E+2	2.03966942E+2
9.62375000E+3	8.07792280E+1	-3.99621000E+5	-3.69052000E+5	2.20000000E+1	1.15700000E+3	6.04900000E+0	6.04900000E+0	3.63696479E+0	1.74408993E+2	1.91271285E+2
9.62400000E+3	8.07704143E+1	-4.00368000E+5	-3.69802000E+5	1.60000000E+1	1.17600000E+3	6.04900000E+0	6.04900000E+0	2.64506530E+0	1.79037857E+2	1.94412300E+2
9.62425000E+3	8.07616091E+1	-4.01114000E+5	-3.70552000E+5	1.70000000E+1	1.20300000E+3	6.04900000E+0	6.04900000E+0	2.81038188E+0	1.82674822E+2	1.98875847E+2
9.62450000E+3	8.07528124E+1	-4.01859000E+5	-3.71300000E+5	1.10000000E+1	1.16200000E+3	6.05000000E+0	6.05000000E+0	1.81818182E+0	1.75041322E+2	1.92066116E+2
9.62475000E+3	8.07440241E+1	-4.02603000E+5	-3.72047000E+5	1.20000000E+1	1.18800000E+3	6.04900000E+0	6.04900000E+0	1.98379898E+0	1.80856340E+2	1.96396099E+2
9.62500000E+3	8.07352442E+1	-4.03347000E+5	-3.72794000E+5	1.50000000E+1	1.18300000E+3	6.04900000E+0	6.04900000E+0	2.47974872E+0	1.73913043E+2	1.95569516E+2
9.62525000E+3	8.07264726E+1	-4.04089000E+5	-3.73540000E+5	1.40000000E+1	1.18200000E+3	6.04900000E+0	6.04900000E+0	2.31443214E+0	1.76723425E+2	1.95404199E+2
9.62550000E+3	8.07177095E+1	-4.04831000E+5	-3.74285000E+5	8.00000000E+0	1.17700000E+3	6.04900000E+0	6.04900000E+0	1.32253265E+0	1.75235576E+2	1.94577616E+2
9.62575000E+3	8.07089546E+1	-4.05573000E+5	-3.75030000E+5	1.80000000E+1	1.13700000E+3	6.04900000E+0	6.04900000E+0	2.97569846E+0	1.71763928E+2	1.87964953E+2
9.62600000E+3	8.07002081E+1	-4.06313000E+5	-3.75773000E+5	2.00000000E+1	1.19000000E+3	6.05100000E+0	6.05100000E+0	3.30523880E+0	1.77656586E+2	1.96661709E+2
9.62625000E+3	8.06914699E+1	-4.07053000E+5	-3.76516000E+5	1.80000000E+1	1.18000000E+3	6.04900000E+0	6.04900000E+0	2.97569846E+0	1.77715325E+2	1.95073566E+2
9.62650000E+3	8.06827399E+1	-4.07792000E+5	-3.77258000E+5	2.60000000E+1	1.18400000E+3	6.04900000E+0	6.04900000E+0	4.29823111E+0	1.81848239E+2	1.95734832E+2
9.62675000E+3	8.06740182E+1	-4.08530000E+5	-3.78000000E+5	1.80000000E+1	1.17400000E+3	6.05000000E+0	6.05000000E+0	2.97520661E+0	1.77190083E+2	1.94049587E+2
9.62700000E+3	8.06653047E+1	-4.09267000E+5	-3.78740000E+5	2.20000000E+1	1.22800000E+3	6.05000000E+0	6.05000000E+0	3.63636364E+0	1.85950413E+2	2.02975207E+2
9.62725000E+3	8.06565994E+1	-4.10003000E+5	-3.79480000E+5	1.40000000E+1	1.20000000E+3	6.04900000E+0	6.04900000E+0	2.31443214E+0	1.80195074E+2	1.98379898E+2
9.62750000E+3	8.06479023E+1	-4.10739000E+5	-3.80219000E+5	1.80000000E+1	1.17700000E+3	6.04900000E+0	6.04900000E+0	2.97569846E+0	1.76392792E+2	1.94577616E+2
9.62775000E+3	8.06392133E+1	-4.11474000E+5	-3.80957000E+5	2.20000000E+1	1.15100000E+3	6.05100000E+0	6.05100000E+0	3.63576268E+0	1.72368204E+2	1.90216493E+2
9.62800000E+3	8.06305325E+1	-4.12208000E+5	-3.81694000E+5	1.50000000E+1	1.10000000E+3	6.05100000E+0	6.05100000E+0	2.47892910E+0	1.67906131E+2	1.81788134E+2
9.62825000E+3	8.06218598E+1	-4.12942000E+5	-3.82431000E+5	1.30000000E+1	1.17600000E+3	6.04900000E+0	6.04900000E+0	2.14911556E+0	1.74243677E+2	1.94412300E+2
9.62850000E+3	8.06131952E+1	-4.13675000E+5	-3.83167000E+5	1.30000000E+1	1.15500000E+3	6.05000000E+0	6.05000000E+0	2.14876033E+0	1.70247934E+2	1.90909091E+2
9.62875000E+3	8.06045387E+1	-4.14407000E+5	-3.83902000E+5	1.50000000E+1	1.16100000E+3	6.05000000E+0	6.04900000E+0	2.47974872E+0	1.74710744E+2	1.91900826E+2
9.62900000E+3	8.05958902E+1	-4.15138000E+5	-3.84636000E+5	1.80000000E+1	1.16500000E+3	6.05000000E+0	6.05000000E+0	2.97520661E+0	1.78677686E+2	1.92561983E+2
9.62925000E+3	8.05872497E+1	-4.15868000E+5	-3.85370000E+5	1.50000000E+1	1.13700000E+3	6.05100000E+0	6.05100000E+0	2.47892910E+0	1.68567179E+2	1.87902826E+2
9.62950000E+3	8.05786173E+1	-4.16598000E+5	-3.86103000E+5	1.90000000E+1	1.09000000E+3	6.04900000E+0	6.04900000E+0	3.14101504E+0	1.63002149E+2	1.80195074E+2
9.62975000E+3	8.05699928E+1	-4.17327000E+5	-3.86835000E+5	1.70000000E+1	1.09400000E+3	6.05000000E+0	6.05000000E+0	2.80991736E+0	1.65123967E+2	1.80826446E+2
9.63000000E+3	8.05613763E+1	-4.18055000E+5	-3.87566000E+5	1.42000000E+2	1.11340000E+4	6.00510000E+1	6.00440000E+1	2.36493238E+0	1.69006345E+2	1.85409069E+2
9.63025000E+3	8.05527677E+1	-4.18782000E+5	-3.88297000E+5	1.43000000E+2	1.13030000E+4	6.00510000E+1	6.00440000E+1	2.38158684E+0	1.70221978E+2	1.88223343E+2
9.63050000E+3	8.05441671E+1	-4.19509000E+5	-3.89027000E+5	1.49000000E+2	1.09600000E+4	6.00510000E+1	6.00440000E+1	2.48151356E+0	1.65709147E+2	1.82511532E+2
9.63075000E+3	8.05355743E+1	-4.20235000E+5	-3.89756000E+5	1.65000000E+2	1.11390000E+4	6.00510000E+1	6.00430000E+1	2.74803058E+0	1.68356897E+2	1.85492332E+2
9.63100000E+3	8.05269895E+1	-4.20960000E+5	-3.90484000E+5	1.35000000E+2	1.11920000E+4	6.00510000E+1	6.00440000E+1	2.24835121E+0	1.69422657E+2	1.86374915E+2
9.63125000E+3	8.05184125E+1	-4.21685000E+5	-3.91212000E+5	1.48000000E+2	1.11240000E+4	6.00500000E+1	6.00430000E+1	2.46490015E+0	1.67726894E+2	1.85245629E+2
9.63150000E+3	8.05098433E+1	-4.22408000E+5	-3.91939000E+5	1.50000000E+2	1.09280000E+4	6.00510000E+1	6.00440000E+1	2.49816801E+0	1.65792410E+2	1.81978651E+2
9.63175000E+3	8.05012820E+1	-4.23131000E+5	-3.92665000E+5	1.69000000E+2	1.10820000E+4	6.00510000E+1	6.00440000E+1	2.81460262E+0	1.67790711E+2	1.84543138E+2
9.63200000E+3	8.04927285E+1	-4.23853000E+5	-3.93391000E+5	1.54000000E+2	1.08210000E+4	6.00510000E+1	6.00440000E+1	2.56478582E+0	1.64160464E+2	1.80196833E+2
9.63225000E+3	8.04841827E+1	-4.24575000E+5	-3.94115000E+5	1.75000000E+2	1.10300000E+4	6.00510000E+1	6.00440000E+1	2.91452935E+0	1.66541773E+2	1.83677208E+2
9.63250000E+3	8.04756447E+1	-4.25296000E+5	-3.94839000E+5	1.58000000E+2	1.10860000E+4	6.00520000E+1	6.00450000E+1	2.63135981E+0	1.67354959E+2	1.84606674E+2
9.63275000E+3	8.04671144E+1	-4.26016000E+5	-3.95562000E+5	1.43000000E+2	1.09440000E+4	6.00510000E+1	6.00440000E+1	2.38158684E+0	1.65192919E+2	1.82245092E+2
9.63300000E+3	8.04585919E+1	-4.26735000E+5	-3.96285000E+5	1.62000000E+2	1.09370000E+4	6.00510000E+1	6.00440000E+1	2.69802145E+0	1.65242877E+2	1.82128524E+2
9.63325000E+3	8.04500770E+1	-4.27454000E+5	-3.97007000E+5	1.43000000E+2	1.08950000E+4	6.00510000E+1	6.00440000E+1	2.38158684E+0	1.64027244E+2	1.81429119E+2
9.63350000E+3	8.04415699E+1	-4.28171000E+5	-3.97728000E+5	1.60000000E+2	1.06710000E+4	6.00500000E+1	6.00430000E+1	2.66475692E+0	1.61881765E+2	1.77701915E+2
9.63375000E+3	8.04330703E+1	-4.28889000E+5	-3.98448000E+5	1.44000000E+2	1.06780000E+4	6.00510000E+1	6.00440000E+1	2.39824129E+0	1.60530216E+2	1.77815523E+2
9.63400000E+3	8.04245785E+1	-4.29605000E+5	-3.99168000E+5	1.73000000E+2	1.10450000E+4	6.00520000E+1	6.00450000E+1	2.88117245E+0	1.66722174E+2	1.83923933E+2
9.63425000E+3	8.04160942E+1	-4.30321000E+5	-3.99886000E+5	1.90000000E+2	1.07600000E+4	6.00490000E+1	6.00430000E+1	3.16439885E+0	1.63333278E+2	1.79186997E+2
9.63450000E+3	8.04076176E+1	-4.31036000E+5	-4.00605000E+5	1.69000000E+2	1.07040000E+4	6.00500000E+1	6.00430000E+1	2.81464950E+0	1.62464613E+2	1.78251457E+2
9.63475000E+3	8.03991485E+1	-4.31750000E+5	-4.01322000E+5	1.45000000E+2	1.06430000E+4	6.00520000E+1	6.00450000E+1	2.41485553E+0	1.59744888E+2	1.77229734E+2
9.63500000E+3	8.03906870E+1	-4.32463000E+5	-4.02039000E+5	1.68000000E+2	1.07000000E+4	6.00510000E+1	6.00440000E+1	2.79794817E+0	1.61629282E+2	1.78181879E+2
9.63525000E+3	8.03822330E+1	-4.33176000E+5	-4.02755000E+5	1.71000000E+2	1.08720000E+4	6.00500000E+1	6.00430000E+1	2.84795896E+0	1.64762698E+2	1.81049126E+2
9.63550000E+3	8.03737865E+1	-4.33888000E+5	-4.03470000E+5	1.63000000E+2	1.04170000E+4	6.00510000E+1	6.00440000E+1	2.71467590E+0	1.57216366E+2	1.73469218E+2
9.63575000E+3	8.03653476E+1	-4.34600000E+5	-4.04185000E+5	1.36000000E+2	1.06520000E+4	6.00510000E+1	6.00440000E+1	2.26500566E+0	1.60496911E+2	1.77382558E+2
9.63600000E+3	8.03569161E+1	-4.35310000E+5	-4.04899000E+5	1.49000000E+2	1.06420000E+4	6.00500000E+1	6.00430000E+1	2.48155489E+0	1.60482931E+2	1.77218984E+2
9.63625000E+3	8.03484921E+1	-4.36020000E+5	-4.05612000E+5	1.47000000E+2	1.06350000E+4	6.00510000E+1	6.00450000E+1	2.44816388E+0	1.61146359E+2	1.77099465E+2
9.63650000E+3	8.03400756E+1	-4.36730000E+5	-4.06324000E+5	1.59000000E+2	1.06500000E+4	6.00510000E+1	6.00440000E+1	2.64805809E+0	1.60297081E+2	1.77349253E+2
9.63675000E+3	8.03316665E+1	-4.37438000E+5	-4.07036000E+5	1.39000000E+2	1.07150000E+4	6.00510000E+1	6.00440000E+1	2.31496902E+0	1.61229621E+2	1.78431666E+2
9.63700000E+3	8.03232648E+1	-4.38146000E+5	-4.07747000E+5	1.52000000E+2	1.04130000E+4	6.00510000E+1	6.00440000E+1	2.53147692E+0	1.57466154E+2	1.73402608E+2
9.63725000E+3	8.03148704E+1	-4.38853000E+5	-4.08458000E+5	1.61000000E+2	1.07700000E+4	6.00490000E+1	6.00420000E+1	2.68145631E+0	1.62817033E+2	1.79353528E+2
9.63750000E+3	8.03064835E+1	-4.39560000E+5	-4.09167000E+5	1.59000000E+2	1.06230000E+4	6.00520000E+1	6.00450000E+1	2.64801399E+0	1.60993805E+2	1.76896690E+2
9.63775000E+3	8.02981039E+1	-4.40266000E+5	-4.09876000E+5	1.52000000E+2	1.04960000E+4	6.00490000E+1	6.00430000E+1	2.53151908E+0	1.58903562E+2	1.74790588E+2
9.63800000E+3	8.02897316E+1	-4.40971000E+5	-4.10584000E+5	1.76000000E+2	1.06040000E+4	6.00500000E+1	6.00440000E+1	2.93118380E+0	1.59000833E+2	1.76586178E+2
9.63825000E+3	8.02813667E+1	-4.41675000E+5	-4.11292000E+5	1.56000000E+2	1.04630000E+4	6.00490000E+1	6.00430000E+1	2.59813800E+0	1.57121684E+2	1.74241036E+2
9.63850000E+3	8.02730090E+1	-4.42379000E+5	-4.11999000E+5	1.66000000E+2	1.04020000E+4	6.00520000E+1	6.00450000E+1	2.76459322E+0	1.56797442E+2	1.73216546E+2
9.63875000E+3	8.02646587E+1	-4.43082000E+5	-4.12705000E+5	1.45000000E+2	1.04500000E+4	6.00510000E+1	6.00440000E+1	2.41489574E+0	1.57782551E+2	1.74018751E+2
9.63900000E+3	8.02563156E+1	-4.43784000E+5	-4.13411000E+5	1.60000000E+2	1.03680000E+4	6.00510000E+1	6.00440000E+1	2.66471254E+0	1.55817555E+2	1.72653245E+2
9.63925000E+3	8.02479797E+1	-4.44486000E+5	-4.14116000E+5	1.43000000E+2	1.05370000E+4	6.00510000E+1	6.00450000E+1	2.38154717E+0	1.59464455E+2	1.75467519E+2
9.63950000E+3	8.02396511E+1	-4.45187000E+5	-4.14820000E+5	1.55000000E+2	1.01870000E+4	6.00510000E+1	6.00440000E+1	2.58144028E+0	1.54918319E+2	1.69639140E+2
9.63975000E+3	8.02313296E+1	-4.45887000E+5	-4.15523000E+5	1.66000000E+2	1.04500000E+4	6.00500000E+1	6.00440000E+1	2.76463926E+0	1.57169026E+2	1.74021649E+2
9.64000000E+3	8.02230154E+1	-4.46587000E+5	-4.16226000E+5	1.37000000E+2	1.04870000E+4	6.00520000E+1	6.00450000E+1	2.28162212E+0	1.58046360E+2	1.74631986E+2
9.64025000E+3	8.02147084E+1	-4.47286000E+5	-4.16928000E+5	1.63000000E+2	1.03760000E+4	6.00500000E+1	6.00440000E+1	2.71467590E+0	1.55736886E+2	1.72789342E+2
9.64050000E+3	8.02064085E+1	-4.47984000E+5	-4.17630000E+5	1.68000000E+2	1.04820000E+4	6.00510000E+1	6.00440000E+1	2.79794817E+0	1.58631830E+2	1.74551631E+2
9.64075000E+3	8.01981157E+1	-4.48682000E+5	-4.18330000E+5	1.49000000E+2	1.03380000E+4	6.00510000E+1	6.00440000E+1	2.48151356E+0	1.55900818E+2	1.72153669E+2
9.64100000E+3	8.01898300E+1	-4.49378000E+5	-4.19031000E+5	1.39000000E+2	1.00700000E+4	6.00510000E+1	6.00440000E+1	2.31496902E+0	1.51954172E+2	1.67690796E+2
9.64125000E+3	8.01815515E+1	-4.50075000E+5	-4.19730000E+5	1.79000000E+2	1.02630000E+4	6.00510000E+1	6.00440000E+1	2.98114716E+0	1.54202261E+2	1.70904731E+2
9.64150000E+3	8.01732800E+1	-4.50770000E+5	-4.20429000E+5	1.43000000E+2	1.04690000E+4	6.00520000E+1	6.00450000E+1	2.38154717E+0	1.58695797E+2	1.74332245E+2
9.64175000E+3	8.01650157E+1	-4.51465000E+5	-4.21127000E+5	1.46000000E+2	1.03280000E+4	6.00510000E+1	6.00450000E+1	2.43150970E+0	1.55434547E+2	1.71987144E+2
9.64200000E+3	8.01567583E+1	-4.52159000E+5	-4.21824000E+5	1.39000000E+2	1.02520000E+4	6.00500000E+1	6.00430000E+1	2.31500758E+0	1.54471274E+2	1.70724396E+2
9.64225000E+3	8.01485080E+1	-4.52853000E+5	-4.22521000E+5	1.36000000E+2	1.01060000E+4	6.00510000E+1	6.00450000E+1	2.26496794E+0	1.52253918E+2	1.68290287E+2
9.64250000E+3	8.01402647E+1	-4.53546000E+5	-4.23217000E+5	1.43000000E+2	1.00340000E+4	6.00500000E+1	6.00430000E+1	2.38162650E+0	1.52123231E+2	1.67094088E+2
9.64275000E+3	8.01320284E+1	-4.54238000E+5	-4.23913000E+5	1.53000000E+2	1.01150000E+4	6.00500000E+1	6.00430000E+1	2.54817381E+0	1.52023314E+2	1.68442964E+2
9.64300000E+3	8.01237991E+1	-4.54930000E+5	-4.24607000E+5	1.53000000E+2	1.01320000E+4	6.00510000E+1	6.00450000E+1	2.54808893E+0	1.53219763E+2	1.68723252E+2
9.64325000E+3	8.01155768E+1	-4.55621000E+5	-4.25301000E+5	1.31000000E+2	9.97100000E+3	6.00520000E+1	6.00450000E+1	2.18169706E+0	1.50369680E+2	1.66039432E+2
9.64350000E+3	8.01073614E+1	-4.56311000E+5	-4.25995000E+5	1.59000000E+2	1.01430000E+4	6.00510000E+1	6.00450000E+1	2.64801399E+0	1.52903365E+2	1.68906430E+2
9.64375000E+3	8.00991530E+1	-4.57001000E+5	-4.26688000E+5	1.60000000E+2	9.97600000E+3	6.00500000E+1	6.00440000E+1	2.66471254E+0	1.51557036E+2	1.66128226E+2
9.64400000E+3	8.00909514E+1	-4.57689000E+5	-4.27380000E+5	1.62000000E+2	1.00040000E+4	6.00510000E+1	6.00440000E+1	2.69802145E+0	1.51587817E+2	1.66591730E+2
9.64425000E+3	8.00827568E+1	-4.58378000E+5	-4.28071000E+5	1.79000000E+2	1.00900000E+4	6.00510000E+1	6.00450000E+1	2.98109751E+0	1.51870910E+2	1.68023846E+2
9.64450000E+3	8.00745690E+1	-4.59065000E+5	-4.28762000E+5	1.43000000E+2	1.00010000E+4	6.00500000E+1	6.00440000E+1	2.38158684E+0	1.51024147E+2	1.66544546E+2
9.64475000E+3	8.00663881E+1	-4.59752000E+5	-4.29452000E+5	1.53000000E+2	1.00220000E+4	6.00510000E+1	6.00450000E+1	2.54808893E+0	1.50022481E+2	1.66891476E+2
9.64500000E+3	8.00582141E+1	-4.60439000E+5	-4.30142000E+5	1.43000000E+2	9.87500000E+3	6.00500000E+1	6.00440000E+1	2.38158684E+0	1.48592839E+2	1.64446295E+2
9.64525000E+3	8.00500469E+1	-4.61124000E+5	-4.30831000E+5	1.49000000E+2	9.75700000E+3	6.00510000E+1	6.00450000E+1	2.48147223E+0	1.47457994E+2	1.62478560E+2
9.64550000E+3	8.00418865E+1	-4.61809000E+5	-4.31519000E+5	1.53000000E+2	9.85000000E+3	6.00500000E+1	6.00440000E+1	2.54813137E+0	1.48159867E+2	1.64029975E+2
9.64575000E+3	8.00337329E+1	-4.62494000E+5	-4.32207000E+5	1.46000000E+2	1.00010000E+4	6.00500000E+1	6.00430000E+1	2.43159069E+0	1.49525396E+2	1.66544546E+2
9.64600000E+3	8.00255861E+1	-4.63178000E+5	-4.32893000E+5	1.66000000E+2	9.79300000E+3	6.00500000E+1	6.00440000E+1	2.76463926E+0	1.47843464E+2	1.63080766E+2
9.64625000E+3	8.00174461E+1	-4.63861000E+5	-4.33580000E+5	1.44000000E+2	9.82000000E+3	6.00500000E+1	6.00440000E+1	2.39824129E+0	1.47810158E+2	1.63530391E+2
9.64650000E+3	8.00093128E+1	-4.64543000E+5	-4.34265000E+5	1.65000000E+2	9.90900000E+3	6.00500000E+1	6.00440000E+1	2.74798481E+0	1.49109076E+2	1.65012490E+2
9.64675000E+3	8.00011863E+1	-4.65225000E+5	-4.34950000E+5	1.66000000E+2	9.68900000E+3	6.00510000E+1	6.00450000E+1	2.76459322E+0	1.46042531E+2	1.61346189E+2
9.64700000E+3	7.99930665E+1	-4.65906000E+5	-4.35635000E+5	1.60000000E+2	9.69700000E+3	6.00500000E+1	6.00430000E+1	2.66475692E+0	1.45678601E+2	1.61482098E+2
9.64725000E+3	7.99849534E+1	-4.66587000E+5	-4.36319000E+5	1.52000000E+2	9.71000000E+3	6.00520000E+1	6.00460000E+1	2.53139260E+0	1.46040099E+2	1.61693199E+2
9.64750000E+3	7.99768469E+1	-4.67267000E+5	-4.37002000E+5	1.42000000E+2	9.60300000E+3	6.00500000E+1	6.00440000E+1	2.36493238E+0	1.44029975E+2	1.59916736E+2
9.64775000E+3	7.99687472E+1	-4.67946000E+5	-4.37684000E+5	1.55000000E+2	9.63900000E+3	6.00510000E+1	6.00450000E+1	2.58139729E+0	1.44510499E+2	1.60513563E+2
9.64800000E+3	7.99606541E+1	-4.68625000E+5	-4.38366000E+5	1.54000000E+2	9.45800000E+3	6.00510000E+1	6.00450000E+1	2.56474311E+0	1.41929360E+2	1.57499459E+2
9.64825000E+3	7.99525676E+1	-4.69303000E+5	-4.39047000E+5	1.14000000E+2	9.51300000E+3	6.00500000E+1	6.00440000E+1	1.89860769E+0	1.42681099E+2	1.58417985E+2
9.64850000E+3	7.99444878E+1	-4.69980000E+5	-4.39728000E+5	1.40000000E+2	9.65000000E+3	6.00510000E+1	6.00450000E+1	2.33158464E+0	1.44294017E+2	1.60696741E+2
9.64875000E+3	7.99364146E+1	-4.70657000E+5	-4.40408000E+5	1.41000000E+2	9.65900000E+3	6.00520000E+1	6.00460000E+1	2.34819971E+0	1.46306534E+2	1.60843935E+2
9.64900000E+3	7.99283480E+1	-4.71333000E+5	-4.41087000E+5	1.51000000E+2	9.62100000E+3	6.00520000E+1	6.00460000E+1	2.51473870E+0	1.45174182E+2	1.60211150E+2
9.64925000E+3	7.99202880E+1	-4.72009000E+5	-4.41766000E+5	1.59000000E+2	9.46500000E+3	6.00510000E+1	6.00450000E+1	2.64801399E+0	1.42928511E+2	1.57616026E+2
9.64950000E+3	7.99122345E+1	-4.72684000E+5	-4.42444000E+5	1.40000000E+2	9.47400000E+3	6.00520000E+1	6.00460000E+1	2.33154581E+0	1.41743822E+2	1.57763272E+2
9.64975000E+3	7.99041876E+1	-4.73358000E+5	-4.43122000E+5	1.53000000E+2	9.55700000E+3	6.00510000E+1	6.00450000E+1	2.54808893E+0	1.43378129E+2	1.59148057E+2
9.65000000E+3	7.98961472E+1	-4.74032000E+5	-4.43798000E+5	1.59000000E+2	9.50600000E+3	6.00510000E+1	6.00450000E+1	2.64801399E+0	1.42329020E+2	1.58298779E+2
9.65025000E+3	7.98881134E+1	-4.74705000E+5	-4.44475000E+5	1.47000000E+2	9.42900000E+3	6.00520000E+1	6.00460000E+1	2.44812311E+0	1.42493173E+2	1.57013921E+2
9.65050000E+3	7.98800860E+1	-4.75377000E+5	-4.45150000E+5	1.46000000E+2	9.64500000E+3	6.00500000E+1	6.00440000E+1	2.43155020E+0	1.44446295E+2	1.60616153E+2
9.65075000E+3	7.98720652E+1	-4.76049000E+5	-4.45825000E+5	1.65000000E+2	9.44700000E+3	6.00530000E+1	6.00470000E+1	2.74784752E+0	1.41658202E+2	1.57311042E+2
9.65100000E+3	7.98640508E+1	-4.76720000E+5	-4.46500000E+5	1.50000000E+2	9.48900000E+3	6.00520000E+1	6.00460000E+1	2.49808480E+0	1.42010258E+2	1.58013055E+2
9.65125000E+3	7.98560429E+1	-4.77391000E+5	-4.47173000E+5	1.44000000E+2	9.45100000E+3	6.00510000E+1	6.00450000E+1	2.39820135E+0	1.42528850E+2	1.57382891E+2
9.65150000E+3	7.98480414E+1	-4.78061000E+5	-4.47847000E+5	1.48000000E+2	9.37100000E+3	6.00520000E+1	6.00460000E+1	2.46477700E+0	1.41011124E+2	1.56048092E+2
9.65175000E+3	7.98400464E+1	-4.78730000E+5	-4.48519000E+5	1.50000000E+2	9.34900000E+3	6.00520000E+1	6.00460000E+1	2.49808480E+0	1.39845467E+2	1.55681742E+2
9.65200000E+3	7.98320577E+1	-4.79399000E+5	-4.49191000E+5	1.35000000E+2	9.17400000E+3	6.00500000E+1	6.00450000E+1	2.24831376E+0	1.37985012E+2	1.52772689E+2
9.65225000E+3	7.98240755E+1	-4.80067000E+5	-4.49862000E+5	1.62000000E+2	9.30000000E+3	6.00500000E+1	6.00440000E+1	2.69802145E+0	1.39716903E+2	1.54870941E+2
9.65250000E+3	7.98160997E+1	-4.80735000E+5	-4.50533000E+5	1.31000000E+2	9.14100000E+3	6.00500000E+1	6.00440000E+1	2.18173340E+0	1.37185679E+2	1.52223147E+2
9.65275000E+3	7.98081302E+1	-4.81402000E+5	-4.51203000E+5	1.49000000E+2	9.33000000E+3	6.00510000E+1	6.00450000E+1	2.48147223E+0	1.39731228E+2	1.55367937E+2
9.65300000E+3	7.98001671E+1	-4.82068000E+5	-4.51873000E+5	1.75000000E+2	9.23500000E+3	6.00500000E+1	6.00440000E+1	2.91452935E+0	1.38667777E+2	1.53788510E+2
9.65325000E+3	7.97922103E+1	-4.82734000E+5	-4.52542000E+5	1.53000000E+2	9.30300000E+3	6.00500000E+1	6.00450000E+1	2.54808893E+0	1.40732723E+2	1.54920899E+2
9.65350000E+3	7.97842599E+1	-4.83399000E+5	-4.53210000E+5	1.51000000E+2	9.28500000E+3	6.00500000E+1	6.00440000E+1	2.51482246E+0	1.39833472E+2	1.54621149E+2
9.65375000E+3	7.97763158E+1	-4.84063000E+5	-4.53878000E+5	1.55000000E+2	9.16000000E+3	6.00510000E+1	6.00450000E+1	2.58139729E+0	1.37882800E+2	1.52537010E+2
9.65400000E+3	7.97683780E+1	-4.84727000E+5	-4.54545000E+5	1.56000000E+2	9.37200000E+3	6.00510000E+1	6.00460000E+1	2.59800819E+0	1.41013472E+2	1.56067343E+2
9.65425000E+3	7.97604465E+1	-4.85391000E+5	-4.55211000E+5	1.70000000E+2	9.38800000E+3	6.00510000E+1	6.00460000E+1	2.83116278E+0	1.41080082E+2	1.56333783E+2
9.65450000E+3	7.97525212E+1	-4.86053000E+5	-4.55877000E+5	1.73000000E+2	9.20800000E+3	6.00510000E+1	6.00460000E+1	2.88112447E+0	1.38182545E+2	1.53336331E+2
9.65475000E+3	7.97446022E+1	-4.86716000E+5	-4.56543000E+5	1.69000000E+2	9.34300000E+3	6.00500000E+1	6.00450000E+1	2.81455575E+0	1.40499584E+2	1.55587011E+2
9.65500000E+3	7.97366895E+1	-4.87377000E+5	-4.57207000E+5	1.50000000E+2	9.15400000E+3	6.00500000E+1	6.00440000E+1	2.49816801E+0	1.37685262E+2	1.52439634E+2
9.65525000E+3	7.97287830E+1	-4.88038000E+5	-4.57872000E+5	1.44000000E+2	9.17900000E+3	6.00500000E+1	6.00450000E+1	2.39820135E+0	1.36686095E+2	1.52855953E+2
9.65550000E+3	7.97208827E+1	-4.88698000E+5	-4.58535000E+5	1.37000000E+2	9.16200000E+3	6.00510000E+1	6.00460000E+1	2.28158412E+0	1.37699622E+2	1.52570315E+2
9.65575000E+3	7.97129886E+1	-4.89358000E+5	-4.59198000E+5	1.44000000E+2	9.09600000E+3	6.00500000E+1	6.00450000E+1	2.39820135E+0	1.36069942E+2	1.51473772E+2
9.65600000E+3	7.97051007E+1	-4.90017000E+5	-4.59861000E+5	1.76000000E+2	9.11100000E+3	6.00500000E+1	6.00440000E+1	2.93118380E+0	1.37452123E+2	1.51723564E+2
9.65625000E+3	7.96972189E+1	-4.90676000E+5	-4.60522000E+5	1.52000000E+2	9.04100000E+3	6.00510000E+1	6.00460000E+1	2.53139260E+0	1.34618907E+2	1.50555361E+2
9.65650000E+3	7.96893434E+1	-4.91334000E+5	-4.61184000E+5	1.65000000E+2	9.08700000E+3	6.00510000E+1	6.00450000E+1	2.74793905E+0	1.36267506E+2	1.51321377E+2
9.65675000E+3	7.96814739E+1	-4.91992000E+5	-4.61844000E+5	1.40000000E+2	9.22100000E+3	6.00510000E+1	6.00460000E+1	2.33154581E+0	1.36916954E+2	1.53552813E+2
9.65700000E+3	7.96736106E+1	-4.92648000E+5	-4.62504000E+5	1.58000000E+2	9.04400000E+3	6.00500000E+1	6.00450000E+1	2.63135981E+0	1.36203164E+2	1.50607827E+2
9.65725000E+3	7.96657535E+1	-4.93305000E+5	-4.63164000E+5	1.63000000E+2	9.03000000E+3	6.00510000E+1	6.00460000E+1	2.71458548E+0	1.35135135E+2	1.50372184E+2
9.65750000E+3	7.96579024E+1	-4.93960000E+5	-4.63822000E+5	1.67000000E+2	9.04700000E+3	6.00500000E+1	6.00450000E+1	2.78124740E+0	1.35237302E+2	1.50657785E+2
9.65775000E+3	7.96500575E+1	-4.94615000E+5	-4.64481000E+5	1.60000000E+2	8.92900000E+3	6.00500000E+1	6.00440000E+1	2.66471254E+0	1.34371357E+2	1.48692756E+2
9.65800000E+3	7.96422186E+1	-4.95270000E+5	-4.65139000E+5	1.58000000E+2	8.87600000E+3	6.00510000E+1	6.00450000E+1	2.63135981E+0	1.33070224E+2	1.47807697E+2
9.65825000E+3	7.96343858E+1	-4.95924000E+5	-4.65796000E+5	1.67000000E+2	8.99800000E+3	6.00520000E+1	6.00460000E+1	2.78120108E+0	1.34949710E+2	1.49836808E+2
9.65850000E+3	7.96265590E+1	-4.96577000E+5	-4.66452000E+5	1.93000000E+2	8.93300000E+3	6.00510000E+1	6.00460000E+1	3.21420244E+0	1.33603104E+2	1.48756890E+2
9.65875000E+3	7.96187383E+1	-4.97230000E+5	-4.67108000E+5	1.77000000E+2	8.95200000E+3	6.00510000E+1	6.00460000E+1	2.94774007E+0	1.33386621E+2	1.49073288E+2
9.65900000E+3	7.96109236E+1	-4.97882000E+5	-4.67764000E+5	1.62000000E+2	8.86900000E+3	6.00510000E+1	6.00450000E+1	2.69797652E+0	1.32637258E+2	1.47691129E+2
9.65925000E+3	7.96031149E+1	-4.98534000E+5	-4.68418000E+5	1.97000000E+2	9.05900000E+3	6.00510000E+1	6.00460000E+1	3.28081804E+0	1.35851193E+2	1.50855106E+2
9.65950000E+3	7.95953123E+1	-4.99185000E+5	-4.69073000E+5	1.86000000E+2	9.02000000E+3	6.00510000E+1	6.00450000E+1	3.09767674E+0	1.34235899E+2	1.50205659E+2
9.65975000E+3	7.95875156E+1	-4.99836000E+5	-4.69726000E+5	1.89000000E+2	8.89000000E+3	6.00520000E+1	6.00470000E+1	3.14753443E+0	1.33750749E+2	1.48038367E+2
9.66000000E+3	7.95797249E+1	-5.00486000E+5	-4.70380000E+5	2.04000000E+2	8.89700000E+3	6.00500000E+1	6.00450000E+1	3.39745191E+0	1.34238135E+2	1.48159867E+2
9.66025000E+3	7.95719401E+1	-5.01135000E+5	-4.71032000E+5	2.01000000E+2	8.92000000E+3	6.00500000E+1	6.00440000E+1	3.34754513E+0	1.34554538E+2	1.48542881E+2
9.66050000E+3	7.95641613E+1	-5.01784000E+5	-4.71684000E+5	2.26000000E+2	8.83800000E+3	6.00500000E+1	6.00450000E+1	3.76384378E+0	1.32106578E+2	1.47177352E+2
9.66075000E+3	7.95563884E+1	-5.02432000E+5	-4.72336000E+5	2.06000000E+2	8.91800000E+3	6.00500000E+1	6.00450000E+1	3.43076026E+0	1.32522898E+2	1.48509575E+2
9.66100000E+3	7.95486215E+1	-5.03080000E+5	-4.72986000E+5	2.16000000E+2	8.80900000E+3	6.00500000E+1	6.00450000E+1	3.59730202E+0	1.32772689E+2	1.46694421E+2
9.66125000E+3	7.95408605E+1	-5.03727000E+5	-4.73637000E+5	2.45000000E+2	8.85200000E+3	6.00520000E+1	6.00460000E+1	4.08020518E+0	1.32635050E+2	1.47405582E+2
9.66150000E+3	7.95331054E+1	-5.04374000E+5	-4.74287000E+5	2.28000000E+2	8.78800000E+3	6.00500000E+1	6.00450000E+1	3.79715214E+0	1.31923397E+2	1.46344713E+2
9.66175000E+3	7.95253561E+1	-5.05020000E+5	-4.74936000E+5	2.37000000E+2	8.84800000E+3	6.00510000E+1	6.00460000E+1	3.94697399E+0	1.32870393E+2	1.47341426E+2
9.66200000E+3	7.95176127E+1	-5.05665000E+5	-4.75584000E+5	2.50000000E+2	8.89700000E+3	6.00510000E+1	6.00460000E+1	4.16347467E+0	1.33353316E+2	1.48157400E+2
9.66225000E+3	7.95098752E+1	-5.06310000E+5	-4.76232000E+5	2.43000000E+2	8.82200000E+3	6.00500000E+1	6.00450000E+1	4.04696478E+0	1.31773522E+2	1.46910908E+2
9.66250000E+3	7.95021436E+1	-5.06954000E+5	-4.76880000E+5	2.44000000E+2	8.63700000E+3	6.00500000E+1	6.00450000E+1	4.06361895E+0	1.29641965E+2	1.43830142E+2
9.66275000E+3	7.94944177E+1	-5.07598000E+5	-4.77527000E+5	2.54000000E+2	8.76300000E+3	6.00490000E+1	6.00440000E+1	4.23023116E+0	1.31725757E+2	1.45930823E+2
9.66300000E+3	7.94866977E+1	-5.08241000E+5	-4.78173000E+5	2.43000000E+2	8.74200000E+3	6.00500000E+1	6.00450000E+1	4.04696478E+0	1.30890924E+2	1.45578684E+2
9.66325000E+3	7.94789835E+1	-5.08884000E+5	-4.78819000E+5	2.40000000E+2	8.79700000E+3	6.00500000E+1	6.00450000E+1	3.99700225E+0	1.31706911E+2	1.46494588E+2
9.66350000E+3	7.94712751E+1	-5.09526000E+5	-4.79464000E+5	2.29000000E+2	8.80600000E+3	6.00510000E+1	6.00460000E+1	3.81374280E+0	1.31987810E+2	1.46642021E+2
9.66375000E+3	7.94635725E+1	-5.10168000E+5	-4.80109000E+5	2.37000000E+2	8.79700000E+3	6.00510000E+1	6.00460000E+1	3.94697399E+0	1.31904548E+2	1.46492148E+2
9.66400000E+3	7.94558757E+1	-5.10809000E+5	-4.80753000E+5	2.21000000E+2	8.72700000E+3	6.00520000E+1	6.00470000E+1	3.68045031E+0	1.31119696E+2	1.45324052E+2
9.66425000E+3	7.94481846E+1	-5.11449000E+5	-4.81397000E+5	2.25000000E+2	8.79400000E+3	6.00520000E+1	6.00460000E+1	3.74712720E+0	1.31802438E+2	1.46439752E+2
9.66450000E+3	7.94404993E+1	-5.12089000E+5	-4.82040000E+5	2.11000000E+2	8.52200000E+3	6.00500000E+1	6.00450000E+1	3.51403114E+0	1.27943381E+2	1.41915071E+2
9.66475000E+3	7.94328197E+1	-5.12728000E+5	-4.82683000E+5	2.32000000E+2	8.51000000E+3	6.00500000E+1	6.00450000E+1	3.86376884E+0	1.27643630E+2	1.41715237E+2
9.66500000E+3	7.94251458E+1	-5.13367000E+5	-4.83325000E+5	2.21000000E+2	8.54400000E+3	6.00510000E+1	6.00450000E+1	3.68057290E+0	1.27824682E+2	1.42279063E+2
9.66525000E+3	7.94174777E+1	-5.14006000E+5	-4.83966000E+5	2.34000000E+2	8.57900000E+3	6.00500000E+1	6.00450000E+1	3.89707719E+0	1.27826811E+2	1.42864280E+2
9.66550000E+3	7.94098152E+1	-5.14643000E+5	-4.84607000E+5	2.16000000E+2	8.67500000E+3	6.00510000E+1	6.00460000E+1	3.59724211E+0	1.30189339E+2	1.44460542E+2
9.66575000E+3	7.94021585E+1	-5.15281000E+5	-4.85247000E+5	2.09000000E+2	8.46900000E+3	6.00500000E+1	6.00450000E+1	3.48072279E+0	1.26344713E+2	1.41032473E+2
9.66600000E+3	7.93945074E+1	-5.15917000E+5	-4.85887000E+5	2.04000000E+2	8.59700000E+3	6.00500000E+1	6.00450000E+1	3.39745191E+0	1.28626145E+2	1.43164030E+2
9.66625000E+3	7.93868620E+1	-5.16553000E+5	-4.86527000E+5	2.23000000E+2	8.60200000E+3	6.00500000E+1	6.00450000E+1	3.71388126E+0	1.28226478E+2	1.43247294E+2
9.66650000E+3	7.93792222E+1	-5.17189000E+5	-4.87165000E+5	2.05000000E+2	8.49100000E+3	6.00510000E+1	6.00460000E+1	3.41404923E+0	1.26958752E+2	1.41396480E+2
9.66675000E+3	7.93715881E+1	-5.17824000E+5	-4.87804000E+5	1.81000000E+2	8.38700000E+3	6.00520000E+1	6.00460000E+1	3.01435566E+0	1.25208153E+2	1.39662293E+2
9.66700000E+3	7.93639596E+1	-5.18459000E+5	-4.88441000E+5	1.83000000E+2	8.52400000E+3	6.00510000E+1	6.00460000E+1	3.04766346E+0	1.26459176E+2	1.41946013E+2
9.66725000E+3	7.93563367E+1	-5.19093000E+5	-4.89078000E+5	1.72000000E+2	8.45000000E+3	6.00490000E+1	6.00440000E+1	2.86456598E+0	1.26030408E+2	1.40718413E+2
9.66750000E+3	7.93487194E+1	-5.19726000E+5	-4.89715000E+5	1.98000000E+2	8.42900000E+3	6.00490000E+1	6.00440000E+1	3.29758177E+0	1.25913837E+2	1.40368699E+2
9.66775000E+3	7.93411078E+1	-5.20359000E+5	-4.90351000E+5	1.65000000E+2	8.48200000E+3	6.00500000E+1	6.00450000E+1	2.74793905E+0	1.26444629E+2	1.41248959E+2
9.66800000E+3	7.93335017E+1	-5.20991000E+5	-4.90987000E+5	1.58000000E+2	8.25800000E+3	6.00530000E+1	6.00480000E+1	2.63122835E+0	1.22974706E+2	1.37511865E+2
9.66825000E+3	7.93259011E+1	-5.21623000E+5	-4.91622000E+5	1.64000000E+2	8.34000000E+3	6.00510000E+1	6.00460000E+1	2.73123938E+0	1.24727315E+2	1.38881950E+2
9.66850000E+3	7.93183062E+1	-5.22254000E+5	-4.92256000E+5	1.79000000E+2	8.42500000E+3	6.00510000E+1	6.00460000E+1	2.98104786E+0	1.26409219E+2	1.40297414E+2
9.66875000E+3	7.93107168E+1	-5.22885000E+5	-4.92890000E+5	1.76000000E+2	8.32000000E+3	6.00500000E+1	6.00450000E+1	2.93113498E+0	1.23613655E+2	1.38551207E+2
9.66900000E+3	7.93031329E+1	-5.23515000E+5	-4.93524000E+5	1.58000000E+2	8.33200000E+3	6.00510000E+1	6.00460000E+1	2.63131599E+0	1.23428419E+2	1.38748730E+2
9.66925000E+3	7.92955545E+1	-5.24145000E+5	-4.94156000E+5	1.59000000E+2	8.36500000E+3	6.00500000E+1	6.00450000E+1	2.64801399E+0	1.24812656E+2	1.39300583E+2
9.66950000E+3	7.92879817E+1	-5.24774000E+5	-4.94789000E+5	1.55000000E+2	8.51700000E+3	6.00510000E+1	6.00460000E+1	2.58135430E+0	1.26892142E+2	1.41829445E+2
9.66975000E+3	7.92804143E+1	-5.25403000E+5	-4.95421000E+5	1.56000000E+2	8.44700000E+3	6.00500000E+1	6.00450000E+1	2.59805146E+0	1.26094921E+2	1.40666112E+2
9.67000000E+3	7.92728525E+1	-5.26031000E+5	-4.96052000E+5	1.45000000E+2	8.13000000E+3	6.00500000E+1	6.00450000E+1	2.41485553E+0	1.21265612E+2	1.35387177E+2
9.67025000E+3	7.92652961E+1	-5.26659000E+5	-4.96683000E+5	1.50000000E+2	8.23100000E+3	6.00500000E+1	6.00450000E+1	2.49812641E+0	1.22381349E+2	1.37069109E+2
9.67050000E+3	7.92577452E+1	-5.27286000E+5	-4.97313000E+5	1.79000000E+2	8.29700000E+3	6.00510000E+1	6.00460000E+1	2.98104786E+0	1.23078716E+2	1.38165892E+2
9.67075000E+3	7.92501998E+1	-5.27913000E+5	-4.97943000E+5	1.71000000E+2	8.17300000E+3	6.00510000E+1	6.00470000E+1	2.84776925E+0	1.21363508E+2	1.36100981E+2
9.67100000E+3	7.92426598E+1	-5.28539000E+5	-4.98572000E+5	1.70000000E+2	8.20200000E+3	6.00500000E+1	6.00450000E+1	2.83120993E+0	1.22081599E+2	1.36586178E+2
9.67125000E+3	7.92351252E+1	-5.29164000E+5	-4.99201000E+5	1.45000000E+2	8.21900000E+3	6.00520000E+1	6.00470000E+1	2.41477509E+0	1.22710318E+2	1.36864717E+2
9.67150000E+3	7.92275961E+1	-5.29789000E+5	-4.99829000E+5	1.56000000E+2	8.15100000E+3	6.00500000E+1	6.00450000E+1	2.59805146E+0	1.21865112E+2	1.35736886E+2
9.67175000E+3	7.92200724E+1	-5.30414000E+5	-5.00457000E+5	1.86000000E+2	8.22600000E+3	6.00500000E+1	6.00450000E+1	3.09767674E+0	1.22181515E+2	1.36985845E+2
9.67200000E+3	7.92125541E+1	-5.31038000E+5	-5.01084000E+5	1.49000000E+2	8.06000000E+3	6.00500000E+1	6.00450000E+1	2.48147223E+0	1.20283097E+2	1.34221482E+2
9.67225000E+3	7.92050411E+1	-5.31661000E+5	-5.01711000E+5	1.63000000E+2	8.17200000E+3	6.00500000E+1	6.00450000E+1	2.71463069E+0	1.21931724E+2	1.36086595E+2
9.67250000E+3	7.91975336E+1	-5.32284000E+5	-5.02337000E+5	1.53000000E+2	7.96800000E+3	6.00500000E+1	6.00460000E+1	2.54804650E+0	1.19233972E+2	1.32689425E+2
9.67275000E+3	7.91900314E+1	-5.32907000E+5	-5.02962000E+5	1.78000000E+2	8.20100000E+3	6.00520000E+1	6.00470000E+1	2.96434460E+0	1.21694531E+2	1.36564977E+2
9.67300000E+3	7.91825346E+1	-5.33529000E+5	-5.03587000E+5	1.63000000E+2	8.19100000E+3	6.00500000E+1	6.00450000E+1	2.71463069E+0	1.21332223E+2	1.36402998E+2
9.67325000E+3	7.91750431E+1	-5.34150000E+5	-5.04212000E+5	1.76000000E+2	8.19500000E+3	6.00500000E+1	6.00460000E+1	2.93108617E+0	1.21648626E+2	1.36469609E+2
9.67350000E+3	7.91675570E+1	-5.34771000E+5	-5.04836000E+5	1.58000000E+2	8.03100000E+3	6.00510000E+1	6.00460000E+1	2.63131599E+0	1.18832326E+2	1.33736324E+2
9.67375000E+3	7.91600762E+1	-5.35392000E+5	-5.05460000E+5	1.36000000E+2	8.11700000E+3	6.00500000E+1	6.00450000E+1	2.26496794E+0	1.20499584E+2	1.35170691E+2
9.67400000E+3	7.91526007E+1	-5.36011000E+5	-5.06083000E+5	1.53000000E+2	8.13600000E+3	6.00500000E+1	6.00450000E+1	2.54808893E+0	1.21165695E+2	1.35487094E+2
9.67425000E+3	7.91451305E+1	-5.36631000E+5	-5.06705000E+5	1.74000000E+2	8.04800000E+3	6.00500000E+1	6.00450000E+1	2.89782663E+0	1.20233139E+2	1.34021649E+2
9.67450000E+3	7.91376656E+1	-5.37250000E+5	-5.07327000E+5	1.59000000E+2	7.92000000E+3	6.00500000E+1	6.00460000E+1	2.64796989E+0	1.18484596E+2	1.31890092E+2
9.67475000E+3	7.91302060E+1	-5.37868000E+5	-5.07949000E+5	1.32000000E+2	7.88600000E+3	6.00500000E+1	6.00460000E+1	2.19831463E+0	1.17102415E+2	1.31323897E+2
9.67500000E+3	7.91227517E+1	-5.38486000E+5	-5.08570000E+5	1.45000000E+2	8.06200000E+3	6.00510000E+1	6.00460000E+1	2.41481531E+0	1.20930542E+2	1.34252552E+2
9.67525000E+3	7.91153026E+1	-5.39103000E+5	-5.09191000E+5	1.60000000E+2	8.00800000E+3	6.00500000E+1	6.00460000E+1	2.66462379E+0	1.19034138E+2	1.33355537E+2
9.67550000E+3	7.91078588E+1	-5.39720000E+5	-5.09811000E+5	1.53000000E+2	8.08000000E+3	6.00510000E+1	6.00460000E+1	2.54804650E+0	1.20530882E+2	1.34552297E+2
9.67575000E+3	7.91004202E+1	-5.40337000E+5	-5.10430000E+5	1.48000000E+2	8.01200000E+3	6.00500000E+1	6.00460000E+1	2.46477700E+0	1.19333888E+2	1.33422148E+2
9.67600000E+3	7.90929869E+1	-5.40953000E+5	-5.11049000E+5	1.28000000E+2	7.87400000E+3	6.00510000E+1	6.00460000E+1	2.13169903E+0	1.17500125E+2	1.31121880E+2
9.67625000E+3	7.90855588E+1	-5.41568000E+5	-5.11668000E+5	1.56000000E+2	7.88600000E+3	6.00510000E+1	6.00460000E+1	2.59800819E+0	1.16900634E+2	1.31321710E+2
9.67650000E+3	7.90781359E+1	-5.42183000E+5	-5.12286000E+5	1.42000000E+2	7.85300000E+3	6.00520000E+1	6.00470000E+1	2.36481423E+0	1.17148471E+2	1.30769999E+2
9.67675000E+3	7.90707181E+1	-5.42797000E+5	-5.12903000E+5	1.50000000E+2	7.96100000E+3	6.00500000E+1	6.00460000E+1	2.49808480E+0	1.18584513E+2	1.32572856E+2
9.67700000E+3	7.90633056E+1	-5.43411000E+5	-5.13521000E+5	1.46000000E+2	7.79700000E+3	6.00500000E+1	6.00460000E+1	2.43146921E+0	1.15753539E+2	1.29841799E+2
9.67725000E+3	7.90558983E+1	-5.44025000E+5	-5.14137000E+5	1.30000000E+2	7.86700000E+3	6.00510000E+1	6.00460000E+1	2.16500683E+0	1.16684152E+2	1.31005312E+2
9.67750000E+3	7.90484961E+1	-5.44638000E+5	-5.14753000E+5	1.35000000E+2	7.81300000E+3	6.00510000E+1	6.00470000E+1	2.24823888E+0	1.15318646E+2	1.30106077E+2
9.67775000E+3	7.90410991E+1	-5.45250000E+5	-5.15369000E+5	1.38000000E+2	7.92900000E+3	6.00510000E+1	6.00470000E+1	2.29819974E+0	1.18182878E+2	1.32037768E+2
9.67800000E+3	7.90337072E+1	-5.45862000E+5	-5.15984000E+5	1.26000000E+2	7.93900000E+3	6.00510000E+1	6.00460000E+1	2.09839123E+0	1.17949743E+2	1.32204293E+2
9.67825000E+3	7.90263205E+1	-5.46473000E+5	-5.16598000E+5	1.35000000E+2	7.89000000E+3	6.00500000E+1	6.00460000E+1	2.24827632E+0	1.17618651E+2	1.31390508E+2
9.67850000E+3	7.90189389E+1	-5.47084000E+5	-5.17213000E+5	1.21000000E+2	7.71400000E+3	6.00520000E+1	6.00470000E+1	2.01508818E+0	1.15066942E+2	1.28455339E+2
9.67875000E+3	7.90115625E+1	-5.47695000E+5	-5.17826000E+5	1.32000000E+2	7.78200000E+3	6.00500000E+1	6.00460000E+1	2.19831463E+0	1.15353872E+2	1.29592007E+2
9.67900000E+3	7.90041911E+1	-5.48305000E+5	-5.18439000E+5	1.29000000E+2	7.91900000E+3	6.00510000E+1	6.00460000E+1	2.14835293E+0	1.17483472E+2	1.31871243E+2
9.67925000E+3	7.89968248E+1	-5.48914000E+5	-5.19052000E+5	1.13000000E+2	7.91600000E+3	6.00510000E+1	6.00460000E+1	1.88189055E+0	1.17716608E+2	1.31821285E+2
9.67950000E+3	7.89894637E+1	-5.49523000E+5	-5.19664000E+5	1.27000000E+2	7.60500000E+3	6.00500000E+1	6.00450000E+1	2.11508036E+0	1.12789342E+2	1.26644463E+2
9.67975000E+3	7.89821076E+1	-5.50132000E+5	-5.20276000E+5	1.32000000E+2	7.83500000E+3	6.00510000E+1	6.00460000E+1	2.19831463E+0	1.16617542E+2	1.30472432E+2
9.68000000E+3	7.89747565E+1	-5.50740000E+5	-5.20887000E+5	1.10000000E+1	8.15000000E+2	6.04900000E+0	6.04900000E+0	1.81848239E+0	1.19358572E+2	1.34733014E+2
9.68025000E+3	7.89674106E+1	-5.51347000E+5	-5.21498000E+5	1.00000000E+1	7.99000000E+2	6.05000000E+0	6.05000000E+0	1.65289256E+0	1.15702479E+2	1.32066116E+2
9.68050000E+3	7.89600697E+1	-5.51954000E+5	-5.22108000E+5	1.10000000E+1	8.53000000E+2	6.05000000E+0	6.04900000E+0	1.81848239E+0	1.24958678E+2	1.40991736E+2
9.68075000E+3	7.89527338E+1	-5.52561000E+5	-5.22718000E+5	1.10000000E+1	7.31000000E+2	6.04900000E+0	6.04900000E+0	1.81848239E+0	1.05637295E+2	1.20846421E+2
9.68100000E+3	7.89454030E+1	-5.53167000E+5	-5.23327000E+5	1.30000000E+1	7.65000000E+2	6.05000000E+0	6.05000000E+0	2.14876033E+0	1.14380165E+2	1.26446281E+2
9.68125000E+3	7.89380771E+1	-5.53773000E+5	-5.23936000E+5	1.50000000E+1	7.94000000E+2	6.05000000E+0	6.05000000E+0	2.47933884E+0	1.19504132E+2	1.31239669E+2
9.68150000E+3	7.89307563E+1	-5.54378000E+5	-5.24544000E+5	1.30000000E+1	7.48000000E+2	6.04900000E+0	6.04900000E+0	2.14911556E+0	1.10596793E+2	1.23656803E+2
9.68175000E+3	7.89234405E+1	-5.54982000E+5	-5.25152000E+5	7.00000000E+0	7.88000000E+2	6.05000000E+0	6.05000000E+0	1.15702479E+0	1.13553719E+2	1.30247934E+2
9.68200000E+3	7.89161297E+1	-5.55587000E+5	-5.25759000E+5	9.00000000E+0	7.81000000E+2	6.04900000E+0	6.04900000E+0	1.48784923E+0	1.14068441E+2	1.29112250E+2
9.68225000E+3	7.89088239E+1	-5.56190000E+5	-5.26366000E+5	9.00000000E+0	7.62000000E+2	6.04900000E+0	6.04900000E+0	1.48784923E+0	1.13572491E+2	1.25971235E+2
9.68250000E+3	7.89015230E+1	-5.56794000E+5	-5.26972000E+5	1.20000000E+1	7.86000000E+2	6.04900000E+0	6.04900000E+0	1.98379898E+0	1.17540089E+2	1.29938833E+2
9.68275000E+3	7.88942271E+1	-5.57396000E+5	-5.27578000E+5	1.10000000E+1	7.28000000E+2	6.04900000E+0	6.04900000E+0	1.81848239E+0	1.09108944E+2	1.20350471E+2
9.68300000E+3	7.88869362E+1	-5.57999000E+5	-5.28184000E+5	1.60000000E+1	7.50000000E+2	6.04900000E+0	6.04900000E+0	2.64506530E+0	1.08778310E+2	1.23987436E+2
9.68325000E+3	7.88796502E+1	-5.58600000E+5	-5.28789000E+5	6.00000000E+0	8.08000000E+2	6.04900000E+0	6.04900000E+0	9.91899488E-1	1.19523888E+2	1.33575798E+2
9.68350000E+3	7.88723691E+1	-5.59202000E+5	-5.29393000E+5	8.00000000E+0	7.84000000E+2	6.05000000E+0	6.05000000E+0	1.32231405E+0	1.15041322E+2	1.29586777E+2
9.68375000E+3	7.88650930E+1	-5.59803000E+5	-5.29997000E+5	1.20000000E+1	7.46000000E+2	6.04900000E+0	6.04900000E+0	1.98379898E+0	1.08447677E+2	1.23326170E+2
9.68400000E+3	7.88578217E+1	-5.60403000E+5	-5.30601000E+5	1.50000000E+1	8.45000000E+2	6.05000000E+0	6.04900000E+0	2.47974872E+0	1.21652893E+2	1.39669421E+2
9.68425000E+3	7.88505554E+1	-5.61003000E+5	-5.31204000E+5	1.40000000E+1	7.60000000E+2	6.04900000E+0	6.04900000E+0	2.31443214E+0	1.12745908E+2	1.25640602E+2
9.68450000E+3	7.88432940E+1	-5.61602000E+5	-5.31806000E+5	9.00000000E+0	8.13000000E+2	6.05000000E+0	6.05000000E+0	1.48760331E+0	1.20330579E+2	1.34380165E+2
9.68475000E+3	7.88360375E+1	-5.62201000E+5	-5.32408000E+5	1.50000000E+1	7.37000000E+2	6.04900000E+0	6.04900000E+0	2.47974872E+0	1.08282361E+2	1.21838320E+2
9.68500000E+3	7.88287858E+1	-5.62800000E+5	-5.33010000E+5	9.00000000E+0	7.48000000E+2	6.05100000E+0	6.05100000E+0	1.48735746E+0	1.10394976E+2	1.23615931E+2
9.68525000E+3	7.88215391E+1	-5.63398000E+5	-5.33611000E+5	1.90000000E+1	7.54000000E+2	6.05000000E+0	6.05000000E+0	3.14049587E+0	1.12396694E+2	1.24628099E+2
9.68550000E+3	7.88142971E+1	-5.63995000E+5	-5.34212000E+5	1.60000000E+1	8.20000000E+2	6.04900000E+0	6.04900000E+0	2.64506530E+0	1.20350471E+2	1.35559597E+2
9.68575000E+3	7.88070601E+1	-5.64593000E+5	-5.34812000E+5	9.00000000E+0	7.67000000E+2	6.04900000E+0	6.04900000E+0	1.48784923E+0	1.14895024E+2	1.26797818E+2
9.68600000E+3	7.87998278E+1	-5.65189000E+5	-5.35412000E+5	6.00000000E+0	7.37000000E+2	6.04800000E+0	6.04800000E+0	9.92063492E-1	1.08465608E+2	1.21858466E+2
9.68625000E+3	7.87926004E+1	-5.65785000E+5	-5.36011000E+5	1.00000000E+1	7.50000000E+2	6.05000000E+0	6.05000000E+0	1.65289256E+0	1.09256198E+2	1.23966942E+2
9.68650000E+3	7.87853779E+1	-5.66381000E+5	-5.36610000E+5	1.90000000E+1	7.54000000E+2	6.05100000E+0	6.05100000E+0	3.13997686E+0	1.10229714E+2	1.24607503E+2
9.68675000E+3	7.87781601E+1	-5.66976000E+5	-5.37209000E+5	7.00000000E+0	7.40000000E+2	6.05000000E+0	6.05000000E+0	1.15702479E+0	1.08760331E+2	1.22314050E+2
9.68700000E+3	7.87709472E+1	-5.67571000E+5	-5.37807000E+5	5.00000000E+0	7.13000000E+2	6.04900000E+0	6.04900000E+0	8.26582906E-1	1.03818813E+2	1.17870722E+2
9.68725000E+3	7.87637390E+1	-5.68166000E+5	-5.38404000E+5	8.00000000E+0	7.13000000E+2	6.05000000E+0	6.05000000E+0	1.32231405E+0	1.05454545E+2	1.17851240E+2
9.68750000E+3	7.87565357E+1	-5.68759000E+5	-5.39001000E+5	1.40000000E+1	7.55000000E+2	6.05000000E+0	6.05000000E+0	2.31404959E+0	1.11900826E+2	1.24793388E+2
9.68775000E+3	7.87493371E+1	-5.69353000E+5	-5.39598000E+5	2.00000000E+1	7.88000000E+2	6.05000000E+0	6.05000000E+0	3.30578512E+0	1.16363636E+2	1.30247934E+2
9.68800000E+3	7.87421433E+1	-5.69946000E+5	-5.40194000E+5	1.20000000E+1	7.07000000E+2	6.05000000E+0	6.05000000E+0	1.98347107E+0	1.02314050E+2	1.16859504E+2
9.68825000E+3	7.87349542E+1	-5.70538000E+5	-5.40790000E+5	1.40000000E+1	7.35000000E+2	6.05000000E+0	6.05000000E+0	2.31404959E+0	1.07603306E+2	1.21487603E+2
9.68850000E+3	7.87277699E+1	-5.71130000E+5	-5.41385000E+5	1.20000000E+1	7.33000000E+2	6.05000000E+0	6.05000000E+0	1.98347107E+0	1.08099174E+2	1.21157025E+2
9.68875000E+3	7.87205904E+1	-5.71722000E+5	-5.41980000E+5	1.10000000E+1	7.90000000E+2	6.05000000E+0	6.05000000E+0	1.81818182E+0	1.18842975E+2	1.30578512E+2
9.68900000E+3	7.87134155E+1	-5.72313000E+5	-5.42574000E+5	1.20000000E+1	7.59000000E+2	6.04800000E+0	6.04800000E+0	1.98412698E+0	1.14583333E+2	1.25496032E+2
9.68925000E+3	7.87062455E+1	-5.72904000E+5	-5.43168000E+5	1.20000000E+1	7.02000000E+2	6.05000000E+0	6.05000000E+0	1.98347107E+0	1.02148760E+2	1.16033058E+2
9.68950000E+3	7.86990801E+1	-5.73494000E+5	-5.43761000E+5	9.00000000E+0	7.26000000E+2	6.05000000E+0	6.05000000E+0	1.48760331E+0	1.06942149E+2	1.20000000E+2
9.68975000E+3	7.86919194E+1	-5.74084000E+5	-5.44354000E+5	1.00000000E+1	7.59000000E+2	6.05000000E+0	6.05000000E+0	1.65289256E+0	1.09752066E+2	1.25454545E+2
9.69000000E+3	7.86847634E+1	-5.74673000E+5	-5.44947000E+5	1.90000000E+1	7.49000000E+2	6.05100000E+0	6.05100000E+0	3.13997686E+0	1.09238142E+2	1.23781193E+2
9.69025000E+3	7.86776122E+1	-5.75262000E+5	-5.45539000E+5	1.10000000E+1	7.39000000E+2	6.05100000E+0	6.05100000E+0	1.81788134E+0	1.07750785E+2	1.22128574E+2
9.69050000E+3	7.86704656E+1	-5.75851000E+5	-5.46130000E+5	1.20000000E+1	7.26000000E+2	6.05000000E+0	6.05000000E+0	1.98347107E+0	1.06446281E+2	1.20000000E+2
9.69075000E+3	7.86633237E+1	-5.76439000E+5	-5.46721000E+5	1.50000000E+1	7.69000000E+2	6.05000000E+0	6.05000000E+0	2.47933884E+0	1.13553719E+2	1.27107438E+2
9.69100000E+3	7.86561864E+1	-5.77026000E+5	-5.47312000E+5	1.90000000E+1	6.77000000E+2	6.04900000E+0	6.04900000E+0	3.14101504E+0	1.01173748E+2	1.11919326E+2
9.69125000E+3	7.86490538E+1	-5.77613000E+5	-5.47902000E+5	1.10000000E+1	7.62000000E+2	6.05000000E+0	6.05000000E+0	1.81818182E+0	1.14380165E+2	1.25950413E+2
9.69150000E+3	7.86419259E+1	-5.78200000E+5	-5.48492000E+5	1.50000000E+1	7.08000000E+2	6.05000000E+0	6.05000000E+0	2.47933884E+0	1.03471074E+2	1.17024793E+2
9.69175000E+3	7.86348026E+1	-5.78786000E+5	-5.49082000E+5	1.80000000E+1	7.38000000E+2	6.04900000E+0	6.04900000E+0	2.97569846E+0	1.09439577E+2	1.22003637E+2
9.69200000E+3	7.86276839E+1	-5.79372000E+5	-5.49670000E+5	1.50000000E+1	7.31000000E+2	6.05100000E+0	6.05100000E+0	2.47892910E+0	1.07585523E+2	1.20806478E+2
9.69225000E+3	7.86205698E+1	-5.79957000E+5	-5.50259000E+5	1.20000000E+1	7.34000000E+2	6.05100000E+0	6.05100000E+0	1.98314328E+0	1.09899190E+2	1.21302264E+2
9.69250000E+3	7.86134604E+1	-5.80542000E+5	-5.50847000E+5	1.40000000E+1	7.24000000E+2	6.04900000E+0	6.04900000E+0	2.31443214E+0	1.06959828E+2	1.19689205E+2
9.69275000E+3	7.86063556E+1	-5.81127000E+5	-5.51435000E+5	9.00000000E+0	7.14000000E+2	6.05000000E+0	6.05000000E+0	1.48760331E+0	1.05619835E+2	1.18016529E+2
9.69300000E+3	7.85992553E+1	-5.81711000E+5	-5.52022000E+5	9.00000000E+0	7.48000000E+2	6.04900000E+0	6.04900000E+0	1.48784923E+0	1.10596793E+2	1.23656803E+2
9.69325000E+3	7.85921597E+1	-5.82294000E+5	-5.52608000E+5	1.20000000E+1	6.99000000E+2	6.05100000E+0	6.05100000E+0	1.98314328E+0	1.01801355E+2	1.15518096E+2
9.69350000E+3	7.85850686E+1	-5.82877000E+5	-5.53195000E+5	1.40000000E+1	7.35000000E+2	6.05000000E+0	6.05000000E+0	2.31404959E+0	1.07768595E+2	1.21487603E+2
9.69375000E+3	7.85779821E+1	-5.83460000E+5	-5.53780000E+5	1.10000000E+1	7.08000000E+2	6.05100000E+0	6.05100000E+0	1.81788134E+0	1.01801355E+2	1.17005454E+2
9.69400000E+3	7.85709002E+1	-5.84042000E+5	-5.54366000E+5	1.20000000E+1	7.34000000E+2	6.05000000E+0	6.05000000E+0	1.98347107E+0	1.06776860E+2	1.21322314E+2
9.69425000E+3	7.85638228E+1	-5.84624000E+5	-5.54951000E+5	1.10000000E+1	7.17000000E+2	6.05000000E+0	6.05000000E+0	1.81818182E+0	1.05289256E+2	1.18512397E+2
9.69450000E+3	7.85567500E+1	-5.85205000E+5	-5.55535000E+5	1.30000000E+1	7.50000000E+2	6.04900000E+0	6.04900000E+0	2.14911556E+0	1.10266160E+2	1.23987436E+2
9.69475000E+3	7.85496817E+1	-5.85786000E+5	-5.56119000E+5	1.30000000E+1	6.79000000E+2	6.05000000E+0	6.05000000E+0	2.14876033E+0	9.86776860E+1	1.12231405E+2
9.69500000E+3	7.85426180E+1	-5.86367000E+5	-5.56703000E+5	1.40000000E+1	7.09000000E+2	6.05000000E+0	6.05000000E+0	2.31404959E+0	1.03966942E+2	1.17190083E+2
9.69525000E+3	7.85355588E+1	-5.86947000E+5	-5.57286000E+5	7.00000000E+0	6.93000000E+2	6.04900000E+0	6.04900000E+0	1.15721607E+0	1.02992230E+2	1.14564391E+2
9.69550000E+3	7.85285041E+1	-5.87526000E+5	-5.57869000E+5	1.80000000E+1	7.19000000E+2	6.05000000E+0	6.05000000E+0	2.97520661E+0	1.07933884E+2	1.18842975E+2
9.69575000E+3	7.85214539E+1	-5.88106000E+5	-5.58451000E+5	7.00000000E+0	6.89000000E+2	6.05100000E+0	6.05100000E+0	1.15683358E+0	9.93224260E+1	1.13865477E+2
9.69600000E+3	7.85144082E+1	-5.88684000E+5	-5.59033000E+5	9.00000000E+0	7.08000000E+2	6.05000000E+0	6.05000000E+0	1.48760331E+0	1.03966942E+2	1.17024793E+2
9.69625000E+3	7.85073669E+1	-5.89263000E+5	-5.59615000E+5	1.40000000E+1	6.72000000E+2	6.04800000E+0	6.04800000E+0	2.31481481E+0	9.68915344E+1	1.11111111E+2
9.69650000E+3	7.85003302E+1	-5.89841000E+5	-5.60196000E+5	1.00000000E+1	7.17000000E+2	6.05000000E+0	6.05000000E+0	1.65289256E+0	1.05950413E+2	1.18512397E+2
9.69675000E+3	7.84932980E+1	-5.90418000E+5	-5.60776000E+5	1.10000000E+1	6.93000000E+2	6.04900000E+0	6.04900000E+0	1.81848239E+0	1.02165647E+2	1.14564391E+2
9.69700000E+3	7.84862702E+1	-5.90995000E+5	-5.61357000E+5	2.00000000E+1	6.88000000E+2	6.05000000E+0	6.05000000E+0	3.30578512E+0	1.00991736E+2	1.13719008E+2
9.69725000E+3	7.84792469E+1	-5.91572000E+5	-5.61936000E+5	1.00000000E+1	6.89000000E+2	6.04900000E+0	6.04900000E+0	1.65316581E+0	1.02992230E+2	1.13903124E+2
9.69750000E+3	7.84722280E+1	-5.92148000E+5	-5.62516000E+5	1.80000000E+1	6.91000000E+2	6.05000000E+0	6.05000000E+0	2.97520661E+0	1.02314050E+2	1.14214876E+2
9.69775000E+3	7.84652136E+1	-5.92724000E+5	-5.63095000E+5	1.90000000E+1	7.06000000E+2	6.05000000E+0	6.05000000E+0	3.14049587E+0	1.04462810E+2	1.16694215E+2
9.69800000E+3	7.84582036E+1	-5.93299000E+5	-5.63673000E+5	5.00000000E+0	6.45000000E+2	6.04900000E+0	6.05000000E+0	8.26446281E-1	9.53876674E+1	1.06629195E+2
9.69825000E+3	7.84511980E+1	-5.93874000E+5	-5.64251000E+5	1.40000000E+1	6.88000000E+2	6.04900000E+0	6.04900000E+0	2.31443214E+0	9.95205819E+1	1.13737808E+2
9.69850000E+3	7.84441969E+1	-5.94448000E+5	-5.64829000E+5	8.00000000E+0	7.55000000E+2	6.04900000E+0	6.04900000E+0	1.32253265E+0	1.12911225E+2	1.24814019E+2
9.69875000E+3	7.84372001E+1	-5.95023000E+5	-5.65406000E+5	8.00000000E+0	7.06000000E+2	6.05100000E+0	6.05100000E+0	1.32209552E+0	1.03784498E+2	1.16674930E+2
9.69900000E+3	7.84302078E+1	-5.95596000E+5	-5.65983000E+5	1.90000000E+1	6.67000000E+2	6.04900000E+0	6.04900000E+0	3.14101504E+0	1.00512481E+2	1.10266160E+2
9.69925000E+3	7.84232199E+1	-5.96169000E+5	-5.66559000E+5	1.60000000E+1	7.22000000E+2	6.04900000E+0	6.04900000E+0	2.64506530E+0	1.03818813E+2	1.19358572E+2
9.69950000E+3	7.84162363E+1	-5.96742000E+5	-5.67135000E+5	1.50000000E+1	6.89000000E+2	6.05000000E+0	6.05000000E+0	2.47933884E+0	1.00826446E+2	1.13884298E+2
9.69975000E+3	7.84092572E+1	-5.97315000E+5	-5.67711000E+5	1.50000000E+1	6.93000000E+2	6.04900000E+0	6.04900000E+0	2.47974872E+0	1.02165647E+2	1.14564391E+2
9.70000000E+3	7.84022824E+1	-5.97886000E+5	-5.68286000E+5	1.60000000E+1	6.86000000E+2	6.05100000E+0	6.05100000E+0	2.64419104E+0	1.02131879E+2	1.13369691E+2
