Zn-XES Kbeta and VTC, 1m zncl2 + 2m licl in PEEK tube - sample = 25C, set point = 25C
Ge555, Pd target
35kV 2.5 mA
det offset = +0.12
***************************
Energy_(eV)	theta_(deg)	source_(ustep)	detect_(ustep)	ROI_counts	total_counts	real_time	live_time	cnts_per_live	ICR_(cnts/sec)	OCR_(cnts/sec)
9.55000000E+3	8.36682055E+1	-1.30004000E+5	-1.19507000E+5	1.90000000E+1	7.70000000E+1	4.05000000E+0	4.05000000E+0	4.69135802E+0	8.64197531E+0	1.90123457E+1
9.55025000E+3	8.36549558E+1	-1.31163000E+5	-1.20667000E+5	2.10000000E+1	8.70000000E+1	4.04900000E+0	4.05000000E+0	5.18518519E+0	7.40923685E+0	2.14867869E+1
9.55050000E+3	8.36417338E+1	-1.32318000E+5	-1.21823000E+5	2.50000000E+1	7.30000000E+1	4.05000000E+0	4.05000000E+0	6.17283951E+0	8.88888889E+0	1.80246914E+1
9.55075000E+3	8.36285393E+1	-1.33472000E+5	-1.22978000E+5	2.20000000E+1	8.60000000E+1	4.05100000E+0	4.05100000E+0	5.43075784E+0	8.88669464E+0	2.12293261E+1
9.55100000E+3	8.36153722E+1	-1.34623000E+5	-1.24130000E+5	2.40000000E+1	9.40000000E+1	4.05000000E+0	4.05000000E+0	5.92592593E+0	8.39506173E+0	2.32098765E+1
9.55125000E+3	8.36022322E+1	-1.35771000E+5	-1.25279000E+5	2.50000000E+1	8.30000000E+1	4.04900000E+0	4.04900000E+0	6.17436404E+0	8.89108422E+0	2.04988886E+1
9.55150000E+3	8.35891192E+1	-1.36917000E+5	-1.26426000E+5	3.20000000E+1	1.02000000E+2	4.05000000E+0	4.05100000E+0	7.89928413E+0	1.01234568E+1	2.51851852E+1
9.55175000E+3	8.35760331E+1	-1.38060000E+5	-1.27571000E+5	2.80000000E+1	8.30000000E+1	4.05000000E+0	4.05000000E+0	6.91358025E+0	9.87654321E+0	2.04938272E+1
9.55200000E+3	8.35629737E+1	-1.39201000E+5	-1.28713000E+5	1.80000000E+1	7.50000000E+1	4.04900000E+0	4.05000000E+0	4.44444444E+0	6.91528773E+0	1.85230921E+1
9.55225000E+3	8.35499407E+1	-1.40340000E+5	-1.29852000E+5	2.40000000E+1	8.30000000E+1	4.04900000E+0	4.05000000E+0	5.92592593E+0	7.90318597E+0	2.04988886E+1
9.55250000E+3	8.35369342E+1	-1.41476000E+5	-1.30990000E+5	2.60000000E+1	8.60000000E+1	4.05000000E+0	4.05100000E+0	6.41816835E+0	9.38271605E+0	2.12345679E+1
9.55275000E+3	8.35239539E+1	-1.42609000E+5	-1.32124000E+5	3.90000000E+1	1.07000000E+2	4.04900000E+0	4.05000000E+0	9.62962963E+0	1.38305755E+1	2.64262781E+1
9.55300000E+3	8.35109996E+1	-1.43741000E+5	-1.33257000E+5	3.70000000E+1	9.90000000E+1	4.05000000E+0	4.05000000E+0	9.13580247E+0	1.23456790E+1	2.44444444E+1
9.55325000E+3	8.34980712E+1	-1.44869000E+5	-1.34387000E+5	3.10000000E+1	9.20000000E+1	4.05100000E+0	4.05100000E+0	7.65243150E+0	1.06146630E+1	2.27104419E+1
9.55350000E+3	8.34851686E+1	-1.45996000E+5	-1.35514000E+5	4.10000000E+1	1.09000000E+2	4.04900000E+0	4.04900000E+0	1.01259570E+1	1.45714991E+1	2.69202272E+1
9.55375000E+3	8.34722916E+1	-1.47120000E+5	-1.36640000E+5	3.80000000E+1	1.04000000E+2	4.04900000E+0	4.04900000E+0	9.38503334E+0	1.30896518E+1	2.56853544E+1
9.55400000E+3	8.34594401E+1	-1.48242000E+5	-1.37762000E+5	4.10000000E+1	1.26000000E+2	4.04900000E+0	4.05000000E+0	1.01234568E+1	1.38305755E+1	3.11187948E+1
9.55425000E+3	8.34466138E+1	-1.49361000E+5	-1.38883000E+5	3.20000000E+1	8.90000000E+1	4.05000000E+0	4.05000000E+0	7.90123457E+0	1.30864198E+1	2.19753086E+1
9.55450000E+3	8.34338128E+1	-1.50479000E+5	-1.40001000E+5	3.20000000E+1	8.80000000E+1	4.04900000E+0	4.05000000E+0	7.90123457E+0	1.11138553E+1	2.17337614E+1
9.55475000E+3	8.34210367E+1	-1.51594000E+5	-1.41117000E+5	3.60000000E+1	8.30000000E+1	4.05000000E+0	4.05000000E+0	8.88888889E+0	1.03703704E+1	2.04938272E+1
9.55500000E+3	8.34082855E+1	-1.52706000E+5	-1.42231000E+5	3.40000000E+1	9.90000000E+1	4.04900000E+0	4.05000000E+0	8.39506173E+0	1.11138553E+1	2.44504816E+1
9.55525000E+3	8.33955591E+1	-1.53816000E+5	-1.43342000E+5	3.90000000E+1	1.03000000E+2	4.05000000E+0	4.05000000E+0	9.62962963E+0	1.25925926E+1	2.54320988E+1
9.55550000E+3	8.33828572E+1	-1.54924000E+5	-1.44452000E+5	3.70000000E+1	1.01000000E+2	4.05000000E+0	4.05000000E+0	9.13580247E+0	1.18518519E+1	2.49382716E+1
9.55575000E+3	8.33701798E+1	-1.56030000E+5	-1.45558000E+5	4.40000000E+1	1.11000000E+2	4.05000000E+0	4.05000000E+0	1.08641975E+1	1.50617284E+1	2.74074074E+1
9.55600000E+3	8.33575267E+1	-1.57134000E+5	-1.46663000E+5	5.10000000E+1	1.00000000E+2	4.05000000E+0	4.05100000E+0	1.25894841E+1	1.45679012E+1	2.46913580E+1
9.55625000E+3	8.33448978E+1	-1.58235000E+5	-1.47766000E+5	4.40000000E+1	1.00000000E+2	4.05100000E+0	4.05100000E+0	1.08615157E+1	1.35768946E+1	2.46852629E+1
9.55650000E+3	8.33322930E+1	-1.59334000E+5	-1.48866000E+5	4.20000000E+1	8.70000000E+1	4.05000000E+0	4.05000000E+0	1.03703704E+1	1.23456790E+1	2.14814815E+1
9.55675000E+3	8.33197120E+1	-1.60431000E+5	-1.49964000E+5	4.40000000E+1	1.03000000E+2	4.05000000E+0	4.05100000E+0	1.08615157E+1	1.25925926E+1	2.54320988E+1
9.55700000E+3	8.33071549E+1	-1.61526000E+5	-1.51060000E+5	4.40000000E+1	9.40000000E+1	4.04900000E+0	4.05000000E+0	1.08641975E+1	1.40775500E+1	2.32156088E+1
9.55725000E+3	8.32946214E+1	-1.62618000E+5	-1.52153000E+5	4.90000000E+1	1.05000000E+2	4.05000000E+0	4.05100000E+0	1.20957788E+1	1.43209877E+1	2.59259259E+1
9.55750000E+3	8.32821114E+1	-1.63709000E+5	-1.53245000E+5	4.30000000E+1	9.00000000E+1	4.04900000E+0	4.05000000E+0	1.06172840E+1	1.33366263E+1	2.22277105E+1
9.55775000E+3	8.32696248E+1	-1.64797000E+5	-1.54334000E+5	6.20000000E+1	1.14000000E+2	4.05000000E+0	4.05000000E+0	1.53086420E+1	1.72839506E+1	2.81481481E+1
9.55800000E+3	8.32571614E+1	-1.65883000E+5	-1.55421000E+5	4.70000000E+1	1.00000000E+2	4.04900000E+0	4.04900000E+0	1.16078044E+1	1.45714991E+1	2.46974562E+1
9.55825000E+3	8.32447212E+1	-1.66967000E+5	-1.56506000E+5	4.90000000E+1	1.05000000E+2	4.04800000E+0	4.04900000E+0	1.21017535E+1	1.55632411E+1	2.59387352E+1
9.55850000E+3	8.32323040E+1	-1.68049000E+5	-1.57589000E+5	5.20000000E+1	1.14000000E+2	4.04900000E+0	4.05000000E+0	1.28395062E+1	1.65472956E+1	2.81551000E+1
9.55875000E+3	8.32199097E+1	-1.69129000E+5	-1.58670000E+5	5.50000000E+1	9.80000000E+1	4.05000000E+0	4.05000000E+0	1.35802469E+1	1.53086420E+1	2.41975309E+1
9.55900000E+3	8.32075382E+1	-1.70206000E+5	-1.59749000E+5	5.10000000E+1	1.05000000E+2	4.05000000E+0	4.05000000E+0	1.25925926E+1	1.48148148E+1	2.59259259E+1
9.55925000E+3	8.31951893E+1	-1.71282000E+5	-1.60825000E+5	6.10000000E+1	1.16000000E+2	4.05000000E+0	4.05000000E+0	1.50617284E+1	1.72839506E+1	2.86419753E+1
9.55950000E+3	8.31828629E+1	-1.72355000E+5	-1.61900000E+5	5.90000000E+1	1.24000000E+2	4.05100000E+0	4.05100000E+0	1.45643051E+1	1.72796840E+1	3.06097260E+1
9.55975000E+3	8.31705589E+1	-1.73427000E+5	-1.62973000E+5	4.50000000E+1	1.06000000E+2	4.04900000E+0	4.05000000E+0	1.11111111E+1	1.40775500E+1	2.61793035E+1
9.56000000E+3	8.31582772E+1	-1.74496000E+5	-1.64043000E+5	6.10000000E+1	1.30000000E+2	4.05000000E+0	4.05000000E+0	1.50617284E+1	1.77777778E+1	3.20987654E+1
9.56025000E+3	8.31460176E+1	-1.75563000E+5	-1.65111000E+5	7.70000000E+1	1.34000000E+2	4.05200000E+0	4.05200000E+0	1.90029615E+1	2.19644620E+1	3.30700888E+1
9.56050000E+3	8.31337801E+1	-1.76629000E+5	-1.66178000E+5	6.10000000E+1	1.02000000E+2	4.05000000E+0	4.05000000E+0	1.50617284E+1	1.80246914E+1	2.51851852E+1
9.56075000E+3	8.31215646E+1	-1.77692000E+5	-1.67242000E+5	9.40000000E+1	1.51000000E+2	4.04900000E+0	4.05000000E+0	2.32098765E+1	2.66732527E+1	3.72931588E+1
9.56100000E+3	8.31093708E+1	-1.78753000E+5	-1.68304000E+5	9.60000000E+1	1.66000000E+2	4.05000000E+0	4.05000000E+0	2.37037037E+1	2.69135802E+1	4.09876543E+1
9.56125000E+3	8.30971988E+1	-1.79812000E+5	-1.69365000E+5	8.50000000E+1	1.43000000E+2	4.04900000E+0	4.04900000E+0	2.09928377E+1	2.49444307E+1	3.53173623E+1
9.56150000E+3	8.30850483E+1	-1.80870000E+5	-1.70423000E+5	8.60000000E+1	1.38000000E+2	4.05000000E+0	4.05000000E+0	2.12345679E+1	2.56790123E+1	3.40740741E+1
9.56175000E+3	8.30729193E+1	-1.81925000E+5	-1.71480000E+5	8.80000000E+1	1.48000000E+2	4.04900000E+0	4.05000000E+0	2.17283951E+1	2.46974562E+1	3.65522351E+1
9.56200000E+3	8.30608117E+1	-1.82978000E+5	-1.72534000E+5	1.09000000E+2	1.68000000E+2	4.04800000E+0	4.04800000E+0	2.69268775E+1	2.96442688E+1	4.15019763E+1
9.56225000E+3	8.30487254E+1	-1.84030000E+5	-1.73586000E+5	1.27000000E+2	1.88000000E+2	4.05000000E+0	4.05000000E+0	3.13580247E+1	3.35802469E+1	4.64197531E+1
9.56250000E+3	8.30366602E+1	-1.85079000E+5	-1.74637000E+5	1.10000000E+2	1.49000000E+2	4.04900000E+0	4.05000000E+0	2.71604938E+1	2.91429983E+1	3.67992097E+1
9.56275000E+3	8.30246160E+1	-1.86126000E+5	-1.75685000E+5	1.27000000E+2	1.75000000E+2	4.05000000E+0	4.05100000E+0	3.13502839E+1	3.23456790E+1	4.32098765E+1
9.56300000E+3	8.30125928E+1	-1.87172000E+5	-1.76732000E+5	1.28000000E+2	1.86000000E+2	4.05000000E+0	4.05000000E+0	3.16049383E+1	3.48148148E+1	4.59259259E+1
9.56325000E+3	8.30005903E+1	-1.88215000E+5	-1.77777000E+5	1.44000000E+2	1.92000000E+2	4.05000000E+0	4.05000000E+0	3.55555556E+1	3.75308642E+1	4.74074074E+1
9.56350000E+3	8.29886087E+1	-1.89257000E+5	-1.78819000E+5	1.50000000E+2	2.26000000E+2	4.05100000E+0	4.05100000E+0	3.70278943E+1	4.09775364E+1	5.57886941E+1
9.56375000E+3	8.29766476E+1	-1.90297000E+5	-1.79860000E+5	1.57000000E+2	2.17000000E+2	4.05000000E+0	4.05000000E+0	3.87654321E+1	4.19753086E+1	5.35802469E+1
9.56400000E+3	8.29647071E+1	-1.91335000E+5	-1.80899000E+5	1.92000000E+2	2.57000000E+2	4.05000000E+0	4.05000000E+0	4.74074074E+1	5.03703704E+1	6.34567901E+1
9.56425000E+3	8.29527869E+1	-1.92371000E+5	-1.81936000E+5	1.98000000E+2	2.58000000E+2	4.04900000E+0	4.04900000E+0	4.89009632E+1	5.23586071E+1	6.37194369E+1
9.56450000E+3	8.29408871E+1	-1.93405000E+5	-1.82972000E+5	1.92000000E+2	2.47000000E+2	4.04900000E+0	4.04900000E+0	4.74191158E+1	5.06297851E+1	6.10027167E+1
9.56475000E+3	8.29290075E+1	-1.94437000E+5	-1.84005000E+5	2.09000000E+2	2.64000000E+2	4.04900000E+0	4.05000000E+0	5.16049383E+1	5.43344036E+1	6.52012843E+1
9.56500000E+3	8.29171480E+1	-1.95468000E+5	-1.85036000E+5	1.97000000E+2	2.47000000E+2	4.05100000E+0	4.05100000E+0	4.86299679E+1	5.06047889E+1	6.09725994E+1
9.56525000E+3	8.29053085E+1	-1.96496000E+5	-1.86066000E+5	2.34000000E+2	2.99000000E+2	4.05000000E+0	4.05000000E+0	5.77777778E+1	6.22222222E+1	7.38271605E+1
9.56550000E+3	8.28934889E+1	-1.97523000E+5	-1.87094000E+5	2.24000000E+2	2.78000000E+2	4.04900000E+0	4.05000000E+0	5.53086420E+1	5.95208694E+1	6.86589281E+1
9.56575000E+3	8.28816891E+1	-1.98548000E+5	-1.88120000E+5	2.28000000E+2	2.80000000E+2	4.04900000E+0	4.04900000E+0	5.63102000E+1	5.90269202E+1	6.91528773E+1
9.56600000E+3	8.28699091E+1	-1.99571000E+5	-1.89144000E+5	2.78000000E+2	3.33000000E+2	4.05000000E+0	4.05000000E+0	6.86419753E+1	7.16049383E+1	8.22222222E+1
9.56625000E+3	8.28581486E+1	-2.00592000E+5	-1.90166000E+5	2.47000000E+2	3.12000000E+2	4.04800000E+0	4.04800000E+0	6.10177866E+1	6.64525692E+1	7.70750988E+1
9.56650000E+3	8.28464077E+1	-2.01611000E+5	-1.91187000E+5	2.84000000E+2	3.53000000E+2	4.05000000E+0	4.05000000E+0	7.01234568E+1	7.43209877E+1	8.71604938E+1
9.56675000E+3	8.28346863E+1	-2.02629000E+5	-1.92206000E+5	3.38000000E+2	3.88000000E+2	4.05000000E+0	4.05000000E+0	8.34567901E+1	8.59259259E+1	9.58024691E+1
9.56700000E+3	8.28229841E+1	-2.03645000E+5	-1.93223000E+5	2.93000000E+2	3.40000000E+2	4.05000000E+0	4.05000000E+0	7.23456790E+1	7.45679012E+1	8.39506173E+1
9.56725000E+3	8.28113012E+1	-2.04659000E+5	-1.94238000E+5	3.42000000E+2	3.89000000E+2	4.05000000E+0	4.05000000E+0	8.44444444E+1	8.66666667E+1	9.60493827E+1
9.56750000E+3	8.27996375E+1	-2.05671000E+5	-1.95251000E+5	3.58000000E+2	4.08000000E+2	4.05000000E+0	4.05000000E+0	8.83950617E+1	9.18518519E+1	1.00740741E+2
9.56775000E+3	8.27879928E+1	-2.06682000E+5	-1.96263000E+5	4.05000000E+2	4.54000000E+2	4.05200000E+0	4.05200000E+0	9.99506417E+1	1.02418559E+2	1.12043435E+2
9.56800000E+3	8.27763671E+1	-2.07691000E+5	-1.97273000E+5	4.02000000E+2	4.59000000E+2	4.04900000E+0	4.05000000E+0	9.92592593E+1	1.02988392E+2	1.13361324E+2
9.56825000E+3	8.27647603E+1	-2.08698000E+5	-1.98281000E+5	4.69000000E+2	5.26000000E+2	4.05000000E+0	4.05000000E+0	1.15802469E+2	1.19259259E+2	1.29876543E+2
9.56850000E+3	8.27531723E+1	-2.09703000E+5	-1.99287000E+5	5.64000000E+2	6.31000000E+2	4.04900000E+0	4.04900000E+0	1.39293653E+2	1.45221042E+2	1.55840948E+2
9.56875000E+3	8.27416029E+1	-2.10707000E+5	-2.00292000E+5	5.97000000E+2	6.64000000E+2	4.05000000E+0	4.05000000E+0	1.47407407E+2	1.51604938E+2	1.63950617E+2
9.56900000E+3	8.27300522E+1	-2.11709000E+5	-2.01295000E+5	6.39000000E+2	6.99000000E+2	4.05000000E+0	4.05000000E+0	1.57777778E+2	1.60493827E+2	1.72592593E+2
9.56925000E+3	8.27185201E+1	-2.12709000E+5	-2.02296000E+5	7.73000000E+2	8.31000000E+2	4.05000000E+0	4.05000000E+0	1.90864198E+2	1.93827160E+2	2.05185185E+2
9.56950000E+3	8.27070063E+1	-2.13707000E+5	-2.03296000E+5	7.84000000E+2	8.42000000E+2	4.04900000E+0	4.04900000E+0	1.93628056E+2	1.96591751E+2	2.07952581E+2
9.56975000E+3	8.26955109E+1	-2.14704000E+5	-2.04294000E+5	8.19000000E+2	8.94000000E+2	4.04900000E+0	4.04900000E+0	2.02272166E+2	2.08693505E+2	2.20795258E+2
9.57000000E+3	8.26840338E+1	-2.15699000E+5	-2.05290000E+5	9.56000000E+2	1.00700000E+3	4.04900000E+0	4.04900000E+0	2.36107681E+2	2.38330452E+2	2.48703384E+2
9.57025000E+3	8.26725749E+1	-2.16692000E+5	-2.06284000E+5	1.01000000E+3	1.08100000E+3	4.04900000E+0	4.04800000E+0	2.49505929E+2	2.55371697E+2	2.66979501E+2
9.57050000E+3	8.26611341E+1	-2.17684000E+5	-2.07277000E+5	1.14700000E+3	1.20700000E+3	4.05000000E+0	4.05000000E+0	2.83209877E+2	2.86172840E+2	2.98024691E+2
9.57075000E+3	8.26497112E+1	-2.18674000E+5	-2.08268000E+5	1.14600000E+3	1.19400000E+3	4.04800000E+0	4.04800000E+0	2.83102767E+2	2.87055336E+2	2.94960474E+2
9.57100000E+3	8.26383064E+1	-2.19662000E+5	-2.09258000E+5	1.16700000E+3	1.21700000E+3	4.05000000E+0	4.05000000E+0	2.88148148E+2	2.92098765E+2	3.00493827E+2
9.57125000E+3	8.26269194E+1	-2.20649000E+5	-2.10245000E+5	1.24700000E+3	1.32700000E+3	4.05000000E+0	4.04900000E+0	3.07977278E+2	3.12345679E+2	3.27654321E+2
9.57150000E+3	8.26155501E+1	-2.21634000E+5	-2.11232000E+5	1.25200000E+3	1.30700000E+3	4.04900000E+0	4.04900000E+0	3.09212151E+2	3.11928871E+2	3.22795752E+2
9.57175000E+3	8.26041986E+1	-2.22618000E+5	-2.12216000E+5	1.28500000E+3	1.36000000E+3	4.04900000E+0	4.04900000E+0	3.17362312E+2	3.24524574E+2	3.35885404E+2
9.57200000E+3	8.25928646E+1	-2.23599000E+5	-2.13199000E+5	1.37700000E+3	1.43900000E+3	4.04900000E+0	4.04900000E+0	3.40083971E+2	3.44282539E+2	3.55396394E+2
9.57225000E+3	8.25815482E+1	-2.24580000E+5	-2.14180000E+5	1.42700000E+3	1.50200000E+3	4.04900000E+0	4.04900000E+0	3.52432699E+2	3.58854038E+2	3.70955792E+2
9.57250000E+3	8.25702493E+1	-2.25558000E+5	-2.15160000E+5	1.36800000E+3	1.45500000E+3	4.05000000E+0	4.04900000E+0	3.37861200E+2	3.44197531E+2	3.59259259E+2
9.57275000E+3	8.25589677E+1	-2.26535000E+5	-2.16138000E+5	1.45300000E+3	1.52300000E+3	4.05000000E+0	4.05000000E+0	3.58765432E+2	3.66666667E+2	3.76049383E+2
9.57300000E+3	8.25477034E+1	-2.27511000E+5	-2.17115000E+5	1.48500000E+3	1.54900000E+3	4.05000000E+0	4.05000000E+0	3.66666667E+2	3.72098765E+2	3.82469136E+2
9.57325000E+3	8.25364564E+1	-2.28484000E+5	-2.18089000E+5	1.59500000E+3	1.67000000E+3	4.04900000E+0	4.04900000E+0	3.93924426E+2	4.00098790E+2	4.12447518E+2
9.57350000E+3	8.25252265E+1	-2.29456000E+5	-2.19063000E+5	1.50600000E+3	1.58200000E+3	4.05000000E+0	4.04900000E+0	3.71943690E+2	3.76543210E+2	3.90617284E+2
9.57375000E+3	8.25140136E+1	-2.30427000E+5	-2.20034000E+5	1.44800000E+3	1.52300000E+3	4.05000000E+0	4.04900000E+0	3.57619165E+2	3.61975309E+2	3.76049383E+2
9.57400000E+3	8.25028178E+1	-2.31396000E+5	-2.21005000E+5	1.47200000E+3	1.54300000E+3	4.05000000E+0	4.04900000E+0	3.63546555E+2	3.69876543E+2	3.80987654E+2
9.57425000E+3	8.24916388E+1	-2.32364000E+5	-2.21973000E+5	1.37900000E+3	1.43100000E+3	4.05000000E+0	4.04900000E+0	3.40577920E+2	3.43456790E+2	3.53333333E+2
9.57450000E+3	8.24804768E+1	-2.33329000E+5	-2.22940000E+5	1.27100000E+3	1.34300000E+3	4.04800000E+0	4.04800000E+0	3.13982213E+2	3.18922925E+2	3.31768775E+2
9.57475000E+3	8.24693314E+1	-2.34294000E+5	-2.23905000E+5	1.17800000E+3	1.24600000E+3	4.05000000E+0	4.05000000E+0	2.90864198E+2	2.96296296E+2	3.07654321E+2
9.57500000E+3	8.24582028E+1	-2.35257000E+5	-2.24869000E+5	1.04100000E+3	1.10600000E+3	4.04900000E+0	4.04800000E+0	2.57164032E+2	2.61299086E+2	2.73153865E+2
9.57525000E+3	8.24470908E+1	-2.36218000E+5	-2.25832000E+5	9.85000000E+2	1.04800000E+3	4.05000000E+0	4.05000000E+0	2.43209877E+2	2.47901235E+2	2.58765432E+2
9.57550000E+3	8.24359954E+1	-2.37178000E+5	-2.26793000E+5	8.58000000E+2	9.24000000E+2	4.05000000E+0	4.05000000E+0	2.11851852E+2	2.16790123E+2	2.28148148E+2
9.57575000E+3	8.24249164E+1	-2.38136000E+5	-2.27752000E+5	7.55000000E+2	8.13000000E+2	4.05100000E+0	4.05100000E+0	1.86373735E+2	1.88348556E+2	2.00691187E+2
9.57600000E+3	8.24138539E+1	-2.39092000E+5	-2.28710000E+5	7.16000000E+2	7.85000000E+2	4.05000000E+0	4.05000000E+0	1.76790123E+2	1.80493827E+2	1.93827160E+2
9.57625000E+3	8.24028077E+1	-2.40048000E+5	-2.29666000E+5	7.12000000E+2	7.79000000E+2	4.05000000E+0	4.05000000E+0	1.75802469E+2	1.80246914E+2	1.92345679E+2
9.57650000E+3	8.23917777E+1	-2.41001000E+5	-2.30621000E+5	6.38000000E+2	7.00000000E+2	4.04900000E+0	4.04900000E+0	1.57569770E+2	1.62015312E+2	1.72882193E+2
9.57675000E+3	8.23807640E+1	-2.41953000E+5	-2.31574000E+5	6.22000000E+2	6.79000000E+2	4.04900000E+0	4.04900000E+0	1.53618177E+2	1.57075821E+2	1.67695727E+2
9.57700000E+3	8.23697663E+1	-2.42904000E+5	-2.32526000E+5	5.31000000E+2	5.85000000E+2	4.04900000E+0	4.05000000E+0	1.31111111E+2	1.33613238E+2	1.44480119E+2
9.57725000E+3	8.23587848E+1	-2.43853000E+5	-2.33476000E+5	4.97000000E+2	5.51000000E+2	4.04900000E+0	4.04900000E+0	1.22746357E+2	1.26450976E+2	1.36082983E+2
9.57750000E+3	8.23478192E+1	-2.44801000E+5	-2.34425000E+5	4.45000000E+2	5.05000000E+2	4.05100000E+0	4.05100000E+0	1.09849420E+2	1.13305357E+2	1.24660578E+2
9.57775000E+3	8.23368696E+1	-2.45747000E+5	-2.35372000E+5	4.71000000E+2	5.34000000E+2	4.05000000E+0	4.05000000E+0	1.16296296E+2	1.20000000E+2	1.31851852E+2
9.57800000E+3	8.23259358E+1	-2.46692000E+5	-2.36318000E+5	4.27000000E+2	4.96000000E+2	4.05000000E+0	4.05000000E+0	1.05432099E+2	1.09629630E+2	1.22469136E+2
9.57825000E+3	8.23150178E+1	-2.47635000E+5	-2.37262000E+5	4.00000000E+2	4.57000000E+2	4.04900000E+0	4.04900000E+0	9.87898246E+1	1.02494443E+2	1.12867375E+2
9.57850000E+3	8.23041156E+1	-2.48577000E+5	-2.38205000E+5	3.81000000E+2	4.37000000E+2	4.05000000E+0	4.05000000E+0	9.40740741E+1	9.80246914E+1	1.07901235E+2
9.57875000E+3	8.22932290E+1	-2.49517000E+5	-2.39146000E+5	3.26000000E+2	3.84000000E+2	4.04900000E+0	4.04900000E+0	8.05137071E+1	8.44653001E+1	9.48382317E+1
9.57900000E+3	8.22823580E+1	-2.50456000E+5	-2.40086000E+5	3.36000000E+2	3.96000000E+2	4.04800000E+0	4.04800000E+0	8.30039526E+1	8.57213439E+1	9.78260870E+1
9.57925000E+3	8.22715025E+1	-2.51394000E+5	-2.41025000E+5	3.08000000E+2	3.65000000E+2	4.04900000E+0	4.04900000E+0	7.60681650E+1	8.10076562E+1	9.01457150E+1
9.57950000E+3	8.22606625E+1	-2.52330000E+5	-2.41962000E+5	3.12000000E+2	3.65000000E+2	4.04900000E+0	4.04900000E+0	7.70560632E+1	7.87848852E+1	9.01457150E+1
9.57975000E+3	8.22498379E+1	-2.53264000E+5	-2.42898000E+5	2.60000000E+2	3.18000000E+2	4.04900000E+0	4.05000000E+0	6.41975309E+1	6.71770808E+1	7.85379106E+1
9.58000000E+3	8.22390286E+1	-2.54197000E+5	-2.43832000E+5	2.73000000E+2	3.31000000E+2	4.04900000E+0	4.05000000E+0	6.74074074E+1	6.98938009E+1	8.17485799E+1
9.58025000E+3	8.22282346E+1	-2.55129000E+5	-2.44765000E+5	1.99000000E+2	2.45000000E+2	4.05000000E+0	4.05000000E+0	4.91358025E+1	5.11111111E+1	6.04938272E+1
9.58050000E+3	8.22174558E+1	-2.56059000E+5	-2.45696000E+5	2.08000000E+2	2.65000000E+2	4.05000000E+0	4.05000000E+0	5.13580247E+1	5.62962963E+1	6.54320988E+1
9.58075000E+3	8.22066922E+1	-2.56988000E+5	-2.46626000E+5	2.14000000E+2	2.74000000E+2	4.05000000E+0	4.05000000E+0	5.28395062E+1	5.65432099E+1	6.76543210E+1
9.58100000E+3	8.21959437E+1	-2.57916000E+5	-2.47555000E+5	1.85000000E+2	2.56000000E+2	4.04900000E+0	4.04900000E+0	4.56902939E+1	4.79130650E+1	6.32254878E+1
9.58125000E+3	8.21852101E+1	-2.58842000E+5	-2.48482000E+5	1.80000000E+2	2.33000000E+2	4.04900000E+0	4.04900000E+0	4.44554211E+1	4.79130650E+1	5.75450729E+1
9.58150000E+3	8.21744916E+1	-2.59767000E+5	-2.49408000E+5	1.58000000E+2	2.06000000E+2	4.05000000E+0	4.05000000E+0	3.90123457E+1	4.14814815E+1	5.08641975E+1
9.58175000E+3	8.21637880E+1	-2.60690000E+5	-2.50333000E+5	1.46000000E+2	2.12000000E+2	4.04900000E+0	4.05000000E+0	3.60493827E+1	4.09977772E+1	5.23586071E+1
9.58200000E+3	8.21530992E+1	-2.61612000E+5	-2.51256000E+5	1.71000000E+2	2.30000000E+2	4.04900000E+0	4.05000000E+0	4.22222222E+1	4.44554211E+1	5.68041492E+1
9.58225000E+3	8.21424251E+1	-2.62533000E+5	-2.52177000E+5	1.30000000E+2	1.74000000E+2	4.04900000E+0	4.05000000E+0	3.20987654E+1	3.53173623E+1	4.29735737E+1
9.58250000E+3	8.21317659E+1	-2.63452000E+5	-2.53098000E+5	1.34000000E+2	1.97000000E+2	4.04900000E+0	4.05000000E+0	3.30864198E+1	3.70461842E+1	4.86539886E+1
9.58275000E+3	8.21211212E+1	-2.64370000E+5	-2.54017000E+5	1.38000000E+2	2.02000000E+2	4.05000000E+0	4.05000000E+0	3.40740741E+1	3.77777778E+1	4.98765432E+1
9.58300000E+3	8.21104912E+1	-2.65287000E+5	-2.54934000E+5	1.18000000E+2	1.78000000E+2	4.04900000E+0	4.05000000E+0	2.91358025E+1	3.28476167E+1	4.39614720E+1
9.58325000E+3	8.20998758E+1	-2.66202000E+5	-2.55851000E+5	1.18000000E+2	1.69000000E+2	4.04900000E+0	4.04900000E+0	2.91429983E+1	3.26006421E+1	4.17387009E+1
9.58350000E+3	8.20892748E+1	-2.67116000E+5	-2.56766000E+5	1.08000000E+2	1.68000000E+2	4.05000000E+0	4.05100000E+0	2.66600839E+1	3.03703704E+1	4.14814815E+1
9.58375000E+3	8.20786883E+1	-2.68028000E+5	-2.57679000E+5	9.60000000E+1	1.63000000E+2	4.05000000E+0	4.05000000E+0	2.37037037E+1	2.71604938E+1	4.02469136E+1
9.58400000E+3	8.20681161E+1	-2.68939000E+5	-2.58591000E+5	8.90000000E+1	1.46000000E+2	4.05000000E+0	4.05000000E+0	2.19753086E+1	2.44444444E+1	3.60493827E+1
9.58425000E+3	8.20575583E+1	-2.69849000E+5	-2.59502000E+5	7.30000000E+1	1.31000000E+2	4.05000000E+0	4.05000000E+0	1.80246914E+1	2.14814815E+1	3.23456790E+1
9.58450000E+3	8.20470147E+1	-2.70757000E+5	-2.60412000E+5	8.10000000E+1	1.35000000E+2	4.04900000E+0	4.05000000E+0	2.00000000E+1	2.19807360E+1	3.33415658E+1
9.58475000E+3	8.20364854E+1	-2.71665000E+5	-2.61320000E+5	7.60000000E+1	1.40000000E+2	4.04900000E+0	4.04900000E+0	1.87700667E+1	2.34625834E+1	3.45764386E+1
9.58500000E+3	8.20259702E+1	-2.72571000E+5	-2.62227000E+5	9.20000000E+1	1.33000000E+2	4.05000000E+0	4.05000000E+0	2.27160494E+1	2.46913580E+1	3.28395062E+1
9.58525000E+3	8.20154691E+1	-2.73475000E+5	-2.63133000E+5	7.60000000E+1	1.27000000E+2	4.05000000E+0	4.05000000E+0	1.87654321E+1	2.07407407E+1	3.13580247E+1
9.58550000E+3	8.20049820E+1	-2.74378000E+5	-2.64037000E+5	7.20000000E+1	1.36000000E+2	4.04900000E+0	4.05000000E+0	1.77777778E+1	2.19807360E+1	3.35885404E+1
9.58575000E+3	8.19945090E+1	-2.75280000E+5	-2.64940000E+5	6.30000000E+1	1.18000000E+2	4.05000000E+0	4.05000000E+0	1.55555556E+1	1.75308642E+1	2.91358025E+1
9.58600000E+3	8.19840498E+1	-2.76181000E+5	-2.65842000E+5	5.70000000E+1	9.70000000E+1	4.05000000E+0	4.05000000E+0	1.40740741E+1	1.58024691E+1	2.39506173E+1
9.58625000E+3	8.19736046E+1	-2.77080000E+5	-2.66742000E+5	6.10000000E+1	1.01000000E+2	4.05000000E+0	4.05000000E+0	1.50617284E+1	1.70370370E+1	2.49382716E+1
9.58650000E+3	8.19631732E+1	-2.77978000E+5	-2.67641000E+5	4.70000000E+1	1.05000000E+2	4.04900000E+0	4.04900000E+0	1.16078044E+1	1.38305755E+1	2.59323290E+1
9.58675000E+3	8.19527555E+1	-2.78875000E+5	-2.68539000E+5	5.70000000E+1	1.22000000E+2	4.04900000E+0	4.05000000E+0	1.40740741E+1	1.87700667E+1	3.01308965E+1
9.58700000E+3	8.19423516E+1	-2.79771000E+5	-2.69436000E+5	5.90000000E+1	1.22000000E+2	4.05000000E+0	4.05000000E+0	1.45679012E+1	1.58024691E+1	3.01234568E+1
9.58725000E+3	8.19319614E+1	-2.80665000E+5	-2.70331000E+5	4.00000000E+1	1.03000000E+2	4.05000000E+0	4.05000000E+0	9.87654321E+0	1.28395062E+1	2.54320988E+1
9.58750000E+3	8.19215847E+1	-2.81558000E+5	-2.71225000E+5	4.80000000E+1	9.90000000E+1	4.04900000E+0	4.05000000E+0	1.18518519E+1	1.50654483E+1	2.44504816E+1
9.58775000E+3	8.19112217E+1	-2.82450000E+5	-2.72118000E+5	4.10000000E+1	1.11000000E+2	4.04900000E+0	4.05000000E+0	1.01234568E+1	1.40775500E+1	2.74141763E+1
9.58800000E+3	8.19008721E+1	-2.83340000E+5	-2.73010000E+5	4.30000000E+1	9.40000000E+1	4.05000000E+0	4.05000000E+0	1.06172840E+1	1.35802469E+1	2.32098765E+1
9.58825000E+3	8.18905361E+1	-2.84229000E+5	-2.73900000E+5	4.60000000E+1	1.08000000E+2	4.05000000E+0	4.05000000E+0	1.13580247E+1	1.40740741E+1	2.66666667E+1
9.58850000E+3	8.18802134E+1	-2.85117000E+5	-2.74789000E+5	4.40000000E+1	1.07000000E+2	4.05000000E+0	4.05000000E+0	1.08641975E+1	1.50617284E+1	2.64197531E+1
9.58875000E+3	8.18699041E+1	-2.86004000E+5	-2.75677000E+5	2.80000000E+1	9.10000000E+1	4.05000000E+0	4.05000000E+0	6.91358025E+0	9.38271605E+0	2.24691358E+1
9.58900000E+3	8.18596081E+1	-2.86889000E+5	-2.76563000E+5	4.00000000E+1	1.01000000E+2	4.04900000E+0	4.05000000E+0	9.87654321E+0	1.25957026E+1	2.49444307E+1
9.58925000E+3	8.18493254E+1	-2.87774000E+5	-2.77449000E+5	2.90000000E+1	7.60000000E+1	4.04900000E+0	4.05000000E+0	7.16049383E+0	9.38503334E+0	1.87700667E+1
9.58950000E+3	8.18390559E+1	-2.88657000E+5	-2.78333000E+5	3.70000000E+1	1.01000000E+2	4.04900000E+0	4.05000000E+0	9.13580247E+0	1.33366263E+1	2.49444307E+1
9.58975000E+3	8.18287996E+1	-2.89538000E+5	-2.79216000E+5	3.50000000E+1	8.90000000E+1	4.04900000E+0	4.04900000E+0	8.64410966E+0	1.28426772E+1	2.19807360E+1
9.59000000E+3	8.18185563E+1	-2.90419000E+5	-2.80097000E+5	3.60000000E+1	9.10000000E+1	4.05000000E+0	4.05000000E+0	8.88888889E+0	1.28395062E+1	2.24691358E+1
9.59025000E+3	8.18083262E+1	-2.91298000E+5	-2.80978000E+5	2.70000000E+1	8.00000000E+1	4.04900000E+0	4.05000000E+0	6.66666667E+0	9.38503334E+0	1.97579649E+1
9.59050000E+3	8.17981091E+1	-2.92176000E+5	-2.81857000E+5	3.00000000E+1	8.20000000E+1	4.05000000E+0	4.05100000E+0	7.40557887E+0	1.01234568E+1	2.02469136E+1
9.59075000E+3	8.17879049E+1	-2.93053000E+5	-2.82735000E+5	3.40000000E+1	9.90000000E+1	4.04800000E+0	4.04900000E+0	8.39713510E+0	1.11166008E+1	2.44565217E+1
9.59100000E+3	8.17777137E+1	-2.93929000E+5	-2.83612000E+5	2.60000000E+1	9.60000000E+1	4.04900000E+0	4.04900000E+0	6.42133860E+0	1.06199061E+1	2.37095579E+1
9.59125000E+3	8.17675353E+1	-2.94803000E+5	-2.84487000E+5	2.50000000E+1	8.20000000E+1	4.05000000E+0	4.05000000E+0	6.17283951E+0	9.38271605E+0	2.02469136E+1
9.59150000E+3	8.17573698E+1	-2.95677000E+5	-2.85362000E+5	3.50000000E+1	1.10000000E+2	4.05000000E+0	4.05000000E+0	8.64197531E+0	1.25925926E+1	2.71604938E+1
9.59175000E+3	8.17472170E+1	-2.96549000E+5	-2.86235000E+5	2.50000000E+1	7.80000000E+1	4.04900000E+0	4.04900000E+0	6.17436404E+0	8.89108422E+0	1.92640158E+1
9.59200000E+3	8.17370770E+1	-2.97420000E+5	-2.87107000E+5	3.10000000E+1	6.40000000E+1	4.04900000E+0	4.05000000E+0	7.65432099E+0	8.64410966E+0	1.58063719E+1
9.59225000E+3	8.17269497E+1	-2.98290000E+5	-2.87978000E+5	3.40000000E+1	9.20000000E+1	4.04900000E+0	4.05000000E+0	8.39506173E+0	1.23487281E+1	2.27216597E+1
9.59250000E+3	8.17168350E+1	-2.99158000E+5	-2.88847000E+5	2.90000000E+1	8.10000000E+1	4.05000000E+0	4.05000000E+0	7.16049383E+0	1.03703704E+1	2.00000000E+1
9.59275000E+3	8.17067329E+1	-3.00026000E+5	-2.89716000E+5	1.30000000E+1	6.90000000E+1	4.04900000E+0	4.05000000E+0	3.20987654E+0	4.44554211E+0	1.70412448E+1
9.59300000E+3	8.16966434E+1	-3.00892000E+5	-2.90583000E+5	2.90000000E+1	8.80000000E+1	4.05000000E+0	4.05100000E+0	7.15872624E+0	1.16049383E+1	2.17283951E+1
9.59325000E+3	8.16865664E+1	-3.01757000E+5	-2.91449000E+5	1.80000000E+1	7.30000000E+1	4.04900000E+0	4.04900000E+0	4.44554211E+0	6.91528773E+0	1.80291430E+1
9.59350000E+3	8.16765019E+1	-3.02621000E+5	-2.92314000E+5	1.90000000E+1	7.70000000E+1	4.05000000E+0	4.05000000E+0	4.69135802E+0	8.39506173E+0	1.90123457E+1
9.59375000E+3	8.16664497E+1	-3.03483000E+5	-2.93178000E+5	2.50000000E+1	6.60000000E+1	4.05000000E+0	4.05000000E+0	6.17283951E+0	8.14814815E+0	1.62962963E+1
9.59400000E+3	8.16564100E+1	-3.04345000E+5	-2.94041000E+5	1.60000000E+1	8.00000000E+1	4.04900000E+0	4.05000000E+0	3.95061728E+0	6.66831316E+0	1.97579649E+1
9.59425000E+3	8.16463826E+1	-3.05205000E+5	-2.94902000E+5	1.00000000E+1	7.10000000E+1	4.05000000E+0	4.05000000E+0	2.46913580E+0	5.92592593E+0	1.75308642E+1
9.59450000E+3	8.16363674E+1	-3.06065000E+5	-2.95763000E+5	2.00000000E+1	6.40000000E+1	4.04900000E+0	4.04900000E+0	4.93949123E+0	7.16226229E+0	1.58063719E+1
9.59475000E+3	8.16263645E+1	-3.06923000E+5	-2.96622000E+5	2.00000000E+1	8.00000000E+1	4.05000000E+0	4.05100000E+0	4.93705258E+0	6.91358025E+0	1.97530864E+1
9.59500000E+3	8.16163739E+1	-3.07780000E+5	-2.97480000E+5	3.10000000E+1	1.04000000E+2	4.04900000E+0	4.05000000E+0	7.65432099E+0	1.23487281E+1	2.56853544E+1
9.59525000E+3	8.16063953E+1	-3.08636000E+5	-2.98337000E+5	1.60000000E+1	7.50000000E+1	4.05000000E+0	4.05100000E+0	3.94964206E+0	5.43209877E+0	1.85185185E+1
9.59550000E+3	8.15964289E+1	-3.09491000E+5	-2.99193000E+5	1.50000000E+1	6.50000000E+1	4.04900000E+0	4.05000000E+0	3.70370370E+0	6.66831316E+0	1.60533465E+1
9.59575000E+3	8.15864746E+1	-3.10344000E+5	-3.00048000E+5	2.80000000E+1	8.00000000E+1	4.05000000E+0	4.05000000E+0	6.91358025E+0	1.06172840E+1	1.97530864E+1
9.59600000E+3	8.15765322E+1	-3.11197000E+5	-3.00901000E+5	1.30000000E+1	6.60000000E+1	4.05000000E+0	4.05000000E+0	3.20987654E+0	5.67901235E+0	1.62962963E+1
9.59625000E+3	8.15666019E+1	-3.12048000E+5	-3.01754000E+5	1.30000000E+1	7.50000000E+1	4.05000000E+0	4.05000000E+0	3.20987654E+0	6.41975309E+0	1.85185185E+1
9.59650000E+3	8.15566835E+1	-3.12898000E+5	-3.02605000E+5	1.90000000E+1	7.90000000E+1	4.05000000E+0	4.05000000E+0	4.69135802E+0	7.65432099E+0	1.95061728E+1
9.59675000E+3	8.15467771E+1	-3.13748000E+5	-3.03455000E+5	2.40000000E+1	8.20000000E+1	4.05100000E+0	4.05100000E+0	5.92446310E+0	8.63984201E+0	2.02419156E+1
9.59700000E+3	8.15368824E+1	-3.14596000E+5	-3.04305000E+5	1.40000000E+1	7.40000000E+1	4.04900000E+0	4.05000000E+0	3.45679012E+0	7.65621141E+0	1.82761176E+1
9.59725000E+3	8.15269997E+1	-3.15443000E+5	-3.05153000E+5	1.30000000E+1	7.00000000E+1	4.05000000E+0	4.05000000E+0	3.20987654E+0	6.17283951E+0	1.72839506E+1
9.59750000E+3	8.15171287E+1	-3.16288000E+5	-3.05999000E+5	1.80000000E+1	7.30000000E+1	4.04900000E+0	4.05000000E+0	4.44444444E+0	6.91528773E+0	1.80291430E+1
9.59775000E+3	8.15072694E+1	-3.17133000E+5	-3.06845000E+5	1.40000000E+1	7.10000000E+1	4.04900000E+0	4.05000000E+0	3.45679012E+0	5.68041492E+0	1.75351939E+1
9.59800000E+3	8.14974218E+1	-3.17977000E+5	-3.07690000E+5	1.20000000E+1	7.10000000E+1	4.05000000E+0	4.05000000E+0	2.96296296E+0	6.41975309E+0	1.75308642E+1
9.59825000E+3	8.14875859E+1	-3.18819000E+5	-3.08534000E+5	1.50000000E+1	7.00000000E+1	4.05100000E+0	4.05100000E+0	3.70278943E+0	7.40557887E+0	1.72796840E+1
9.59850000E+3	8.14777616E+1	-3.19661000E+5	-3.09376000E+5	1.40000000E+1	7.60000000E+1	4.05000000E+0	4.05000000E+0	3.45679012E+0	6.17283951E+0	1.87654321E+1
9.59875000E+3	8.14679489E+1	-3.20501000E+5	-3.10218000E+5	1.20000000E+1	7.10000000E+1	4.05000000E+0	4.05100000E+0	2.96223155E+0	5.67901235E+0	1.75308642E+1
9.59900000E+3	8.14581478E+1	-3.21341000E+5	-3.11058000E+5	1.70000000E+1	8.30000000E+1	4.04800000E+0	4.04900000E+0	4.19856755E+0	8.89328063E+0	2.05039526E+1
9.59925000E+3	8.14483581E+1	-3.22179000E+5	-3.11898000E+5	1.30000000E+1	6.90000000E+1	4.05000000E+0	4.05000000E+0	3.20987654E+0	7.90123457E+0	1.70370370E+1
9.59950000E+3	8.14385799E+1	-3.23016000E+5	-3.12736000E+5	1.20000000E+1	8.70000000E+1	4.05000000E+0	4.05000000E+0	2.96296296E+0	6.66666667E+0	2.14814815E+1
9.59975000E+3	8.14288132E+1	-3.23852000E+5	-3.13573000E+5	1.80000000E+1	7.40000000E+1	4.05100000E+0	4.05100000E+0	4.44334732E+0	7.15872624E+0	1.82670945E+1
9.60000000E+3	8.14190578E+1	-3.24687000E+5	-3.14409000E+5	9.00000000E+0	6.40000000E+1	4.05000000E+0	4.05000000E+0	2.22222222E+0	5.18518519E+0	1.58024691E+1
9.60025000E+3	8.14093138E+1	-3.25521000E+5	-3.15244000E+5	1.60000000E+1	7.20000000E+1	4.05000000E+0	4.05100000E+0	3.94964206E+0	6.41975309E+0	1.77777778E+1
9.60050000E+3	8.13995810E+1	-3.26354000E+5	-3.16078000E+5	1.10000000E+1	6.20000000E+1	4.04900000E+0	4.05000000E+0	2.71604938E+0	4.93949123E+0	1.53124228E+1
9.60075000E+3	8.13898596E+1	-3.27186000E+5	-3.16911000E+5	9.00000000E+0	5.70000000E+1	4.04900000E+0	4.05000000E+0	2.22222222E+0	4.19856755E+0	1.40775500E+1
9.60100000E+3	8.13801494E+1	-3.28017000E+5	-3.17743000E+5	9.00000000E+0	6.60000000E+1	4.04900000E+0	4.05000000E+0	2.22222222E+0	5.18646579E+0	1.63003211E+1
9.60125000E+3	8.13704504E+1	-3.28847000E+5	-3.18574000E+5	8.00000000E+0	5.90000000E+1	4.05000000E+0	4.05000000E+0	1.97530864E+0	3.20987654E+0	1.45679012E+1
9.60150000E+3	8.13607625E+1	-3.29675000E+5	-3.19404000E+5	8.00000000E+0	7.20000000E+1	4.05000000E+0	4.05000000E+0	1.97530864E+0	4.19753086E+0	1.77777778E+1
9.60175000E+3	8.13510858E+1	-3.30503000E+5	-3.20233000E+5	1.90000000E+1	7.70000000E+1	4.05000000E+0	4.05000000E+0	4.69135802E+0	7.16049383E+0	1.90123457E+1
9.60200000E+3	8.13414201E+1	-3.31330000E+5	-3.21060000E+5	1.00000000E+1	5.40000000E+1	4.05000000E+0	4.05000000E+0	2.46913580E+0	4.19753086E+0	1.33333333E+1
9.60225000E+3	8.13317655E+1	-3.32155000E+5	-3.21887000E+5	7.00000000E+0	6.00000000E+1	4.05000000E+0	4.05100000E+0	1.72796840E+0	5.18518519E+0	1.48148148E+1
9.60250000E+3	8.13221220E+1	-3.32980000E+5	-3.22713000E+5	1.10000000E+1	6.90000000E+1	4.04900000E+0	4.05000000E+0	2.71604938E+0	5.68041492E+0	1.70412448E+1
9.60275000E+3	8.13124894E+1	-3.33803000E+5	-3.23537000E+5	1.80000000E+1	6.00000000E+1	4.04900000E+0	4.04900000E+0	4.44554211E+0	7.16226229E+0	1.48184737E+1
9.60300000E+3	8.13028677E+1	-3.34626000E+5	-3.24361000E+5	9.00000000E+0	6.80000000E+1	4.05000000E+0	4.05000000E+0	2.22222222E+0	5.18518519E+0	1.67901235E+1
9.60325000E+3	8.12932569E+1	-3.35447000E+5	-3.25184000E+5	6.00000000E+0	6.20000000E+1	4.04900000E+0	4.05000000E+0	1.48148148E+0	3.21066930E+0	1.53124228E+1
9.60350000E+3	8.12836570E+1	-3.36268000E+5	-3.26005000E+5	1.90000000E+1	9.30000000E+1	4.04900000E+0	4.05000000E+0	4.69135802E+0	1.06199061E+1	2.29686342E+1
9.60375000E+3	8.12740680E+1	-3.37087000E+5	-3.26826000E+5	1.00000000E+1	7.10000000E+1	4.04900000E+0	4.05000000E+0	2.46913580E+0	5.18646579E+0	1.75351939E+1
9.60400000E+3	8.12644897E+1	-3.37906000E+5	-3.27645000E+5	1.00000000E+1	7.00000000E+1	4.05000000E+0	4.05000000E+0	2.46913580E+0	4.44444444E+0	1.72839506E+1
9.60425000E+3	8.12549222E+1	-3.38723000E+5	-3.28464000E+5	3.00000000E+0	5.60000000E+1	4.04900000E+0	4.05000000E+0	7.40740741E-1	2.71672018E+0	1.38305755E+1
9.60450000E+3	8.12453655E+1	-3.39540000E+5	-3.29281000E+5	5.00000000E+0	6.00000000E+1	4.04900000E+0	4.05000000E+0	1.23456790E+0	3.95159299E+0	1.48184737E+1
9.60475000E+3	8.12358194E+1	-3.40355000E+5	-3.30098000E+5	1.10000000E+1	6.40000000E+1	4.04900000E+0	4.05000000E+0	2.71604938E+0	5.43344036E+0	1.58063719E+1
9.60500000E+3	8.12262840E+1	-3.41170000E+5	-3.30914000E+5	1.50000000E+1	6.90000000E+1	4.05000000E+0	4.05100000E+0	3.70278943E+0	5.67901235E+0	1.70370370E+1
9.60525000E+3	8.12167592E+1	-3.41983000E+5	-3.31728000E+5	8.00000000E+0	6.40000000E+1	4.05000000E+0	4.05000000E+0	1.97530864E+0	5.67901235E+0	1.58024691E+1
9.60550000E+3	8.12072451E+1	-3.42796000E+5	-3.32542000E+5	9.00000000E+0	6.50000000E+1	4.04900000E+0	4.04900000E+0	2.22277105E+0	6.17436404E+0	1.60533465E+1
9.60575000E+3	8.11977414E+1	-3.43607000E+5	-3.33354000E+5	1.10000000E+1	5.90000000E+1	4.05000000E+0	4.05000000E+0	2.71604938E+0	5.18518519E+0	1.45679012E+1
9.60600000E+3	8.11882483E+1	-3.44418000E+5	-3.34166000E+5	6.00000000E+0	5.50000000E+1	4.05000000E+0	4.05000000E+0	1.48148148E+0	3.70370370E+0	1.35802469E+1
9.60625000E+3	8.11787657E+1	-3.45227000E+5	-3.34977000E+5	1.20000000E+1	6.90000000E+1	4.05000000E+0	4.05000000E+0	2.96296296E+0	6.41975309E+0	1.70370370E+1
9.60650000E+3	8.11692935E+1	-3.46036000E+5	-3.35786000E+5	1.00000000E+1	6.10000000E+1	4.05000000E+0	4.05000000E+0	2.46913580E+0	3.95061728E+0	1.50617284E+1
9.60675000E+3	8.11598318E+1	-3.46844000E+5	-3.36595000E+5	9.00000000E+0	6.90000000E+1	4.04900000E+0	4.05000000E+0	2.22222222E+0	5.43344036E+0	1.70412448E+1
9.60700000E+3	8.11503805E+1	-3.47650000E+5	-3.37403000E+5	1.20000000E+1	7.30000000E+1	4.05000000E+0	4.05000000E+0	2.96296296E+0	7.40740741E+0	1.80246914E+1
9.60725000E+3	8.11409395E+1	-3.48456000E+5	-3.38209000E+5	1.20000000E+1	7.60000000E+1	4.05000000E+0	4.05000000E+0	2.96296296E+0	4.93827160E+0	1.87654321E+1
9.60750000E+3	8.11315088E+1	-3.49260000E+5	-3.39015000E+5	6.00000000E+0	6.40000000E+1	4.05000000E+0	4.05000000E+0	1.48148148E+0	5.18518519E+0	1.58024691E+1
9.60775000E+3	8.11220885E+1	-3.50064000E+5	-3.39820000E+5	1.40000000E+1	6.00000000E+1	4.04900000E+0	4.05000000E+0	3.45679012E+0	6.66831316E+0	1.48184737E+1
9.60800000E+3	8.11126784E+1	-3.50867000E+5	-3.40624000E+5	6.00000000E+0	7.50000000E+1	4.05000000E+0	4.05000000E+0	1.48148148E+0	5.43209877E+0	1.85185185E+1
9.60825000E+3	8.11032785E+1	-3.51669000E+5	-3.41427000E+5	8.00000000E+0	7.40000000E+1	4.04900000E+0	4.04900000E+0	1.97579649E+0	4.93949123E+0	1.82761176E+1
9.60850000E+3	8.10938888E+1	-3.52469000E+5	-3.42228000E+5	4.00000000E+0	6.00000000E+1	4.05000000E+0	4.05000000E+0	9.87654321E-1	4.93827160E+0	1.48148148E+1
9.60875000E+3	8.10845093E+1	-3.53269000E+5	-3.43029000E+5	1.00000000E+1	6.40000000E+1	4.05000000E+0	4.05000000E+0	2.46913580E+0	6.66666667E+0	1.58024691E+1
9.60900000E+3	8.10751399E+1	-3.54068000E+5	-3.43829000E+5	8.00000000E+0	6.00000000E+1	4.05000000E+0	4.05000000E+0	1.97530864E+0	4.69135802E+0	1.48148148E+1
9.60925000E+3	8.10657806E+1	-3.54866000E+5	-3.44629000E+5	1.10000000E+1	7.10000000E+1	4.05000000E+0	4.05000000E+0	2.71604938E+0	5.18518519E+0	1.75308642E+1
9.60950000E+3	8.10564314E+1	-3.55663000E+5	-3.45427000E+5	1.20000000E+1	6.00000000E+1	4.05000000E+0	4.05100000E+0	2.96223155E+0	5.18518519E+0	1.48148148E+1
9.60975000E+3	8.10470922E+1	-3.56459000E+5	-3.46224000E+5	1.20000000E+1	7.80000000E+1	4.05000000E+0	4.05000000E+0	2.96296296E+0	5.18518519E+0	1.92592593E+1
9.61000000E+3	8.10377631E+1	-3.57255000E+5	-3.47020000E+5	6.00000000E+0	7.10000000E+1	4.04900000E+0	4.05000000E+0	1.48148148E+0	4.69251667E+0	1.75351939E+1
9.61025000E+3	8.10284439E+1	-3.58049000E+5	-3.47815000E+5	1.00000000E+1	7.70000000E+1	4.05000000E+0	4.05100000E+0	2.46852629E+0	5.43209877E+0	1.90123457E+1
9.61050000E+3	8.10191347E+1	-3.58842000E+5	-3.48610000E+5	1.10000000E+1	5.40000000E+1	4.05000000E+0	4.05000000E+0	2.71604938E+0	5.43209877E+0	1.33333333E+1
9.61075000E+3	8.10098353E+1	-3.59634000E+5	-3.49403000E+5	9.00000000E+0	6.10000000E+1	4.04900000E+0	4.05000000E+0	2.22222222E+0	5.43344036E+0	1.50654483E+1
9.61100000E+3	8.10005459E+1	-3.60426000E+5	-3.50196000E+5	7.00000000E+0	7.80000000E+1	4.04900000E+0	4.05000000E+0	1.72839506E+0	4.69251667E+0	1.92640158E+1
9.61125000E+3	8.09912663E+1	-3.61216000E+5	-3.50987000E+5	1.10000000E+1	5.90000000E+1	4.05000000E+0	4.05000000E+0	2.71604938E+0	4.69135802E+0	1.45679012E+1
9.61150000E+3	8.09819966E+1	-3.62006000E+5	-3.51778000E+5	7.00000000E+0	7.20000000E+1	4.05000000E+0	4.05100000E+0	1.72796840E+0	5.18518519E+0	1.77777778E+1
9.61175000E+3	8.09727366E+1	-3.62795000E+5	-3.52568000E+5	1.00000000E+1	7.30000000E+1	4.04900000E+0	4.05000000E+0	2.46913580E+0	6.91528773E+0	1.80291430E+1
9.61200000E+3	8.09634864E+1	-3.63582000E+5	-3.53357000E+5	2.00000000E+0	7.00000000E+1	4.04900000E+0	4.04900000E+0	4.93949123E-1	4.19856755E+0	1.72882193E+1
9.61225000E+3	8.09542460E+1	-3.64369000E+5	-3.54145000E+5	8.00000000E+0	6.00000000E+1	4.05000000E+0	4.05000000E+0	1.97530864E+0	4.19753086E+0	1.48148148E+1
9.61250000E+3	8.09450152E+1	-3.65155000E+5	-3.54932000E+5	1.10000000E+1	5.70000000E+1	4.05000000E+0	4.05000000E+0	2.71604938E+0	5.43209877E+0	1.40740741E+1
9.61275000E+3	8.09357941E+1	-3.65940000E+5	-3.55718000E+5	8.00000000E+0	7.00000000E+1	4.04900000E+0	4.05000000E+0	1.97530864E+0	3.95159299E+0	1.72882193E+1
9.61300000E+3	8.09265827E+1	-3.66724000E+5	-3.56503000E+5	1.00000000E+1	5.50000000E+1	4.05000000E+0	4.05000000E+0	2.46913580E+0	4.44444444E+0	1.35802469E+1
9.61325000E+3	8.09173809E+1	-3.67508000E+5	-3.57287000E+5	1.50000000E+1	7.90000000E+1	4.04900000E+0	4.05000000E+0	3.70370370E+0	7.90318597E+0	1.95109904E+1
9.61350000E+3	8.09081887E+1	-3.68290000E+5	-3.58071000E+5	1.30000000E+1	7.40000000E+1	4.05000000E+0	4.05100000E+0	3.20908418E+0	5.43209877E+0	1.82716049E+1
9.61375000E+3	8.08990061E+1	-3.69071000E+5	-3.58853000E+5	1.00000000E+1	6.20000000E+1	4.05100000E+0	4.05100000E+0	2.46852629E+0	4.19649469E+0	1.53048630E+1
9.61400000E+3	8.08898329E+1	-3.69852000E+5	-3.59635000E+5	9.00000000E+0	8.50000000E+1	4.05000000E+0	4.05000000E+0	2.22222222E+0	3.45679012E+0	2.09876543E+1
9.61425000E+3	8.08806693E+1	-3.70631000E+5	-3.60415000E+5	6.00000000E+0	5.80000000E+1	4.05000000E+0	4.05000000E+0	1.48148148E+0	3.45679012E+0	1.43209877E+1
9.61450000E+3	8.08715152E+1	-3.71410000E+5	-3.61195000E+5	1.00000000E+1	6.20000000E+1	4.05000000E+0	4.05000000E+0	2.46913580E+0	4.93827160E+0	1.53086420E+1
9.61475000E+3	8.08623705E+1	-3.72188000E+5	-3.61974000E+5	1.50000000E+1	6.60000000E+1	4.05000000E+0	4.05000000E+0	3.70370370E+0	7.16049383E+0	1.62962963E+1
9.61500000E+3	8.08532352E+1	-3.72965000E+5	-3.62752000E+5	8.00000000E+0	7.00000000E+1	4.05000000E+0	4.05000000E+0	1.97530864E+0	5.92592593E+0	1.72839506E+1
9.61525000E+3	8.08441094E+1	-3.73741000E+5	-3.63529000E+5	5.00000000E+0	5.90000000E+1	4.05000000E+0	4.05100000E+0	1.23426314E+0	3.20987654E+0	1.45679012E+1
9.61550000E+3	8.08349928E+1	-3.74516000E+5	-3.64306000E+5	5.00000000E+0	8.00000000E+1	4.04900000E+0	4.05000000E+0	1.23456790E+0	3.95159299E+0	1.97579649E+1
9.61575000E+3	8.08258857E+1	-3.75291000E+5	-3.65081000E+5	1.00000000E+1	5.80000000E+1	4.05000000E+0	4.05100000E+0	2.46852629E+0	4.44444444E+0	1.43209877E+1
9.61600000E+3	8.08167878E+1	-3.76064000E+5	-3.65856000E+5	8.00000000E+0	6.90000000E+1	4.05000000E+0	4.05100000E+0	1.97482103E+0	3.95061728E+0	1.70370370E+1
9.61625000E+3	8.08076992E+1	-3.76837000E+5	-3.66629000E+5	9.00000000E+0	7.50000000E+1	4.04900000E+0	4.04900000E+0	2.22277105E+0	4.44554211E+0	1.85230921E+1
9.61650000E+3	8.07986199E+1	-3.77608000E+5	-3.67402000E+5	6.00000000E+0	6.60000000E+1	4.04800000E+0	4.04900000E+0	1.48184737E+0	3.45849802E+0	1.63043478E+1
9.61675000E+3	8.07895498E+1	-3.78379000E+5	-3.68174000E+5	8.00000000E+0	6.40000000E+1	4.05000000E+0	4.05000000E+0	1.97530864E+0	5.43209877E+0	1.58024691E+1
9.61700000E+3	8.07804889E+1	-3.79149000E+5	-3.68945000E+5	5.00000000E+0	5.40000000E+1	4.04900000E+0	4.05000000E+0	1.23456790E+0	3.45764386E+0	1.33366263E+1
9.61725000E+3	8.07714372E+1	-3.79918000E+5	-3.69715000E+5	7.00000000E+0	6.40000000E+1	4.05000000E+0	4.05000000E+0	1.72839506E+0	4.93827160E+0	1.58024691E+1
9.61750000E+3	8.07623946E+1	-3.80687000E+5	-3.70485000E+5	5.00000000E+0	5.20000000E+1	4.05100000E+0	4.05100000E+0	1.23426314E+0	4.19649469E+0	1.28363367E+1
9.61775000E+3	8.07533612E+1	-3.81454000E+5	-3.71253000E+5	6.00000000E+0	6.30000000E+1	4.04900000E+0	4.05000000E+0	1.48148148E+0	3.70461842E+0	1.55593974E+1
9.61800000E+3	8.07443368E+1	-3.82221000E+5	-3.72021000E+5	1.10000000E+1	5.90000000E+1	4.05000000E+0	4.05000000E+0	2.71604938E+0	6.17283951E+0	1.45679012E+1
9.61825000E+3	8.07353215E+1	-3.82986000E+5	-3.72788000E+5	7.00000000E+0	6.60000000E+1	4.05000000E+0	4.05000000E+0	1.72839506E+0	4.69135802E+0	1.62962963E+1
9.61850000E+3	8.07263153E+1	-3.83751000E+5	-3.73554000E+5	7.00000000E+0	7.50000000E+1	4.04900000E+0	4.05000000E+0	1.72839506E+0	5.43344036E+0	1.85230921E+1
9.61875000E+3	8.07173180E+1	-3.84515000E+5	-3.74319000E+5	1.10000000E+1	6.70000000E+1	4.05000000E+0	4.05000000E+0	2.71604938E+0	5.92592593E+0	1.65432099E+1
9.61900000E+3	8.07083298E+1	-3.85278000E+5	-3.75083000E+5	9.00000000E+0	5.50000000E+1	4.04900000E+0	4.05000000E+0	2.22222222E+0	3.95159299E+0	1.35836009E+1
9.61925000E+3	8.06993505E+1	-3.86041000E+5	-3.75846000E+5	6.00000000E+0	6.80000000E+1	4.04900000E+0	4.05000000E+0	1.48148148E+0	5.18646579E+0	1.67942702E+1
9.61950000E+3	8.06903802E+1	-3.86802000E+5	-3.76609000E+5	1.20000000E+1	6.60000000E+1	4.05000000E+0	4.05000000E+0	2.96296296E+0	5.67901235E+0	1.62962963E+1
9.61975000E+3	8.06814188E+1	-3.87563000E+5	-3.77371000E+5	1.30000000E+1	7.60000000E+1	4.04900000E+0	4.04900000E+0	3.21066930E+0	6.66831316E+0	1.87700667E+1
9.62000000E+3	8.06724663E+1	-3.88323000E+5	-3.78131000E+5	5.00000000E+0	5.80000000E+1	4.04900000E+0	4.04900000E+0	1.23487281E+0	2.96369474E+0	1.43245246E+1
9.62025000E+3	8.06635226E+1	-3.89082000E+5	-3.78891000E+5	6.00000000E+0	6.40000000E+1	4.05000000E+0	4.05100000E+0	1.48111577E+0	5.43209877E+0	1.58024691E+1
9.62050000E+3	8.06545878E+1	-3.89840000E+5	-3.79651000E+5	4.00000000E+0	6.80000000E+1	4.05000000E+0	4.05100000E+0	9.87410516E-1	4.93827160E+0	1.67901235E+1
9.62075000E+3	8.06456617E+1	-3.90597000E+5	-3.80409000E+5	4.00000000E+0	6.60000000E+1	4.05000000E+0	4.05000000E+0	9.87654321E-1	3.45679012E+0	1.62962963E+1
9.62100000E+3	8.06367445E+1	-3.91354000E+5	-3.81167000E+5	5.00000000E+0	6.00000000E+1	4.04900000E+0	4.05000000E+0	1.23456790E+0	3.95159299E+0	1.48184737E+1
9.62125000E+3	8.06278360E+1	-3.92109000E+5	-3.81923000E+5	1.10000000E+1	6.50000000E+1	4.05000000E+0	4.05000000E+0	2.71604938E+0	6.41975309E+0	1.60493827E+1
9.62150000E+3	8.06189363E+1	-3.92864000E+5	-3.82679000E+5	4.00000000E+0	7.10000000E+1	4.05000000E+0	4.05000000E+0	9.87654321E-1	3.95061728E+0	1.75308642E+1
9.62175000E+3	8.06100453E+1	-3.93618000E+5	-3.83434000E+5	5.00000000E+0	5.70000000E+1	4.05000000E+0	4.05000000E+0	1.23456790E+0	3.95061728E+0	1.40740741E+1
9.62200000E+3	8.06011630E+1	-3.94371000E+5	-3.84189000E+5	1.00000000E+1	6.90000000E+1	4.04900000E+0	4.05000000E+0	2.46913580E+0	5.92738948E+0	1.70412448E+1
9.62225000E+3	8.05922893E+1	-3.95124000E+5	-3.84942000E+5	7.00000000E+0	6.80000000E+1	4.05000000E+0	4.05000000E+0	1.72839506E+0	3.95061728E+0	1.67901235E+1
9.62250000E+3	8.05834243E+1	-3.95875000E+5	-3.85695000E+5	5.00000000E+0	5.70000000E+1	4.05000000E+0	4.05000000E+0	1.23456790E+0	3.95061728E+0	1.40740741E+1
9.62275000E+3	8.05745679E+1	-3.96626000E+5	-3.86447000E+5	6.00000000E+0	6.60000000E+1	4.04900000E+0	4.04900000E+0	1.48184737E+0	4.44554211E+0	1.63003211E+1
9.62300000E+3	8.05657201E+1	-3.97376000E+5	-3.87198000E+5	1.00000000E+1	6.60000000E+1	4.05000000E+0	4.05000000E+0	2.46913580E+0	6.66666667E+0	1.62962963E+1
9.62325000E+3	8.05568809E+1	-3.98125000E+5	-3.87948000E+5	1.00000000E+1	6.30000000E+1	4.04900000E+0	4.04900000E+0	2.46974562E+0	5.92738948E+0	1.55593974E+1
9.62350000E+3	8.05480502E+1	-3.98873000E+5	-3.88697000E+5	9.00000000E+0	5.70000000E+1	4.05100000E+0	4.05100000E+0	2.22167366E+0	4.19649469E+0	1.40705999E+1
9.62375000E+3	8.05392280E+1	-3.99621000E+5	-3.89446000E+5	7.00000000E+0	6.60000000E+1	4.04800000E+0	4.04900000E+0	1.72882193E+0	4.69367589E+0	1.63043478E+1
9.62400000E+3	8.05304143E+1	-4.00368000E+5	-3.90194000E+5	4.00000000E+0	6.00000000E+1	4.04900000E+0	4.04900000E+0	9.87898246E-1	3.70461842E+0	1.48184737E+1
9.62425000E+3	8.05216091E+1	-4.01114000E+5	-3.90941000E+5	5.00000000E+0	6.90000000E+1	4.05100000E+0	4.05100000E+0	1.23426314E+0	3.45593681E+0	1.70328314E+1
9.62450000E+3	8.05128124E+1	-4.01859000E+5	-3.91687000E+5	8.00000000E+0	6.90000000E+1	4.05000000E+0	4.05100000E+0	1.97482103E+0	4.44444444E+0	1.70370370E+1
9.62475000E+3	8.05040241E+1	-4.02603000E+5	-3.92433000E+5	5.00000000E+0	5.40000000E+1	4.04900000E+0	4.04900000E+0	1.23487281E+0	2.96369474E+0	1.33366263E+1
9.62500000E+3	8.04952442E+1	-4.03347000E+5	-3.93177000E+5	4.00000000E+0	4.80000000E+1	4.05000000E+0	4.05000000E+0	9.87654321E-1	3.70370370E+0	1.18518519E+1
9.62525000E+3	8.04864726E+1	-4.04089000E+5	-3.93921000E+5	1.00000000E+1	5.50000000E+1	4.05000000E+0	4.05100000E+0	2.46852629E+0	4.19753086E+0	1.35802469E+1
9.62550000E+3	8.04777095E+1	-4.04831000E+5	-3.94664000E+5	3.00000000E+0	5.40000000E+1	4.04900000E+0	4.05000000E+0	7.40740741E-1	3.95159299E+0	1.33366263E+1
9.62575000E+3	8.04689546E+1	-4.05573000E+5	-3.95406000E+5	7.00000000E+0	4.50000000E+1	4.05000000E+0	4.05000000E+0	1.72839506E+0	3.45679012E+0	1.11111111E+1
9.62600000E+3	8.04602081E+1	-4.06313000E+5	-3.96148000E+5	5.00000000E+0	7.30000000E+1	4.04900000E+0	4.04900000E+0	1.23487281E+0	4.44554211E+0	1.80291430E+1
9.62625000E+3	8.04514699E+1	-4.07053000E+5	-3.96889000E+5	5.00000000E+0	6.00000000E+1	4.05000000E+0	4.05100000E+0	1.23426314E+0	3.95061728E+0	1.48148148E+1
9.62650000E+3	8.04427399E+1	-4.07792000E+5	-3.97629000E+5	8.00000000E+0	6.00000000E+1	4.05000000E+0	4.05000000E+0	1.97530864E+0	4.93827160E+0	1.48148148E+1
9.62675000E+3	8.04340182E+1	-4.08530000E+5	-3.98368000E+5	1.00000000E+1	6.80000000E+1	4.05000000E+0	4.05000000E+0	2.46913580E+0	6.91358025E+0	1.67901235E+1
9.62700000E+3	8.04253047E+1	-4.09267000E+5	-3.99106000E+5	7.00000000E+0	6.00000000E+1	4.05000000E+0	4.05100000E+0	1.72796840E+0	5.43209877E+0	1.48148148E+1
9.62725000E+3	8.04165994E+1	-4.10003000E+5	-3.99844000E+5	7.00000000E+0	5.50000000E+1	4.05000000E+0	4.05100000E+0	1.72796840E+0	4.44444444E+0	1.35802469E+1
9.62750000E+3	8.04079023E+1	-4.10739000E+5	-4.00581000E+5	4.00000000E+0	6.50000000E+1	4.04900000E+0	4.05000000E+0	9.87654321E-1	4.44554211E+0	1.60533465E+1
9.62775000E+3	8.03992133E+1	-4.11474000E+5	-4.01317000E+5	6.00000000E+0	5.80000000E+1	4.05100000E+0	4.05100000E+0	1.48111577E+0	3.45593681E+0	1.43174525E+1
9.62800000E+3	8.03905325E+1	-4.12208000E+5	-4.02052000E+5	3.00000000E+0	5.90000000E+1	4.05000000E+0	4.05000000E+0	7.40740741E-1	4.19753086E+0	1.45679012E+1
9.62825000E+3	8.03818598E+1	-4.12942000E+5	-4.02786000E+5	6.00000000E+0	6.50000000E+1	4.05000000E+0	4.05000000E+0	1.48148148E+0	5.43209877E+0	1.60493827E+1
9.62850000E+3	8.03731952E+1	-4.13675000E+5	-4.03520000E+5	4.00000000E+0	6.20000000E+1	4.04900000E+0	4.04900000E+0	9.87898246E-1	4.69251667E+0	1.53124228E+1
9.62875000E+3	8.03645387E+1	-4.14407000E+5	-4.04253000E+5	7.00000000E+0	5.80000000E+1	4.05000000E+0	4.05000000E+0	1.72839506E+0	2.96296296E+0	1.43209877E+1
9.62900000E+3	8.03558902E+1	-4.15138000E+5	-4.04985000E+5	1.10000000E+1	5.60000000E+1	4.05000000E+0	4.05000000E+0	2.71604938E+0	4.19753086E+0	1.38271605E+1
9.62925000E+3	8.03472497E+1	-4.15868000E+5	-4.05717000E+5	7.00000000E+0	6.30000000E+1	4.05000000E+0	4.05000000E+0	1.72839506E+0	4.93827160E+0	1.55555556E+1
9.62950000E+3	8.03386173E+1	-4.16598000E+5	-4.06448000E+5	4.00000000E+0	6.40000000E+1	4.04900000E+0	4.04900000E+0	9.87898246E-1	2.71672018E+0	1.58063719E+1
9.62975000E+3	8.03299928E+1	-4.17327000E+5	-4.07178000E+5	1.00000000E+1	7.70000000E+1	4.04900000E+0	4.05000000E+0	2.46913580E+0	6.42133860E+0	1.90170412E+1
9.63000000E+3	8.03213763E+1	-4.18055000E+5	-4.07907000E+5	5.30000000E+1	6.19000000E+2	4.00500000E+1	4.00510000E+1	1.32331278E+0	4.54431960E+0	1.54556804E+1
9.63025000E+3	8.03127677E+1	-4.18782000E+5	-4.08635000E+5	6.20000000E+1	5.94000000E+2	4.00500000E+1	4.00500000E+1	1.54806492E+0	4.06991261E+0	1.48314607E+1
9.63050000E+3	8.03041671E+1	-4.19509000E+5	-4.09363000E+5	6.20000000E+1	5.81000000E+2	4.00500000E+1	4.00500000E+1	1.54806492E+0	4.24469413E+0	1.45068664E+1
9.63075000E+3	8.02955743E+1	-4.20235000E+5	-4.10090000E+5	6.70000000E+1	6.26000000E+2	4.00510000E+1	4.00510000E+1	1.67286709E+0	4.66904697E+0	1.56300717E+1
9.63100000E+3	8.02869895E+1	-4.20960000E+5	-4.10816000E+5	6.60000000E+1	6.40000000E+2	4.00500000E+1	4.00510000E+1	1.64789893E+0	4.26966292E+0	1.59800250E+1
9.63125000E+3	8.02784125E+1	-4.21685000E+5	-4.11542000E+5	7.20000000E+1	6.38000000E+2	4.00510000E+1	4.00510000E+1	1.79770792E+0	3.99490649E+0	1.59296896E+1
9.63150000E+3	8.02698433E+1	-4.22408000E+5	-4.12267000E+5	6.20000000E+1	6.16000000E+2	4.00500000E+1	4.00510000E+1	1.54802627E+0	4.51935081E+0	1.53807740E+1
9.63175000E+3	8.02612820E+1	-4.23131000E+5	-4.12991000E+5	6.90000000E+1	6.38000000E+2	4.00500000E+1	4.00510000E+1	1.72280343E+0	4.44444444E+0	1.59300874E+1
9.63200000E+3	8.02527285E+1	-4.23853000E+5	-4.13714000E+5	6.80000000E+1	6.78000000E+2	4.00510000E+1	4.00520000E+1	1.69779287E+0	4.39439714E+0	1.69284163E+1
9.63225000E+3	8.02441827E+1	-4.24575000E+5	-4.14437000E+5	7.80000000E+1	6.26000000E+2	4.00500000E+1	4.00510000E+1	1.94751692E+0	4.51935081E+0	1.56304619E+1
9.63250000E+3	8.02356447E+1	-4.25296000E+5	-4.15159000E+5	6.30000000E+1	5.80000000E+2	4.00500000E+1	4.00500000E+1	1.57303371E+0	4.09488140E+0	1.44818976E+1
9.63275000E+3	8.02271144E+1	-4.26016000E+5	-4.15880000E+5	6.20000000E+1	6.11000000E+2	4.00490000E+1	4.00490000E+1	1.54810357E+0	4.24480012E+0	1.52563110E+1
9.63300000E+3	8.02185919E+1	-4.26735000E+5	-4.16600000E+5	7.60000000E+1	6.38000000E+2	4.00500000E+1	4.00510000E+1	1.89758058E+0	4.91885144E+0	1.59300874E+1
9.63325000E+3	8.02100770E+1	-4.27454000E+5	-4.17320000E+5	8.40000000E+1	6.00000000E+2	4.00500000E+1	4.00500000E+1	2.09737828E+0	4.39450687E+0	1.49812734E+1
9.63350000E+3	8.02015699E+1	-4.28171000E+5	-4.18039000E+5	5.10000000E+1	6.12000000E+2	4.00500000E+1	4.00500000E+1	1.27340824E+0	4.24469413E+0	1.52808989E+1
9.63375000E+3	8.01930703E+1	-4.28889000E+5	-4.18757000E+5	6.60000000E+1	6.25000000E+2	4.00520000E+1	4.00520000E+1	1.64785778E+0	4.31938480E+0	1.56047139E+1
9.63400000E+3	8.01845785E+1	-4.29605000E+5	-4.19474000E+5	6.50000000E+1	6.27000000E+2	4.00500000E+1	4.00510000E+1	1.62293076E+0	4.11985019E+0	1.56554307E+1
9.63425000E+3	8.01760942E+1	-4.30321000E+5	-4.20191000E+5	6.50000000E+1	6.09000000E+2	4.00500000E+1	4.00510000E+1	1.62293076E+0	4.24469413E+0	1.52059925E+1
9.63450000E+3	8.01676176E+1	-4.31036000E+5	-4.20907000E+5	6.90000000E+1	5.83000000E+2	4.00500000E+1	4.00500000E+1	1.72284644E+0	4.21972534E+0	1.45568040E+1
9.63475000E+3	8.01591485E+1	-4.31750000E+5	-4.21622000E+5	6.30000000E+1	6.15000000E+2	4.00500000E+1	4.00500000E+1	1.57303371E+0	4.11985019E+0	1.53558052E+1
9.63500000E+3	8.01506870E+1	-4.32463000E+5	-4.22337000E+5	7.30000000E+1	6.46000000E+2	4.00500000E+1	4.00510000E+1	1.82267609E+0	4.64419476E+0	1.61298377E+1
9.63525000E+3	8.01422330E+1	-4.33176000E+5	-4.23051000E+5	7.10000000E+1	6.31000000E+2	4.00510000E+1	4.00510000E+1	1.77273976E+0	4.44433347E+0	1.57549125E+1
9.63550000E+3	8.01337865E+1	-4.33888000E+5	-4.23764000E+5	7.20000000E+1	6.34000000E+2	4.00500000E+1	4.00510000E+1	1.79770792E+0	4.56928839E+0	1.58302122E+1
9.63575000E+3	8.01253476E+1	-4.34600000E+5	-4.24477000E+5	7.80000000E+1	6.43000000E+2	4.00500000E+1	4.00500000E+1	1.94756554E+0	4.89388265E+0	1.60549313E+1
9.63600000E+3	8.01169161E+1	-4.35310000E+5	-4.25188000E+5	6.60000000E+1	6.17000000E+2	4.00510000E+1	4.00510000E+1	1.64789893E+0	4.01987466E+0	1.54053582E+1
9.63625000E+3	8.01084921E+1	-4.36020000E+5	-4.25899000E+5	6.60000000E+1	6.56000000E+2	4.00500000E+1	4.00510000E+1	1.64789893E+0	4.79400749E+0	1.63795256E+1
9.63650000E+3	8.01000756E+1	-4.36730000E+5	-4.26610000E+5	7.10000000E+1	5.95000000E+2	4.00500000E+1	4.00500000E+1	1.77278402E+0	4.34456929E+0	1.48564295E+1
9.63675000E+3	8.00916665E+1	-4.37438000E+5	-4.27319000E+5	7.50000000E+1	6.14000000E+2	4.00500000E+1	4.00500000E+1	1.87265918E+0	4.66916355E+0	1.53308365E+1
9.63700000E+3	8.00832648E+1	-4.38146000E+5	-4.28028000E+5	6.70000000E+1	6.09000000E+2	4.00500000E+1	4.00510000E+1	1.67286709E+0	4.04494382E+0	1.52059925E+1
9.63725000E+3	8.00748704E+1	-4.38853000E+5	-4.28737000E+5	6.90000000E+1	6.28000000E+2	4.00500000E+1	4.00500000E+1	1.72284644E+0	4.29463171E+0	1.56803995E+1
9.63750000E+3	8.00664835E+1	-4.39560000E+5	-4.29444000E+5	7.80000000E+1	6.41000000E+2	4.00500000E+1	4.00500000E+1	1.94756554E+0	4.44444444E+0	1.60049938E+1
9.63775000E+3	8.00581039E+1	-4.40266000E+5	-4.30151000E+5	5.10000000E+1	6.12000000E+2	4.00490000E+1	4.00490000E+1	1.27344004E+0	3.64553422E+0	1.52812804E+1
9.63800000E+3	8.00497316E+1	-4.40971000E+5	-4.30857000E+5	6.90000000E+1	6.06000000E+2	4.00500000E+1	4.00510000E+1	1.72280343E+0	4.24469413E+0	1.51310861E+1
9.63825000E+3	8.00413667E+1	-4.41675000E+5	-4.31563000E+5	7.50000000E+1	6.04000000E+2	4.00500000E+1	4.00500000E+1	1.87265918E+0	4.31960050E+0	1.50811486E+1
9.63850000E+3	8.00330090E+1	-4.42379000E+5	-4.32268000E+5	6.20000000E+1	6.11000000E+2	4.00500000E+1	4.00500000E+1	1.54806492E+0	4.21972534E+0	1.52559301E+1
9.63875000E+3	8.00246587E+1	-4.43082000E+5	-4.32972000E+5	6.90000000E+1	6.14000000E+2	4.00500000E+1	4.00510000E+1	1.72280343E+0	3.74531835E+0	1.53308365E+1
9.63900000E+3	8.00163156E+1	-4.43784000E+5	-4.33675000E+5	7.20000000E+1	6.06000000E+2	4.00500000E+1	4.00510000E+1	1.79770792E+0	4.39450687E+0	1.51310861E+1
9.63925000E+3	8.00079797E+1	-4.44486000E+5	-4.34378000E+5	7.40000000E+1	6.43000000E+2	4.00500000E+1	4.00500000E+1	1.84769039E+0	4.96878901E+0	1.60549313E+1
9.63950000E+3	7.99996511E+1	-4.45187000E+5	-4.35080000E+5	5.90000000E+1	6.42000000E+2	4.00500000E+1	4.00500000E+1	1.47315855E+0	4.36953808E+0	1.60299625E+1
9.63975000E+3	7.99913296E+1	-4.45887000E+5	-4.35781000E+5	6.60000000E+1	6.41000000E+2	4.00510000E+1	4.00510000E+1	1.64789893E+0	4.56917430E+0	1.60045941E+1
9.64000000E+3	7.99830154E+1	-4.46587000E+5	-4.36482000E+5	6.60000000E+1	5.60000000E+2	4.00500000E+1	4.00500000E+1	1.64794007E+0	4.19475655E+0	1.39825218E+1
9.64025000E+3	7.99747084E+1	-4.47286000E+5	-4.37182000E+5	7.80000000E+1	6.52000000E+2	4.00500000E+1	4.00500000E+1	1.94756554E+0	4.54431960E+0	1.62796504E+1
9.64050000E+3	7.99664085E+1	-4.47984000E+5	-4.37881000E+5	6.60000000E+1	6.02000000E+2	4.00510000E+1	4.00510000E+1	1.64789893E+0	4.44433347E+0	1.50308357E+1
9.64075000E+3	7.99581157E+1	-4.48682000E+5	-4.38580000E+5	7.60000000E+1	6.59000000E+2	4.00500000E+1	4.00500000E+1	1.89762797E+0	4.59425718E+0	1.64544320E+1
9.64100000E+3	7.99498300E+1	-4.49378000E+5	-4.39278000E+5	7.80000000E+1	5.90000000E+2	4.00500000E+1	4.00500000E+1	1.94756554E+0	4.64419476E+0	1.47315855E+1
9.64125000E+3	7.99415515E+1	-4.50075000E+5	-4.39975000E+5	7.90000000E+1	5.80000000E+2	4.00510000E+1	4.00510000E+1	1.97248508E+0	4.26955632E+0	1.44815360E+1
9.64150000E+3	7.99332800E+1	-4.50770000E+5	-4.40672000E+5	6.20000000E+1	6.36000000E+2	4.00500000E+1	4.00510000E+1	1.54802627E+0	4.31960050E+0	1.58801498E+1
9.64175000E+3	7.99250157E+1	-4.51465000E+5	-4.41368000E+5	7.70000000E+1	6.30000000E+2	4.00510000E+1	4.00510000E+1	1.92254875E+0	4.81885596E+0	1.57299443E+1
9.64200000E+3	7.99167583E+1	-4.52159000E+5	-4.42063000E+5	7.60000000E+1	6.20000000E+2	4.00510000E+1	4.00510000E+1	1.89758058E+0	4.31949265E+0	1.54802627E+1
9.64225000E+3	7.99085080E+1	-4.52853000E+5	-4.42758000E+5	7.00000000E+1	6.71000000E+2	4.00490000E+1	4.00500000E+1	1.74781523E+0	4.89400484E+0	1.67544758E+1
9.64250000E+3	7.99002647E+1	-4.53546000E+5	-4.43452000E+5	7.10000000E+1	6.44000000E+2	4.00500000E+1	4.00500000E+1	1.77278402E+0	4.89388265E+0	1.60799001E+1
9.64275000E+3	7.98920284E+1	-4.54238000E+5	-4.44145000E+5	7.20000000E+1	6.10000000E+2	4.00510000E+1	4.00510000E+1	1.79770792E+0	4.41936531E+0	1.52305810E+1
9.64300000E+3	7.98837991E+1	-4.54930000E+5	-4.44838000E+5	5.60000000E+1	6.26000000E+2	4.00510000E+1	4.00510000E+1	1.39821727E+0	4.14471549E+0	1.56300717E+1
9.64325000E+3	7.98755768E+1	-4.55621000E+5	-4.45530000E+5	6.10000000E+1	6.09000000E+2	4.00510000E+1	4.00510000E+1	1.52305810E+0	4.44433347E+0	1.52056128E+1
9.64350000E+3	7.98673614E+1	-4.56311000E+5	-4.46221000E+5	8.20000000E+1	6.04000000E+2	4.00500000E+1	4.00510000E+1	2.04738958E+0	4.46941323E+0	1.50811486E+1
9.64375000E+3	7.98591530E+1	-4.57001000E+5	-4.46912000E+5	7.70000000E+1	6.24000000E+2	4.00510000E+1	4.00510000E+1	1.92254875E+0	4.39439714E+0	1.55801353E+1
9.64400000E+3	7.98509514E+1	-4.57689000E+5	-4.47602000E+5	8.40000000E+1	6.20000000E+2	4.00500000E+1	4.00500000E+1	2.09737828E+0	4.94382022E+0	1.54806492E+1
9.64425000E+3	7.98427568E+1	-4.58378000E+5	-4.48291000E+5	9.30000000E+1	6.26000000E+2	4.00510000E+1	4.00510000E+1	2.32203940E+0	4.69401513E+0	1.56300717E+1
9.64450000E+3	7.98345690E+1	-4.59065000E+5	-4.48980000E+5	7.60000000E+1	6.29000000E+2	4.00500000E+1	4.00510000E+1	1.89758058E+0	4.56928839E+0	1.57053683E+1
9.64475000E+3	7.98263881E+1	-4.59752000E+5	-4.49668000E+5	6.00000000E+1	6.68000000E+2	4.00500000E+1	4.00500000E+1	1.49812734E+0	4.26966292E+0	1.66791511E+1
9.64500000E+3	7.98182141E+1	-4.60439000E+5	-4.50355000E+5	7.40000000E+1	6.29000000E+2	4.00500000E+1	4.00500000E+1	1.84769039E+0	4.36953808E+0	1.57053683E+1
9.64525000E+3	7.98100469E+1	-4.61124000E+5	-4.51042000E+5	8.00000000E+1	6.06000000E+2	4.00520000E+1	4.00520000E+1	1.99740338E+0	5.16828123E+0	1.51303306E+1
9.64550000E+3	7.98018865E+1	-4.61809000E+5	-4.51728000E+5	8.40000000E+1	6.09000000E+2	4.00500000E+1	4.00510000E+1	2.09732591E+0	4.54431960E+0	1.52059925E+1
9.64575000E+3	7.97937329E+1	-4.62494000E+5	-4.52414000E+5	8.90000000E+1	6.51000000E+2	4.00510000E+1	4.00510000E+1	2.22216674E+0	4.69401513E+0	1.62542758E+1
9.64600000E+3	7.97855861E+1	-4.63178000E+5	-4.53099000E+5	8.30000000E+1	6.17000000E+2	4.00500000E+1	4.00500000E+1	2.07240949E+0	4.36953808E+0	1.54057428E+1
9.64625000E+3	7.97774461E+1	-4.63861000E+5	-4.53783000E+5	7.20000000E+1	5.98000000E+2	4.00500000E+1	4.00500000E+1	1.79775281E+0	4.04494382E+0	1.49313358E+1
9.64650000E+3	7.97693128E+1	-4.64543000E+5	-4.54466000E+5	8.40000000E+1	6.25000000E+2	4.00500000E+1	4.00510000E+1	2.09732591E+0	4.94382022E+0	1.56054931E+1
9.64675000E+3	7.97611863E+1	-4.65225000E+5	-4.55149000E+5	9.60000000E+1	6.02000000E+2	4.00510000E+1	4.00510000E+1	2.39694390E+0	5.11847395E+0	1.50308357E+1
9.64700000E+3	7.97530665E+1	-4.65906000E+5	-4.55832000E+5	8.30000000E+1	6.43000000E+2	4.00510000E+1	4.00510000E+1	2.07235774E+0	4.86879229E+0	1.60545305E+1
9.64725000E+3	7.97449534E+1	-4.66587000E+5	-4.56513000E+5	7.10000000E+1	6.60000000E+2	4.00510000E+1	4.00510000E+1	1.77273976E+0	5.11847395E+0	1.64789893E+1
9.64750000E+3	7.97368469E+1	-4.67267000E+5	-4.57194000E+5	8.10000000E+1	5.90000000E+2	4.00500000E+1	4.00510000E+1	2.02242141E+0	4.44444444E+0	1.47315855E+1
9.64775000E+3	7.97287472E+1	-4.67946000E+5	-4.57875000E+5	9.90000000E+1	6.89000000E+2	4.00500000E+1	4.00510000E+1	2.47184839E+0	4.89388265E+0	1.72034956E+1
9.64800000E+3	7.97206541E+1	-4.68625000E+5	-4.58554000E+5	9.00000000E+1	6.52000000E+2	4.00500000E+1	4.00510000E+1	2.24713490E+0	4.91885144E+0	1.62796504E+1
9.64825000E+3	7.97125676E+1	-4.69303000E+5	-4.59233000E+5	1.01000000E+2	6.29000000E+2	4.00500000E+1	4.00500000E+1	2.52184769E+0	5.04369538E+0	1.57053683E+1
9.64850000E+3	7.97044878E+1	-4.69980000E+5	-4.59912000E+5	8.40000000E+1	6.03000000E+2	4.00490000E+1	4.00500000E+1	2.09737828E+0	4.51946366E+0	1.50565557E+1
9.64875000E+3	7.96964146E+1	-4.70657000E+5	-4.60590000E+5	9.50000000E+1	6.58000000E+2	4.00500000E+1	4.00500000E+1	2.37203496E+0	4.76903870E+0	1.64294632E+1
9.64900000E+3	7.96883480E+1	-4.71333000E+5	-4.61267000E+5	9.60000000E+1	6.33000000E+2	4.00500000E+1	4.00500000E+1	2.39700375E+0	5.29338327E+0	1.58052434E+1
9.64925000E+3	7.96802880E+1	-4.72009000E+5	-4.61944000E+5	9.10000000E+1	6.53000000E+2	4.00500000E+1	4.00500000E+1	2.27215980E+0	5.09363296E+0	1.63046192E+1
9.64950000E+3	7.96722345E+1	-4.72684000E+5	-4.62620000E+5	1.10000000E+2	6.95000000E+2	4.00500000E+1	4.00500000E+1	2.74656679E+0	5.51810237E+0	1.73533084E+1
9.64975000E+3	7.96641876E+1	-4.73358000E+5	-4.63295000E+5	1.29000000E+2	6.70000000E+2	4.00490000E+1	4.00500000E+1	3.22097378E+0	6.11750606E+0	1.67295064E+1
9.65000000E+3	7.96561472E+1	-4.74032000E+5	-4.63970000E+5	1.05000000E+2	6.80000000E+2	4.00500000E+1	4.00510000E+1	2.62165739E+0	5.64294632E+0	1.69787765E+1
9.65025000E+3	7.96481134E+1	-4.74705000E+5	-4.64644000E+5	1.07000000E+2	6.53000000E+2	4.00500000E+1	4.00510000E+1	2.67159372E+0	5.64294632E+0	1.63046192E+1
9.65050000E+3	7.96400860E+1	-4.75377000E+5	-4.65317000E+5	1.18000000E+2	6.21000000E+2	4.00490000E+1	4.00500000E+1	2.94631710E+0	5.46830133E+0	1.55060051E+1
9.65075000E+3	7.96320652E+1	-4.76049000E+5	-4.65990000E+5	1.04000000E+2	6.32000000E+2	4.00510000E+1	4.00520000E+1	2.59662439E+0	5.69274175E+0	1.57798807E+1
9.65100000E+3	7.96240508E+1	-4.76720000E+5	-4.66663000E+5	1.13000000E+2	6.60000000E+2	4.00500000E+1	4.00500000E+1	2.82147316E+0	5.71785268E+0	1.64794007E+1
9.65125000E+3	7.96160429E+1	-4.77391000E+5	-4.67334000E+5	1.19000000E+2	6.43000000E+2	4.00520000E+1	4.00520000E+1	2.97113752E+0	5.51782683E+0	1.60541296E+1
9.65150000E+3	7.96080414E+1	-4.78061000E+5	-4.68005000E+5	1.35000000E+2	6.49000000E+2	4.00500000E+1	4.00500000E+1	3.37078652E+0	5.56803995E+0	1.62047441E+1
9.65175000E+3	7.96000464E+1	-4.78730000E+5	-4.68676000E+5	1.44000000E+2	6.72000000E+2	4.00510000E+1	4.00510000E+1	3.59541584E+0	6.06726424E+0	1.67786073E+1
9.65200000E+3	7.95920577E+1	-4.79399000E+5	-4.69346000E+5	1.60000000E+2	7.13000000E+2	4.00510000E+1	4.00510000E+1	3.99490649E+0	6.64153205E+0	1.78023021E+1
9.65225000E+3	7.95840755E+1	-4.80067000E+5	-4.70015000E+5	1.38000000E+2	6.75000000E+2	4.00520000E+1	4.00520000E+1	3.44552082E+0	6.16698292E+0	1.68530910E+1
9.65250000E+3	7.95760997E+1	-4.80735000E+5	-4.70683000E+5	1.46000000E+2	7.17000000E+2	4.00510000E+1	4.00510000E+1	3.64535218E+0	6.66650021E+0	1.79021747E+1
9.65275000E+3	7.95681302E+1	-4.81402000E+5	-4.71351000E+5	1.33000000E+2	6.59000000E+2	4.00500000E+1	4.00510000E+1	3.32076602E+0	6.39200999E+0	1.64544320E+1
9.65300000E+3	7.95601671E+1	-4.82068000E+5	-4.72019000E+5	1.28000000E+2	6.72000000E+2	4.00500000E+1	4.00500000E+1	3.19600499E+0	6.16729089E+0	1.67790262E+1
9.65325000E+3	7.95522103E+1	-4.82734000E+5	-4.72686000E+5	1.39000000E+2	7.18000000E+2	4.00500000E+1	4.00510000E+1	3.47057502E+0	6.16729089E+0	1.79275905E+1
9.65350000E+3	7.95442599E+1	-4.83399000E+5	-4.73352000E+5	1.43000000E+2	7.07000000E+2	4.00510000E+1	4.00510000E+1	3.57044768E+0	6.39185039E+0	1.76524931E+1
9.65375000E+3	7.95363158E+1	-4.84063000E+5	-4.74018000E+5	1.54000000E+2	7.10000000E+2	4.00490000E+1	4.00500000E+1	3.84519351E+0	6.36720018E+0	1.77282829E+1
9.65400000E+3	7.95283780E+1	-4.84727000E+5	-4.74683000E+5	1.42000000E+2	6.71000000E+2	4.00510000E+1	4.00510000E+1	3.54547951E+0	6.19210507E+0	1.67536391E+1
9.65425000E+3	7.95204465E+1	-4.85391000E+5	-4.75347000E+5	1.56000000E+2	7.01000000E+2	4.00510000E+1	4.00510000E+1	3.89503383E+0	7.24076802E+0	1.75026841E+1
9.65450000E+3	7.95125212E+1	-4.86053000E+5	-4.76011000E+5	1.58000000E+2	6.99000000E+2	4.00500000E+1	4.00500000E+1	3.94506866E+0	7.21598002E+0	1.74531835E+1
9.65475000E+3	7.95046022E+1	-4.86716000E+5	-4.76674000E+5	1.67000000E+2	7.22000000E+2	4.00500000E+1	4.00500000E+1	4.16978777E+0	6.91635456E+0	1.80274657E+1
9.65500000E+3	7.94966895E+1	-4.87377000E+5	-4.77337000E+5	1.77000000E+2	6.97000000E+2	4.00500000E+1	4.00500000E+1	4.41947566E+0	6.96629213E+0	1.74032459E+1
9.65525000E+3	7.94887830E+1	-4.88038000E+5	-4.77999000E+5	1.98000000E+2	7.85000000E+2	4.00500000E+1	4.00500000E+1	4.94382022E+0	7.89013733E+0	1.96004994E+1
9.65550000E+3	7.94808827E+1	-4.88698000E+5	-4.78660000E+5	2.01000000E+2	7.61000000E+2	4.00510000E+1	4.00510000E+1	5.01860128E+0	7.69019500E+0	1.90007740E+1
9.65575000E+3	7.94729886E+1	-4.89358000E+5	-4.79321000E+5	2.32000000E+2	8.27000000E+2	4.00500000E+1	4.00500000E+1	5.79275905E+0	8.16479401E+0	2.06491885E+1
9.65600000E+3	7.94651007E+1	-4.90017000E+5	-4.79981000E+5	2.54000000E+2	8.27000000E+2	4.00500000E+1	4.00500000E+1	6.34207241E+0	9.23845194E+0	2.06491885E+1
9.65625000E+3	7.94572189E+1	-4.90676000E+5	-4.80641000E+5	2.75000000E+2	8.18000000E+2	4.00500000E+1	4.00510000E+1	6.86624554E+0	9.26342072E+0	2.04244694E+1
9.65650000E+3	7.94493434E+1	-4.91334000E+5	-4.81300000E+5	2.64000000E+2	8.28000000E+2	4.00490000E+1	4.00500000E+1	6.59176030E+0	9.01395790E+0	2.06746735E+1
9.65675000E+3	7.94414739E+1	-4.91992000E+5	-4.81959000E+5	2.90000000E+2	8.73000000E+2	4.00490000E+1	4.00490000E+1	7.24112962E+0	9.68813204E+0	2.17982971E+1
9.65700000E+3	7.94336106E+1	-4.92648000E+5	-4.82616000E+5	2.54000000E+2	8.05000000E+2	4.00500000E+1	4.00500000E+1	6.34207241E+0	9.38826467E+0	2.00998752E+1
9.65725000E+3	7.94257535E+1	-4.93305000E+5	-4.83274000E+5	2.94000000E+2	8.11000000E+2	4.00500000E+1	4.00500000E+1	7.34082397E+0	9.93757803E+0	2.02496879E+1
9.65750000E+3	7.94179024E+1	-4.93960000E+5	-4.83931000E+5	2.55000000E+2	8.12000000E+2	4.00500000E+1	4.00500000E+1	6.36704120E+0	9.06367041E+0	2.02746567E+1
9.65775000E+3	7.94100575E+1	-4.94615000E+5	-4.84587000E+5	2.90000000E+2	8.45000000E+2	4.00500000E+1	4.00500000E+1	7.24094881E+0	1.00124844E+1	2.10986267E+1
9.65800000E+3	7.94022186E+1	-4.95270000E+5	-4.85242000E+5	2.29000000E+2	7.91000000E+2	4.00510000E+1	4.00510000E+1	5.71770992E+0	8.31439914E+0	1.97498190E+1
9.65825000E+3	7.93943858E+1	-4.95924000E+5	-4.85897000E+5	2.19000000E+2	7.87000000E+2	4.00490000E+1	4.00490000E+1	5.46830133E+0	7.79045669E+0	1.96509276E+1
9.65850000E+3	7.93865590E+1	-4.96577000E+5	-4.86552000E+5	2.02000000E+2	7.73000000E+2	4.00510000E+1	4.00510000E+1	5.04356945E+0	7.88994033E+0	1.93003920E+1
9.65875000E+3	7.93787383E+1	-4.97230000E+5	-4.87206000E+5	1.63000000E+2	7.40000000E+2	4.00510000E+1	4.00510000E+1	4.06981099E+0	6.39185039E+0	1.84764425E+1
9.65900000E+3	7.93709236E+1	-4.97882000E+5	-4.87859000E+5	1.56000000E+2	6.75000000E+2	4.00500000E+1	4.00500000E+1	3.89513109E+0	6.51685393E+0	1.68539326E+1
9.65925000E+3	7.93631149E+1	-4.98534000E+5	-4.88512000E+5	1.71000000E+2	6.69000000E+2	4.00500000E+1	4.00510000E+1	4.26955632E+0	6.81647940E+0	1.67041199E+1
9.65950000E+3	7.93553123E+1	-4.99185000E+5	-4.89164000E+5	1.34000000E+2	6.75000000E+2	4.00510000E+1	4.00510000E+1	3.34573419E+0	5.76764625E+0	1.68535118E+1
9.65975000E+3	7.93475156E+1	-4.99836000E+5	-4.89816000E+5	1.33000000E+2	6.45000000E+2	4.00500000E+1	4.00510000E+1	3.32076602E+0	5.76779026E+0	1.61048689E+1
9.66000000E+3	7.93397249E+1	-5.00486000E+5	-4.90467000E+5	1.13000000E+2	6.43000000E+2	4.00490000E+1	4.00500000E+1	2.82147316E+0	5.51824016E+0	1.60553322E+1
9.66025000E+3	7.93319401E+1	-5.01135000E+5	-4.91117000E+5	1.26000000E+2	7.08000000E+2	4.00510000E+1	4.00510000E+1	3.14598886E+0	5.99235974E+0	1.76774612E+1
9.66050000E+3	7.93241613E+1	-5.01784000E+5	-4.91767000E+5	1.00000000E+2	6.44000000E+2	4.00500000E+1	4.00510000E+1	2.49681656E+0	5.19350811E+0	1.60799001E+1
9.66075000E+3	7.93163884E+1	-5.02432000E+5	-4.92416000E+5	8.80000000E+1	6.51000000E+2	4.00500000E+1	4.00510000E+1	2.19719857E+0	4.84394507E+0	1.62546816E+1
9.66100000E+3	7.93086215E+1	-5.03080000E+5	-4.93065000E+5	9.30000000E+1	6.84000000E+2	4.00510000E+1	4.00510000E+1	2.32203940E+0	4.91872862E+0	1.70782253E+1
9.66125000E+3	7.93008605E+1	-5.03727000E+5	-4.93713000E+5	1.03000000E+2	6.22000000E+2	4.00500000E+1	4.00510000E+1	2.57172106E+0	5.16853933E+0	1.55305868E+1
9.66150000E+3	7.92931054E+1	-5.04374000E+5	-4.94361000E+5	8.40000000E+1	5.96000000E+2	4.00500000E+1	4.00510000E+1	2.09732591E+0	4.69413233E+0	1.48813983E+1
9.66175000E+3	7.92853561E+1	-5.05020000E+5	-4.95008000E+5	7.20000000E+1	6.15000000E+2	4.00510000E+1	4.00510000E+1	1.79770792E+0	3.96993833E+0	1.53554218E+1
9.66200000E+3	7.92776127E+1	-5.05665000E+5	-4.95655000E+5	9.90000000E+1	6.06000000E+2	4.00500000E+1	4.00500000E+1	2.47191011E+0	4.86891386E+0	1.51310861E+1
9.66225000E+3	7.92698752E+1	-5.06310000E+5	-4.96301000E+5	7.20000000E+1	5.72000000E+2	4.00500000E+1	4.00500000E+1	1.79775281E+0	3.92009988E+0	1.42821473E+1
9.66250000E+3	7.92621436E+1	-5.06954000E+5	-4.96946000E+5	6.40000000E+1	6.08000000E+2	4.00510000E+1	4.00520000E+1	1.59792270E+0	4.64407880E+0	1.51806447E+1
9.66275000E+3	7.92544177E+1	-5.07598000E+5	-4.97591000E+5	6.70000000E+1	6.16000000E+2	4.00500000E+1	4.00500000E+1	1.67290886E+0	4.41947566E+0	1.53807740E+1
9.66300000E+3	7.92466977E+1	-5.08241000E+5	-4.98235000E+5	9.00000000E+1	6.74000000E+2	4.00510000E+1	4.00510000E+1	2.24713490E+0	5.09350578E+0	1.68285436E+1
9.66325000E+3	7.92389835E+1	-5.08884000E+5	-4.98879000E+5	7.40000000E+1	6.15000000E+2	4.00510000E+1	4.00510000E+1	1.84764425E+0	4.71898330E+0	1.53554218E+1
9.66350000E+3	7.92312751E+1	-5.09526000E+5	-4.99522000E+5	7.80000000E+1	6.51000000E+2	4.00510000E+1	4.00510000E+1	1.94751692E+0	4.49426981E+0	1.62542758E+1
9.66375000E+3	7.92235725E+1	-5.10168000E+5	-5.00165000E+5	9.40000000E+1	6.94000000E+2	4.00500000E+1	4.00500000E+1	2.34706617E+0	5.66791511E+0	1.73283396E+1
9.66400000E+3	7.92158757E+1	-5.10809000E+5	-5.00807000E+5	6.70000000E+1	5.97000000E+2	4.00500000E+1	4.00500000E+1	1.67290886E+0	4.31960050E+0	1.49063670E+1
9.66425000E+3	7.92081846E+1	-5.11449000E+5	-5.01448000E+5	8.10000000E+1	5.81000000E+2	4.00500000E+1	4.00510000E+1	2.02242141E+0	4.89388265E+0	1.45068664E+1
9.66450000E+3	7.92004993E+1	-5.12089000E+5	-5.02089000E+5	6.30000000E+1	6.68000000E+2	4.00510000E+1	4.00510000E+1	1.57299443E+0	4.24458815E+0	1.66787346E+1
9.66475000E+3	7.91928197E+1	-5.12728000E+5	-5.02730000E+5	8.50000000E+1	6.90000000E+2	4.00510000E+1	4.00510000E+1	2.12229408E+0	5.39312377E+0	1.72280343E+1
9.66500000E+3	7.91851458E+1	-5.13367000E+5	-5.03370000E+5	6.00000000E+1	5.77000000E+2	4.00500000E+1	4.00510000E+1	1.49808994E+0	3.99500624E+0	1.44069913E+1
9.66525000E+3	7.91774777E+1	-5.14006000E+5	-5.04009000E+5	7.70000000E+1	6.46000000E+2	4.00500000E+1	4.00510000E+1	1.92254875E+0	4.79400749E+0	1.61298377E+1
9.66550000E+3	7.91698152E+1	-5.14643000E+5	-5.04648000E+5	7.60000000E+1	6.28000000E+2	4.00500000E+1	4.00510000E+1	1.89758058E+0	4.21972534E+0	1.56803995E+1
9.66575000E+3	7.91621585E+1	-5.15281000E+5	-5.05286000E+5	6.30000000E+1	6.49000000E+2	4.00510000E+1	4.00510000E+1	1.57299443E+0	4.26955632E+0	1.62043395E+1
9.66600000E+3	7.91545074E+1	-5.15917000E+5	-5.05924000E+5	5.40000000E+1	6.01000000E+2	4.00500000E+1	4.00500000E+1	1.34831461E+0	4.14481898E+0	1.50062422E+1
9.66625000E+3	7.91468620E+1	-5.16553000E+5	-5.06561000E+5	5.70000000E+1	6.46000000E+2	4.00510000E+1	4.00510000E+1	1.42318544E+0	4.41936531E+0	1.61294350E+1
9.66650000E+3	7.91392222E+1	-5.17189000E+5	-5.07198000E+5	5.50000000E+1	6.06000000E+2	4.00510000E+1	4.00510000E+1	1.37324911E+0	3.94497016E+0	1.51307083E+1
9.66675000E+3	7.91315881E+1	-5.17824000E+5	-5.07834000E+5	7.40000000E+1	6.26000000E+2	4.00500000E+1	4.00510000E+1	1.84764425E+0	4.96878901E+0	1.56304619E+1
9.66700000E+3	7.91239596E+1	-5.18459000E+5	-5.08469000E+5	6.30000000E+1	6.37000000E+2	4.00490000E+1	4.00500000E+1	1.57303371E+0	4.56940248E+0	1.59055157E+1
9.66725000E+3	7.91163367E+1	-5.19093000E+5	-5.09104000E+5	5.10000000E+1	6.10000000E+2	4.00500000E+1	4.00510000E+1	1.27337645E+0	3.62047441E+0	1.52309613E+1
9.66750000E+3	7.91087194E+1	-5.19726000E+5	-5.09739000E+5	7.20000000E+1	6.32000000E+2	4.00490000E+1	4.00500000E+1	1.79775281E+0	4.26976953E+0	1.57806687E+1
9.66775000E+3	7.91011078E+1	-5.20359000E+5	-5.10373000E+5	6.90000000E+1	6.45000000E+2	4.00500000E+1	4.00500000E+1	1.72284644E+0	4.39450687E+0	1.61048689E+1
9.66800000E+3	7.90935017E+1	-5.20991000E+5	-5.11006000E+5	5.10000000E+1	6.06000000E+2	4.00500000E+1	4.00500000E+1	1.27340824E+0	3.84519351E+0	1.51310861E+1
9.66825000E+3	7.90859011E+1	-5.21623000E+5	-5.11639000E+5	6.80000000E+1	6.42000000E+2	4.00500000E+1	4.00500000E+1	1.69787765E+0	4.06991261E+0	1.60299625E+1
9.66850000E+3	7.90783062E+1	-5.22254000E+5	-5.12272000E+5	5.30000000E+1	5.98000000E+2	4.00500000E+1	4.00510000E+1	1.32331278E+0	3.92009988E+0	1.49313358E+1
9.66875000E+3	7.90707168E+1	-5.22885000E+5	-5.12904000E+5	5.70000000E+1	6.02000000E+2	4.00480000E+1	4.00490000E+1	1.42325651E+0	4.31981622E+0	1.50319616E+1
9.66900000E+3	7.90631329E+1	-5.23515000E+5	-5.13535000E+5	4.00000000E+1	6.40000000E+2	4.00510000E+1	4.00510000E+1	9.98726624E-1	4.01987466E+0	1.59796260E+1
9.66925000E+3	7.90555545E+1	-5.24145000E+5	-5.14166000E+5	4.70000000E+1	6.06000000E+2	4.00500000E+1	4.00500000E+1	1.17353308E+0	3.89513109E+0	1.51310861E+1
9.66950000E+3	7.90479817E+1	-5.24774000E+5	-5.14796000E+5	7.10000000E+1	6.31000000E+2	4.00500000E+1	4.00510000E+1	1.77273976E+0	4.64419476E+0	1.57553059E+1
9.66975000E+3	7.90404143E+1	-5.25403000E+5	-5.15426000E+5	4.40000000E+1	5.95000000E+2	4.00500000E+1	4.00500000E+1	1.09862672E+0	4.01997503E+0	1.48564295E+1
9.67000000E+3	7.90328525E+1	-5.26031000E+5	-5.16055000E+5	4.90000000E+1	5.93000000E+2	4.00490000E+1	4.00490000E+1	1.22350121E+0	4.31970836E+0	1.48068616E+1
9.67025000E+3	7.90252961E+1	-5.26659000E+5	-5.16684000E+5	4.70000000E+1	5.57000000E+2	4.00510000E+1	4.00510000E+1	1.17350378E+0	3.74522484E+0	1.39072682E+1
9.67050000E+3	7.90177452E+1	-5.27286000E+5	-5.17312000E+5	4.10000000E+1	5.89000000E+2	4.00500000E+1	4.00500000E+1	1.02372035E+0	3.64544320E+0	1.47066167E+1
9.67075000E+3	7.90101998E+1	-5.27913000E+5	-5.17940000E+5	5.40000000E+1	6.10000000E+2	4.00500000E+1	4.00500000E+1	1.34831461E+0	4.09488140E+0	1.52309613E+1
9.67100000E+3	7.90026598E+1	-5.28539000E+5	-5.18567000E+5	5.40000000E+1	6.12000000E+2	4.00510000E+1	4.00510000E+1	1.34828094E+0	3.92000200E+0	1.52805173E+1
9.67125000E+3	7.89951252E+1	-5.29164000E+5	-5.19193000E+5	4.30000000E+1	6.12000000E+2	4.00510000E+1	4.00510000E+1	1.07363112E+0	3.57044768E+0	1.52805173E+1
9.67150000E+3	7.89875961E+1	-5.29789000E+5	-5.19819000E+5	4.50000000E+1	6.32000000E+2	4.00490000E+1	4.00500000E+1	1.12359551E+0	3.77038128E+0	1.57806687E+1
9.67175000E+3	7.89800724E+1	-5.30414000E+5	-5.20445000E+5	3.00000000E+1	5.71000000E+2	4.00500000E+1	4.00500000E+1	7.49063670E-1	3.49563046E+0	1.42571785E+1
9.67200000E+3	7.89725541E+1	-5.31038000E+5	-5.21070000E+5	4.10000000E+1	5.86000000E+2	4.00500000E+1	4.00500000E+1	1.02372035E+0	4.01997503E+0	1.46317104E+1
9.67225000E+3	7.89650411E+1	-5.31661000E+5	-5.21695000E+5	5.30000000E+1	5.76000000E+2	4.00500000E+1	4.00510000E+1	1.32331278E+0	3.74531835E+0	1.43820225E+1
9.67250000E+3	7.89575336E+1	-5.32284000E+5	-5.22319000E+5	4.30000000E+1	5.53000000E+2	4.00500000E+1	4.00500000E+1	1.07365793E+0	3.39575531E+0	1.38077403E+1
9.67275000E+3	7.89500314E+1	-5.32907000E+5	-5.22942000E+5	4.50000000E+1	5.99000000E+2	4.00500000E+1	4.00510000E+1	1.12356745E+0	3.82022472E+0	1.49563046E+1
9.67300000E+3	7.89425346E+1	-5.33529000E+5	-5.23565000E+5	4.00000000E+1	5.73000000E+2	4.00500000E+1	4.00500000E+1	9.98751561E-1	3.64544320E+0	1.43071161E+1
9.67325000E+3	7.89350431E+1	-5.34150000E+5	-5.24188000E+5	5.20000000E+1	6.20000000E+2	4.00510000E+1	4.00510000E+1	1.29834461E+0	3.44560685E+0	1.54802627E+1
9.67350000E+3	7.89275570E+1	-5.34771000E+5	-5.24810000E+5	4.60000000E+1	6.29000000E+2	4.00510000E+1	4.00510000E+1	1.14853562E+0	3.82012934E+0	1.57049762E+1
9.67375000E+3	7.89200762E+1	-5.35392000E+5	-5.25431000E+5	4.40000000E+1	6.36000000E+2	4.00490000E+1	4.00500000E+1	1.09862672E+0	4.09498365E+0	1.58805463E+1
9.67400000E+3	7.89126007E+1	-5.36011000E+5	-5.26052000E+5	4.20000000E+1	6.07000000E+2	4.00510000E+1	4.00510000E+1	1.04866295E+0	3.44560685E+0	1.51556765E+1
9.67425000E+3	7.89051305E+1	-5.36631000E+5	-5.26673000E+5	5.80000000E+1	6.30000000E+2	4.00500000E+1	4.00500000E+1	1.44818976E+0	4.56928839E+0	1.57303371E+1
9.67450000E+3	7.88976656E+1	-5.37250000E+5	-5.27293000E+5	3.50000000E+1	5.96000000E+2	4.00510000E+1	4.00510000E+1	8.73885796E-1	3.79516117E+0	1.48810267E+1
9.67475000E+3	7.88902060E+1	-5.37868000E+5	-5.27912000E+5	4.00000000E+1	5.63000000E+2	4.00500000E+1	4.00500000E+1	9.98751561E-1	3.29588015E+0	1.40574282E+1
9.67500000E+3	7.88827517E+1	-5.38486000E+5	-5.28531000E+5	4.20000000E+1	6.13000000E+2	4.00500000E+1	4.00500000E+1	1.04868914E+0	3.72034956E+0	1.53058677E+1
9.67525000E+3	7.88753026E+1	-5.39103000E+5	-5.29150000E+5	3.50000000E+1	6.01000000E+2	4.00510000E+1	4.00510000E+1	8.73885796E-1	3.69528851E+0	1.50058675E+1
9.67550000E+3	7.88678588E+1	-5.39720000E+5	-5.29767000E+5	5.80000000E+1	6.06000000E+2	4.00500000E+1	4.00500000E+1	1.44818976E+0	3.69538077E+0	1.51310861E+1
9.67575000E+3	7.88604202E+1	-5.40337000E+5	-5.30385000E+5	5.00000000E+1	6.44000000E+2	4.00510000E+1	4.00510000E+1	1.24840828E+0	4.16968365E+0	1.60794986E+1
9.67600000E+3	7.88529869E+1	-5.40953000E+5	-5.31002000E+5	4.10000000E+1	5.74000000E+2	4.00500000E+1	4.00510000E+1	1.02369479E+0	3.74531835E+0	1.43320849E+1
9.67625000E+3	7.88455588E+1	-5.41568000E+5	-5.31618000E+5	4.60000000E+1	6.12000000E+2	4.00490000E+1	4.00500000E+1	1.14856429E+0	3.82032011E+0	1.52812804E+1
9.67650000E+3	7.88381359E+1	-5.42183000E+5	-5.32234000E+5	5.40000000E+1	6.18000000E+2	4.00490000E+1	4.00500000E+1	1.34831461E+0	4.21983071E+0	1.54310969E+1
9.67675000E+3	7.88307181E+1	-5.42797000E+5	-5.32850000E+5	4.70000000E+1	5.99000000E+2	4.00510000E+1	4.00510000E+1	1.17350378E+0	3.47057502E+0	1.49559312E+1
9.67700000E+3	7.88233056E+1	-5.43411000E+5	-5.33465000E+5	5.20000000E+1	6.50000000E+2	4.00500000E+1	4.00510000E+1	1.29834461E+0	4.29463171E+0	1.62297129E+1
9.67725000E+3	7.88158983E+1	-5.44025000E+5	-5.34079000E+5	4.50000000E+1	6.69000000E+2	4.00500000E+1	4.00500000E+1	1.12359551E+0	3.94506866E+0	1.67041199E+1
9.67750000E+3	7.88084961E+1	-5.44638000E+5	-5.34693000E+5	4.90000000E+1	6.09000000E+2	4.00510000E+1	4.00510000E+1	1.22344011E+0	4.16968365E+0	1.52056128E+1
9.67775000E+3	7.88010991E+1	-5.45250000E+5	-5.35307000E+5	4.60000000E+1	6.27000000E+2	4.00490000E+1	4.00500000E+1	1.14856429E+0	3.49571775E+0	1.56558216E+1
9.67800000E+3	7.87937072E+1	-5.45862000E+5	-5.35920000E+5	5.40000000E+1	6.01000000E+2	4.00510000E+1	4.00510000E+1	1.34828094E+0	3.94497016E+0	1.50058675E+1
9.67825000E+3	7.87863205E+1	-5.46473000E+5	-5.36532000E+5	4.30000000E+1	6.06000000E+2	4.00500000E+1	4.00510000E+1	1.07363112E+0	3.59550562E+0	1.51310861E+1
9.67850000E+3	7.87789389E+1	-5.47084000E+5	-5.37144000E+5	4.40000000E+1	6.26000000E+2	4.00500000E+1	4.00510000E+1	1.09859929E+0	3.67041199E+0	1.56304619E+1
9.67875000E+3	7.87715625E+1	-5.47695000E+5	-5.37756000E+5	5.30000000E+1	6.92000000E+2	4.00500000E+1	4.00510000E+1	1.32331278E+0	4.11985019E+0	1.72784020E+1
9.67900000E+3	7.87641911E+1	-5.48305000E+5	-5.38367000E+5	4.50000000E+1	6.45000000E+2	4.00510000E+1	4.00510000E+1	1.12356745E+0	3.64535218E+0	1.61044668E+1
9.67925000E+3	7.87568248E+1	-5.48914000E+5	-5.38977000E+5	4.40000000E+1	6.13000000E+2	4.00510000E+1	4.00510000E+1	1.09859929E+0	3.89503383E+0	1.53054855E+1
9.67950000E+3	7.87494637E+1	-5.49523000E+5	-5.39587000E+5	5.50000000E+1	6.45000000E+2	4.00510000E+1	4.00510000E+1	1.37324911E+0	3.82012934E+0	1.61044668E+1
9.67975000E+3	7.87421076E+1	-5.50132000E+5	-5.40197000E+5	3.90000000E+1	5.50000000E+2	4.00500000E+1	4.00510000E+1	9.73758458E-1	3.47066167E+0	1.37328340E+1
9.68000000E+3	7.87347565E+1	-5.50740000E+5	-5.40806000E+5	4.10000000E+1	6.24000000E+2	4.00500000E+1	4.00500000E+1	1.02372035E+0	4.21972534E+0	1.55805243E+1
9.68025000E+3	7.87274106E+1	-5.51347000E+5	-5.41415000E+5	4.40000000E+1	5.74000000E+2	4.00500000E+1	4.00510000E+1	1.09859929E+0	3.67041199E+0	1.43320849E+1
9.68050000E+3	7.87200697E+1	-5.51954000E+5	-5.42023000E+5	4.10000000E+1	5.81000000E+2	4.00500000E+1	4.00500000E+1	1.02372035E+0	3.59550562E+0	1.45068664E+1
9.68075000E+3	7.87127338E+1	-5.52561000E+5	-5.42630000E+5	4.00000000E+1	5.86000000E+2	4.00500000E+1	4.00500000E+1	9.98751561E-1	3.62047441E+0	1.46317104E+1
9.68100000E+3	7.87054030E+1	-5.53167000E+5	-5.43238000E+5	5.10000000E+1	5.83000000E+2	4.00500000E+1	4.00500000E+1	1.27340824E+0	3.87016230E+0	1.45568040E+1
9.68125000E+3	7.86980771E+1	-5.53773000E+5	-5.43844000E+5	3.90000000E+1	5.77000000E+2	4.00500000E+1	4.00510000E+1	9.73758458E-1	3.79525593E+0	1.44069913E+1
9.68150000E+3	7.86907563E+1	-5.54378000E+5	-5.44450000E+5	5.30000000E+1	5.93000000E+2	4.00510000E+1	4.00510000E+1	1.32331278E+0	3.82012934E+0	1.48061222E+1
9.68175000E+3	7.86834405E+1	-5.54982000E+5	-5.45056000E+5	4.30000000E+1	5.58000000E+2	4.00500000E+1	4.00510000E+1	1.07363112E+0	3.37078652E+0	1.39325843E+1
9.68200000E+3	7.86761297E+1	-5.55587000E+5	-5.45661000E+5	3.40000000E+1	5.97000000E+2	4.00500000E+1	4.00510000E+1	8.48917630E-1	3.47066167E+0	1.49063670E+1
9.68225000E+3	7.86688239E+1	-5.56190000E+5	-5.46266000E+5	3.70000000E+1	6.02000000E+2	4.00500000E+1	4.00500000E+1	9.23845194E-1	3.29588015E+0	1.50312110E+1
9.68250000E+3	7.86615230E+1	-5.56794000E+5	-5.46870000E+5	3.40000000E+1	6.08000000E+2	4.00500000E+1	4.00500000E+1	8.48938826E-1	3.84519351E+0	1.51810237E+1
9.68275000E+3	7.86542271E+1	-5.57396000E+5	-5.47474000E+5	4.40000000E+1	5.79000000E+2	4.00500000E+1	4.00510000E+1	1.09859929E+0	3.67041199E+0	1.44569288E+1
9.68300000E+3	7.86469362E+1	-5.57999000E+5	-5.48078000E+5	3.50000000E+1	6.03000000E+2	4.00500000E+1	4.00510000E+1	8.73885796E-1	3.54556804E+0	1.50561798E+1
9.68325000E+3	7.86396502E+1	-5.58600000E+5	-5.48680000E+5	3.90000000E+1	5.72000000E+2	4.00510000E+1	4.00510000E+1	9.73758458E-1	3.69528851E+0	1.42817907E+1
9.68350000E+3	7.86323691E+1	-5.59202000E+5	-5.49283000E+5	4.80000000E+1	5.89000000E+2	4.00500000E+1	4.00510000E+1	1.19847195E+0	3.47066167E+0	1.47066167E+1
9.68375000E+3	7.86250930E+1	-5.59803000E+5	-5.49885000E+5	3.30000000E+1	5.71000000E+2	4.00500000E+1	4.00500000E+1	8.23970037E-1	3.22097378E+0	1.42571785E+1
9.68400000E+3	7.86178217E+1	-5.60403000E+5	-5.50486000E+5	4.60000000E+1	5.93000000E+2	4.00510000E+1	4.00510000E+1	1.14853562E+0	4.26955632E+0	1.48061222E+1
9.68425000E+3	7.86105554E+1	-5.61003000E+5	-5.51087000E+5	4.30000000E+1	5.96000000E+2	4.00500000E+1	4.00500000E+1	1.07365793E+0	3.29588015E+0	1.48813983E+1
9.68450000E+3	7.86032940E+1	-5.61602000E+5	-5.51688000E+5	4.80000000E+1	6.18000000E+2	4.00500000E+1	4.00510000E+1	1.19847195E+0	4.36953808E+0	1.54307116E+1
9.68475000E+3	7.85960375E+1	-5.62201000E+5	-5.52288000E+5	3.50000000E+1	6.02000000E+2	4.00500000E+1	4.00510000E+1	8.73885796E-1	3.59550562E+0	1.50312110E+1
9.68500000E+3	7.85887858E+1	-5.62800000E+5	-5.52887000E+5	3.20000000E+1	5.74000000E+2	4.00500000E+1	4.00510000E+1	7.98981299E-1	3.14606742E+0	1.43320849E+1
9.68525000E+3	7.85815391E+1	-5.63398000E+5	-5.53486000E+5	4.30000000E+1	5.86000000E+2	4.00500000E+1	4.00500000E+1	1.07365793E+0	3.37078652E+0	1.46317104E+1
9.68550000E+3	7.85742971E+1	-5.63995000E+5	-5.54085000E+5	3.40000000E+1	5.40000000E+2	4.00500000E+1	4.00500000E+1	8.48938826E-1	3.27091136E+0	1.34831461E+1
9.68575000E+3	7.85670601E+1	-5.64593000E+5	-5.54683000E+5	4.10000000E+1	5.87000000E+2	4.00500000E+1	4.00510000E+1	1.02369479E+0	3.94506866E+0	1.46566792E+1
9.68600000E+3	7.85598278E+1	-5.65189000E+5	-5.55281000E+5	3.00000000E+1	5.85000000E+2	4.00490000E+1	4.00490000E+1	7.49082374E-1	3.37087068E+0	1.46071063E+1
9.68625000E+3	7.85526004E+1	-5.65785000E+5	-5.55878000E+5	3.60000000E+1	5.81000000E+2	4.00500000E+1	4.00510000E+1	8.98853961E-1	3.32084894E+0	1.45068664E+1
9.68650000E+3	7.85453779E+1	-5.66381000E+5	-5.56475000E+5	3.70000000E+1	6.48000000E+2	4.00510000E+1	4.00510000E+1	9.23822127E-1	3.67032034E+0	1.61793713E+1
9.68675000E+3	7.85381601E+1	-5.66976000E+5	-5.57071000E+5	2.70000000E+1	5.60000000E+2	4.00500000E+1	4.00510000E+1	6.74140471E-1	3.39575531E+0	1.39825218E+1
9.68700000E+3	7.85309472E+1	-5.67571000E+5	-5.57667000E+5	3.30000000E+1	5.94000000E+2	4.00500000E+1	4.00500000E+1	8.23970037E-1	3.59550562E+0	1.48314607E+1
9.68725000E+3	7.85237390E+1	-5.68166000E+5	-5.58263000E+5	3.60000000E+1	5.28000000E+2	4.00500000E+1	4.00500000E+1	8.98876404E-1	3.57053683E+0	1.31835206E+1
9.68750000E+3	7.85165357E+1	-5.68759000E+5	-5.58858000E+5	3.60000000E+1	5.75000000E+2	4.00500000E+1	4.00500000E+1	8.98876404E-1	3.64544320E+0	1.43570537E+1
9.68775000E+3	7.85093371E+1	-5.69353000E+5	-5.59452000E+5	3.30000000E+1	5.78000000E+2	4.00500000E+1	4.00500000E+1	8.23970037E-1	3.34581773E+0	1.44319600E+1
9.68800000E+3	7.85021433E+1	-5.69946000E+5	-5.60046000E+5	4.10000000E+1	5.70000000E+2	4.00500000E+1	4.00510000E+1	1.02369479E+0	3.52059925E+0	1.42322097E+1
9.68825000E+3	7.84949542E+1	-5.70538000E+5	-5.60640000E+5	3.60000000E+1	6.04000000E+2	4.00510000E+1	4.00510000E+1	8.98853961E-1	3.92000200E+0	1.50807720E+1
9.68850000E+3	7.84877699E+1	-5.71130000E+5	-5.61233000E+5	2.60000000E+1	5.54000000E+2	4.00500000E+1	4.00510000E+1	6.49172305E-1	3.07116105E+0	1.38327091E+1
9.68875000E+3	7.84805904E+1	-5.71722000E+5	-5.61825000E+5	3.40000000E+1	6.17000000E+2	4.00510000E+1	4.00510000E+1	8.48917630E-1	3.37070235E+0	1.54053582E+1
9.68900000E+3	7.84734155E+1	-5.72313000E+5	-5.62418000E+5	3.90000000E+1	5.58000000E+2	4.00500000E+1	4.00500000E+1	9.73782772E-1	3.39575531E+0	1.39325843E+1
9.68925000E+3	7.84662455E+1	-5.72904000E+5	-5.63009000E+5	3.10000000E+1	6.08000000E+2	4.00500000E+1	4.00510000E+1	7.74013133E-1	3.42072409E+0	1.51810237E+1
9.68950000E+3	7.84590801E+1	-5.73494000E+5	-5.63601000E+5	4.10000000E+1	5.73000000E+2	4.00500000E+1	4.00500000E+1	1.02372035E+0	3.64544320E+0	1.43071161E+1
9.68975000E+3	7.84519194E+1	-5.74084000E+5	-5.64192000E+5	2.20000000E+1	5.52000000E+2	4.00510000E+1	4.00510000E+1	5.49299643E-1	3.22089336E+0	1.37824274E+1
9.69000000E+3	7.84447634E+1	-5.74673000E+5	-5.64782000E+5	3.10000000E+1	5.99000000E+2	4.00500000E+1	4.00510000E+1	7.74013133E-1	3.27091136E+0	1.49563046E+1
9.69025000E+3	7.84376122E+1	-5.75262000E+5	-5.65372000E+5	2.50000000E+1	5.61000000E+2	4.00500000E+1	4.00500000E+1	6.24219725E-1	3.17103620E+0	1.40074906E+1
9.69050000E+3	7.84304656E+1	-5.75851000E+5	-5.65961000E+5	2.60000000E+1	5.87000000E+2	4.00500000E+1	4.00510000E+1	6.49172305E-1	3.29588015E+0	1.46566792E+1
9.69075000E+3	7.84233237E+1	-5.76439000E+5	-5.66551000E+5	4.00000000E+1	5.87000000E+2	4.00500000E+1	4.00510000E+1	9.98726624E-1	3.34581773E+0	1.46566792E+1
9.69100000E+3	7.84161864E+1	-5.77026000E+5	-5.67139000E+5	2.70000000E+1	6.03000000E+2	4.00490000E+1	4.00500000E+1	6.74157303E-1	3.39584010E+0	1.50565557E+1
9.69125000E+3	7.84090538E+1	-5.77613000E+5	-5.67727000E+5	2.80000000E+1	6.05000000E+2	4.00500000E+1	4.00510000E+1	6.99108636E-1	3.24594257E+0	1.51061174E+1
9.69150000E+3	7.84019259E+1	-5.78200000E+5	-5.68315000E+5	3.60000000E+1	5.78000000E+2	4.00510000E+1	4.00520000E+1	8.98831519E-1	3.59541584E+0	1.44315997E+1
9.69175000E+3	7.83948026E+1	-5.78786000E+5	-5.68902000E+5	3.80000000E+1	6.45000000E+2	4.00500000E+1	4.00510000E+1	9.48790292E-1	4.36953808E+0	1.61048689E+1
9.69200000E+3	7.83876839E+1	-5.79372000E+5	-5.69489000E+5	3.80000000E+1	5.74000000E+2	4.00500000E+1	4.00500000E+1	9.48813983E-1	3.29588015E+0	1.43320849E+1
9.69225000E+3	7.83805698E+1	-5.79957000E+5	-5.70076000E+5	3.40000000E+1	6.41000000E+2	4.00510000E+1	4.00510000E+1	8.48917630E-1	3.42063869E+0	1.60045941E+1
9.69250000E+3	7.83734604E+1	-5.80542000E+5	-5.70661000E+5	3.00000000E+1	5.78000000E+2	4.00490000E+1	4.00490000E+1	7.49082374E-1	3.27099303E+0	1.44323204E+1
9.69275000E+3	7.83663556E+1	-5.81127000E+5	-5.71247000E+5	3.20000000E+1	5.86000000E+2	4.00510000E+1	4.00510000E+1	7.98981299E-1	3.29579786E+0	1.46313450E+1
9.69300000E+3	7.83592553E+1	-5.81711000E+5	-5.71832000E+5	4.30000000E+1	6.06000000E+2	4.00510000E+1	4.00510000E+1	1.07363112E+0	3.96993833E+0	1.51307083E+1
9.69325000E+3	7.83521597E+1	-5.82294000E+5	-5.72417000E+5	3.20000000E+1	5.90000000E+2	4.00500000E+1	4.00500000E+1	7.99001248E-1	3.82022472E+0	1.47315855E+1
9.69350000E+3	7.83450686E+1	-5.82877000E+5	-5.73001000E+5	3.30000000E+1	5.74000000E+2	4.00510000E+1	4.00510000E+1	8.23949464E-1	3.17095703E+0	1.43317270E+1
9.69375000E+3	7.83379821E+1	-5.83460000E+5	-5.73585000E+5	3.70000000E+1	5.72000000E+2	4.00490000E+1	4.00490000E+1	9.23868261E-1	3.32093186E+0	1.42825039E+1
9.69400000E+3	7.83309002E+1	-5.84042000E+5	-5.74168000E+5	3.70000000E+1	5.97000000E+2	4.00510000E+1	4.00510000E+1	9.23822127E-1	3.42063869E+0	1.49059949E+1
9.69425000E+3	7.83238228E+1	-5.84624000E+5	-5.74751000E+5	3.30000000E+1	5.95000000E+2	4.00500000E+1	4.00510000E+1	8.23949464E-1	3.29588015E+0	1.48564295E+1
9.69450000E+3	7.83167500E+1	-5.85205000E+5	-5.75333000E+5	4.20000000E+1	6.19000000E+2	4.00490000E+1	4.00500000E+1	1.04868914E+0	3.74541187E+0	1.54560663E+1
9.69475000E+3	7.83096817E+1	-5.85786000E+5	-5.75915000E+5	2.60000000E+1	6.22000000E+2	4.00500000E+1	4.00510000E+1	6.49172305E-1	2.92134831E+0	1.55305868E+1
9.69500000E+3	7.83026180E+1	-5.86367000E+5	-5.76497000E+5	3.00000000E+1	5.70000000E+2	4.00480000E+1	4.00490000E+1	7.49082374E-1	3.32101478E+0	1.42329205E+1
9.69525000E+3	7.82955588E+1	-5.86947000E+5	-5.77078000E+5	3.00000000E+1	6.05000000E+2	4.00500000E+1	4.00500000E+1	7.49063670E-1	2.99625468E+0	1.51061174E+1
9.69550000E+3	7.82885041E+1	-5.87526000E+5	-5.77659000E+5	3.50000000E+1	6.24000000E+2	4.00520000E+1	4.00520000E+1	8.73863977E-1	3.59532608E+0	1.55797463E+1
9.69575000E+3	7.82814539E+1	-5.88106000E+5	-5.78239000E+5	4.10000000E+1	5.57000000E+2	4.00490000E+1	4.00490000E+1	1.02374591E+0	3.27099303E+0	1.39079627E+1
9.69600000E+3	7.82744082E+1	-5.88684000E+5	-5.78819000E+5	2.30000000E+1	5.90000000E+2	4.00490000E+1	4.00500000E+1	5.74282147E-1	2.89645185E+0	1.47319534E+1
9.69625000E+3	7.82673669E+1	-5.89263000E+5	-5.79398000E+5	3.80000000E+1	5.76000000E+2	4.00500000E+1	4.00510000E+1	9.48790292E-1	3.09612984E+0	1.43820225E+1
9.69650000E+3	7.82603302E+1	-5.89841000E+5	-5.79977000E+5	3.80000000E+1	6.07000000E+2	4.00510000E+1	4.00510000E+1	9.48790292E-1	3.57044768E+0	1.51556765E+1
9.69675000E+3	7.82532980E+1	-5.90418000E+5	-5.80555000E+5	4.10000000E+1	5.94000000E+2	4.00510000E+1	4.00510000E+1	1.02369479E+0	3.54547951E+0	1.48310904E+1
9.69700000E+3	7.82462702E+1	-5.90995000E+5	-5.81134000E+5	3.50000000E+1	6.17000000E+2	4.00510000E+1	4.00510000E+1	8.73885796E-1	3.32076602E+0	1.54053582E+1
9.69725000E+3	7.82392469E+1	-5.91572000E+5	-5.81711000E+5	3.60000000E+1	6.09000000E+2	4.00500000E+1	4.00500000E+1	8.98876404E-1	3.69538077E+0	1.52059925E+1
9.69750000E+3	7.82322280E+1	-5.92148000E+5	-5.82288000E+5	2.80000000E+1	6.26000000E+2	4.00510000E+1	4.00510000E+1	6.99108636E-1	3.19592520E+0	1.56300717E+1
9.69775000E+3	7.82252136E+1	-5.92724000E+5	-5.82865000E+5	3.40000000E+1	6.09000000E+2	4.00510000E+1	4.00520000E+1	8.48896435E-1	3.44560685E+0	1.52056128E+1
9.69800000E+3	7.82182036E+1	-5.93299000E+5	-5.83442000E+5	3.50000000E+1	5.83000000E+2	4.00490000E+1	4.00500000E+1	8.73907615E-1	3.32093186E+0	1.45571675E+1
9.69825000E+3	7.82111980E+1	-5.93874000E+5	-5.84018000E+5	4.70000000E+1	5.64000000E+2	4.00510000E+1	4.00510000E+1	1.17350378E+0	3.69528851E+0	1.40820454E+1
9.69850000E+3	7.82041969E+1	-5.94448000E+5	-5.84593000E+5	2.90000000E+1	5.83000000E+2	4.00490000E+1	4.00490000E+1	7.24112962E-1	2.82154361E+0	1.45571675E+1
9.69875000E+3	7.81972001E+1	-5.95023000E+5	-5.85168000E+5	3.00000000E+1	5.90000000E+2	4.00500000E+1	4.00500000E+1	7.49063670E-1	3.64544320E+0	1.47315855E+1
9.69900000E+3	7.81902078E+1	-5.95596000E+5	-5.85743000E+5	3.00000000E+1	6.17000000E+2	4.00500000E+1	4.00500000E+1	7.49063670E-1	3.37078652E+0	1.54057428E+1
9.69925000E+3	7.81832199E+1	-5.96169000E+5	-5.86317000E+5	2.80000000E+1	5.88000000E+2	4.00490000E+1	4.00500000E+1	6.99126092E-1	3.17111538E+0	1.46820145E+1
9.69950000E+3	7.81762363E+1	-5.96742000E+5	-5.86891000E+5	4.10000000E+1	6.69000000E+2	4.00500000E+1	4.00500000E+1	1.02372035E+0	3.54556804E+0	1.67041199E+1
9.69975000E+3	7.81692572E+1	-5.97315000E+5	-5.87465000E+5	3.40000000E+1	6.02000000E+2	4.00490000E+1	4.00500000E+1	8.48938826E-1	3.87025893E+0	1.50315863E+1
9.70000000E+3	7.81622824E+1	-5.97886000E+5	-5.88038000E+5	3.60000000E+1	5.93000000E+2	4.00500000E+1	4.00500000E+1	8.98876404E-1	3.84519351E+0	1.48064919E+1
