Energy_(eV)	Live_Counts
9550.0	32.09840031
9550.25	30.866758750000002
9550.5	33.33053027
9550.75	32.09736413
9551.0	31.11361137
9551.25	35.06093673
9551.5	32.09754641
9551.75	34.57009658
9552.0	37.03508721
9552.25	31.604146489999998
9552.5	37.77729096
9552.75	39.75516055000001
9553.0	39.01246832
9553.25	39.26267422
9553.5	42.22222224
9553.75	40.24612228
9554.0	42.95924567
9554.25	41.47837544000001
9554.5	44.20112878
9554.75	41.97628496
9555.0	48.15235664000001
9555.25	51.850085480000004
9555.5	52.832498019999996
9555.75	46.67203303
9556.0	50.372748650000005
9556.25	51.85648647000001
9556.5	51.11666042
9556.75	54.07407406
9557.0	59.010458480000004
9557.25	59.01283457
9557.5	70.37329747
9557.75	58.2717889
9558.0	63.45721796
9558.25	69.87142337
9558.5	76.0398744
9558.75	68.1561367
9559.0	73.5742129
9559.25	81.72236600000001
9559.5	79.2601145
9559.75	77.29907399999999
9560.0	84.94552850000001
9560.25	96.05322460000001
9560.5	89.40211000000001
9560.75	111.8526467
9561.0	108.14821119999999
9561.25	98.0202439
9561.5	115.06118670000001
9561.75	118.2765444
9562.0	123.45142659999999
9562.25	139.7422371
9562.5	151.363757
9562.75	141.745165
9563.0	160.2403307
9563.25	170.390254
9563.5	195.58105030000002
9563.75	194.30471369999998
9564.0	206.4186599
9564.25	224.7086158
9564.5	233.8169208
9564.75	256.5646754
9565.0	263.97183870000003
9565.25	274.0633527
9565.5	289.6532294
9565.75	293.28519370000004
9566.0	325.913133
9566.25	315.8147874
9566.5	361.2208002
9566.75	382.2222222
9567.0	401.18470970000004
9567.25	417.7941818
9567.5	450.1241371
9567.75	514.1162732
9568.0	545.9022768
9568.25	543.9041803
9568.5	702.831304
9568.75	781.9209900000001
9569.0	856.2922899999999
9569.25	918.9537419999999
9569.5	1047.4050510000002
9569.75	1141.975309
9570.0	1203.262321
9570.25	1272.944421
9570.5	1372.519293
9570.75	1383.569239
9571.0	1448.4488769999998
9571.25	1500.503036
9571.5	1595.821312
9571.75	1633.7142230000002
9572.0	1701.1971250000001
9572.25	1724.477801
9572.5	1854.216236
9572.75	1915.876054
9573.0	1942.7032619999998
9573.25	1988.6420360000002
9573.5	1917.8479069999999
9573.75	1883.768405
9574.0	1809.9506350000001
9574.25	1731.388404
9574.5	1621.997722
9574.75	1429.803821
9575.0	1305.4489560000002
9575.25	1204.739863
9575.5	1106.756675
9575.75	962.547924
9576.0	896.369107
9576.25	809.629036
9576.5	763.5838899999999
9576.75	718.954808
9577.0	662.058914
9577.25	630.1995006
9577.5	584.7149691
9577.75	573.582027
9578.0	528.6636238000001
9578.25	489.0983875
9578.5	476.0893255
9578.75	435.309626
9579.0	407.6365842
9579.25	371.111111
9579.5	349.9055705
9579.75	319.5458718
9580.0	285.6790122
9580.25	279.7394386
9580.5	269.1358024
9580.75	237.5408697
9581.0	220.2558823
9581.25	213.0749041
9581.5	199.7530865
9581.75	198.75763039999998
9582.0	182.97949599999998
9582.25	175.32193599999997
9582.5	168.3950618
9582.75	151.3516247
9583.0	139.9998809
9583.25	143.9505592
9583.5	125.68443970000001
9583.75	125.6790124
9584.0	117.7776583
9584.25	108.887979
9584.5	94.8148148
9584.75	94.5640614
9585.0	105.1846387
9585.25	92.3348316
9585.5	93.5712887
9585.75	82.96692680000001
9586.0	70.37957851
9586.25	76.7834202
9586.5	70.1148016
9586.75	65.93098742000001
9587.0	59.256638419999994
9587.25	62.22222216
9587.5	58.019938350000004
9587.75	61.48026406
9588.0	49.13641307
9588.25	51.598477429999996
9588.5	54.81292533
9588.75	54.06992936
9589.0	47.90178427
9589.25	43.45465684
9589.5	46.914921840000005
9589.75	39.7529652
9590.0	44.44206736
9590.25	43.69614672
9590.5	40.989788680000004
9590.75	39.753086429999996
9591.0	44.19570327
9591.25	34.56790125
9591.5	36.04938274
9591.75	33.8271605
9592.0	31.84892619
9592.25	33.57908885
9592.5	33.82765054
9592.75	32.34458259
9593.0	31.35558665
9593.25	29.873374889999997
9593.5	26.913276070000002
9593.75	26.42200939
9594.0	26.172413289999998
9594.25	22.71391651
9594.5	25.430392570000002
9594.75	20.74317998
9595.0	19.75217251
9595.25	21.23566555
9595.5	24.447615979999995
9595.75	23.95055673
9596.0	20.49510858
9596.25	22.964609440000004
9596.5	18.764396429999998
9596.75	18.76616386
9597.0	18.27081256
9597.25	15.55506793
9597.5	21.23603171
9597.75	18.27160492
9598.0	16.54308863
9598.25	16.78878252
9598.5	16.79116079
9598.75	14.814449089999998
9599.0	17.28309728
9599.25	14.072428381
9599.5	19.25822307
9599.75	17.53086418
9600.0	13.82722183
9600.25	17.0384396
9600.5	14.814022439999999
9600.75	16.542478449999997
9601.0	13.08654219
9601.25	15.30992303
9601.5	12.83907972
9601.75	17.28254934
9602.0	13.085627496
9602.25	16.54296642
9602.5	17.28443845
9602.75	12.346288819999998
9603.0	14.320683039999999
9603.25	11.60408494
9603.5	16.54235682
9603.75	12.097668299999999
9604.0	11.358939497
9604.25	14.56723076
9604.5	14.81524167
9604.75	12.84017696
9605.0	13.826795040000002
9605.25	13.08471335
9605.5	14.814814799999999
9605.75	14.07517215
9606.0	13.333577247000001
9606.25	10.61655268
9606.5	13.33199258
9606.75	15.30778888
9607.0	12.099253271
9607.25	11.357171359999999
9607.5	11.110806339999998
9607.75	11.604938441
9608.0	8.888523171
9608.25	10.369273241000002
9608.5	12.83950616
9608.75	9.629447038
9609.0	11.358024681
9609.25	10.369761269999998
9609.5	11.850938080999999
9609.75	10.61844259
9610.0	11.357963911
9610.25	10.615638260999999
9610.5	8.889681847
9610.75	9.877701852
9611.0	8.394696011
9611.25	9.629263974
9611.5	8.887974732
9611.75	10.617710955000002
9612.0	7.407773291000002
9612.25	10.617649831000001
9612.5	7.65480914
9612.75	12.09821686
9613.0	8.394635210999999
9613.25	7.406371227999999
9613.5	13.33174859
9613.75	11.11031889
9614.0	8.641671068
9614.25	12.838043636
9614.5	11.604816539999998
9614.75	10.618015720999999
9615.0	10.37055352
9615.25	9.136168352
9615.5	8.148087341
9615.75	8.395610551
9616.0	9.381070661
9616.25	8.395549572
9616.5	9.629264097
9616.75	13.57945453
9617.0	9.629324923
9617.25	6.419265471000001
9617.5	8.148148142
9617.75	8.888218963
9618.0	10.124005611000001
9618.25	9.135802582
9618.5	10.618442770000001
9618.75	6.666605861
9619.0	9.38131415
9619.25	7.406249323999999
9619.5	8.148453137
9619.75	9.628654400999999
9620.0	9.135802461
9620.25	6.173266402000001
9620.5	8.148940899000001
9620.75	7.159275001
9621.0	10.863588011
9621.25	10.618076701
9621.5	8.888828113
9621.75	10.865417153000001
9622.0	7.160676766000001
9622.25	11.111355147
9622.5	8.88803556
9622.75	9.629934647
9623.0	10.369577996
9623.25	9.876543746
9623.5	6.6659354319999995
9623.75	9.135314941
9624.0	9.136229331000001
9624.25	9.38277717
9624.5	9.876543350999999
9624.75	7.90269827
9625.0	8.147356254
9625.25	7.160798817000001
9625.5	10.862795646999999
9625.75	9.13677816
9626.0	8.642280212
9626.25	6.665996198999999
9626.5	7.408200253
9626.75	9.87526338
9627.0	9.875751220000001
9627.25	9.630178641
9627.5	6.666484018
9627.75	9.875141506
9628.0	9.875629141
9628.25	9.875811781
9628.5	10.123579201
9628.75	9.134888191
9629.0	8.148331148
9629.25	8.395366631
9629.5	9.382228552
9629.75	9.87697025
9630.0	8.31453879
9630.25	8.2646274
9630.5	8.83883286
9630.75	9.48810367
9631.0	9.03858068
9631.25	8.08979102
9631.5	9.188351019999999
9631.75	9.56300442
9632.0	9.16347387
9632.25	8.314578690000001
9632.5	8.514211790000001
9632.75	8.114687490000001
9633.0	8.863813489999998
9633.25	8.61413121
9633.5	8.56412755
9633.75	9.08848895
9634.0	9.013586329999999
9634.25	8.03974682
9634.5	8.43929733
9634.75	8.913784119999999
9635.0	9.18836223
9635.25	8.614058270000001
9635.5	8.71400137
9635.75	8.46426611
9636.0	9.4879796
9636.25	9.088527599999999
9636.5	9.86251519
9636.75	8.93870053
9637.0	8.61410442
9637.25	8.21459567
9637.5	8.81383789
9637.75	9.4630819
9638.0	9.26331226
9638.25	8.663990239999999
9638.5	8.68906127
9638.75	7.9398766599999995
9639.0	7.56545143
9639.25	8.4144177
9639.5	8.838766150000001
9639.75	8.68899581
9640.0	8.73894275
9640.25	8.963636280000001
9640.5	8.31446896
9640.75	8.88866197
9641.0	8.139661262
9641.25	7.96493709
9641.5	8.36437163
9641.75	8.86380353
9642.0	9.43812493
9642.25	7.890040699999999
9642.5	8.56410761
9642.75	8.38945513
9643.0	8.88877418
9643.25	9.46304012
9643.5	9.388142479999999
9643.75	9.26319193
9644.0	10.01245759
9644.25	9.23827674
9644.5	10.53677597
9644.75	8.81402554
9645.0	9.06356069
9645.25	9.18833044
9645.5	9.013584470000001
9645.75	9.61290335
9646.0	9.537877289999999
9646.25	9.837474709999999
9646.5	9.937463319999999
9646.75	9.313199339999999
9647.0	10.31198581
9647.25	10.2620077
9647.5	11.460565069999998
9647.75	10.76139533
9648.0	11.011146820000002
9648.25	11.63528363
9648.5	11.360518469999999
9648.75	12.28449582
9649.0	12.10955721
9649.25	12.509353950000001
9649.5	13.4329317
9649.75	15.50542908
9650.0	14.531522859999999
9650.25	15.879825010000001
9650.5	16.90358775
9650.75	18.07708779
9651.0	19.30046308
9651.25	18.70122709
9651.5	21.572953279999997
9651.75	21.223110950000002
9652.0	23.69527792
9652.25	22.7463698
9652.5	24.943691799999996
9652.75	24.79360101
9653.0	24.893713059999996
9653.25	28.189092000000002
9653.5	25.942137879999997
9653.75	26.21667675
9654.0	26.44149558
9654.25	24.918427509999997
9654.5	26.49156158
9654.75	25.79234323
9655.0	25.267896419999996
9655.25	24.99335258
9655.5	25.7425054
9655.75	25.717640710000005
9656.0	23.92010861
9656.25	25.49272088
9656.5	23.14557741
9656.75	23.295607089999997
9657.0	23.745017860000004
9657.25	24.619225349999997
9657.5	23.81982386
9657.75	21.82235814
9658.0	19.700218680000003
9658.25	19.600263720000004
9658.5	18.72642719
9658.75	17.253210629999998
9659.0	15.40548846
9659.25	14.18221232
9659.5	14.18191994
9659.75	12.1845178
9660.0	11.46047778
9660.25	12.68382127
9660.5	11.959786860000001
9660.75	11.33563009
9661.0	10.936110150000001
9661.25	11.036023329999999
9661.5	10.711621710000001
9661.75	10.43674246
9662.0	11.21074938
9662.25	10.761284360000001
9662.5	10.36179121
9662.75	9.28830722
9663.0	10.43678735
9663.25	10.43673998
9663.5	10.4866813
9663.75	9.81257698
9664.0	10.11220681
9664.25	10.38677124
9664.5	9.71274922
9664.75	8.98865868
9665.0	10.13733397
9665.25	9.13838602
9665.5	9.48785493
9665.75	8.41440522
9666.0	9.03851834
9666.25	7.79006705
9666.5	8.28949332
9666.75	8.06482534
9667.0	7.640325989999999
9667.25	6.541641933999999
9667.5	6.691524487000001
9667.75	6.466784803
9668.0	7.265889560000001
9668.25	6.142203028
9668.5	6.267064420999999
9668.75	5.5429664270000005
9669.0	6.042423882
9669.25	5.368180538000001
9669.5	6.042371501
9669.75	5.393165535
9670.0	5.567944563
9670.25	5.443100621
9670.5	4.943724846
9670.75	5.168478231
9671.0	4.893730533
9671.25	5.74272734
9671.5	5.592945147
9671.75	5.617864067
9672.0	4.818913313
9672.25	5.193414599
9672.5	4.54424479
9672.75	5.018705397
9673.0	5.143553706
9673.25	5.0935350779999995
9673.5	5.2434033
9673.75	5.368117576
9674.0	5.493020112
9674.25	5.7177965760000005
9674.5	5.143486998
9674.75	4.694040068
9675.0	5.792714780000001
9675.25	5.967509402
9675.5	5.667796031
9675.75	5.443105612999999
9676.0	6.042297947000001
9676.25	5.592871586999999
9676.5	5.443126803
9676.75	5.692804713999999
9677.0	5.692837759
9677.25	5.368232906999999
9677.5	5.942565555
9677.75	5.218400222
9678.0	5.6428633999999995
9678.25	5.493017009999999
9678.5	5.517983295999999
9678.75	6.0173728010000005
9679.0	4.3195406489999995
9679.25	5.143422785
9679.5	4.743954578
9679.75	4.544277829
9680.0	5.0436336630000005
9680.25	5.093586201000001
9680.5	4.569174303
9680.75	4.419425781
9681.0	4.993721020000001
9681.25	5.26836772
9681.5	4.743974526
9681.75	4.843928862
9682.0	4.7190013760000005
9682.25	4.4693833099999996
9682.5	4.569197371
9682.75	5.3432223400000005
9683.0	4.219639311
9683.25	4.269644843
9683.5	5.0935643850000005
9683.75	4.3445106860000005
9684.0	4.494339004
9684.25	4.394451381
9684.5	5.018648042000001
9684.75	4.793950135
9685.0	4.619143052
9685.25	4.843951926
9685.5	4.918776003
9685.75	4.843880227
9686.0	4.669081876
9686.25	4.119817145
9686.5	5.193456996
9686.75	5.268373336000001
9687.0	4.694071863
9687.25	4.619122479
9687.5	4.8438827269999996
9687.75	4.893791007999999
9688.0	5.343257884
9688.25	4.79401996
9688.5	4.394454497
9688.75	4.3444938539999995
9689.0	4.444399559
9689.25	4.444402675
9689.5	4.294574356999999
9689.75	4.669120527
9690.0	4.019956951
9690.25	4.26956068
9690.5	4.394433926
9690.75	4.694052535
9691.0	4.7190250670000005
9691.25	4.344492607
9691.5	4.244659842
9691.75	5.168510026
9692.0	3.670324706
9692.25	5.068599334
9692.5	4.59417925
9692.75	4.144724217
9693.0	4.0698895429999995
9693.25	4.019942611
9693.5	4.369539947
9693.75	4.594184864
9694.0	4.469395776
9694.25	4.394386547
9694.5	4.319541897
9694.75	4.694119246
9695.0	4.594217277
9695.25	4.494320304
9695.5	4.319563094
9695.75	5.09352573
9696.0	4.26958624
9696.25	4.169711709
9696.5	4.369462642
9696.75	4.094790997
9697.0	3.920076185
9697.25	4.119765402
9697.5	4.694090567
9697.75	4.169758463
9698.0	4.194706679
9698.25	4.494307211
9698.5	4.893885142
9698.75	4.344520661
9699.0	3.9450063209999997
9699.25	4.219658637
9699.5	4.219646168
9699.75	3.7202716339999995
9700.0	4.818935134
