Energy_(eV)	Live_Counts
9550.0	0.0016339617135568362
9550.25	0.0020172022400405144
9550.5	0.001889402795561586
9550.75	0.0017105366734526458
9551.0	0.0018002519383882615
9551.25	0.0015189558619490833
9551.5	0.0018893933990647553
9551.75	0.001940573641356153
9552.0	0.0018767638128385316
9552.25	0.0022083511400236545
9552.5	0.0022849891367561917
9552.75	0.002119231688279065
9553.0	0.0021194146358125706
9553.25	0.002566105507455857
9553.5	0.001991548971136918
9553.75	0.0021318613370762047
9554.0	0.0024258216542039435
9554.25	0.002387368623247113
9554.5	0.002246914404386982
9554.75	0.002413031229179315
9555.0	0.0021316564054323158
9555.25	0.0025915379806613144
9555.5	0.0025408779302133525
9555.75	0.0022596826818928844
9556.0	0.0029874584826090505
9556.25	0.0030901122810304063
9556.5	0.0026301266121014147
9556.75	0.002834409427134194
9557.0	0.003192119706374948
9557.25	0.0034217942588783403
9557.5	0.003319093077208698
9557.75	0.003536320749009549
9558.0	0.0037669599847336265
9558.25	0.0038171659983783864
9558.5	0.003740802208084821
9558.75	0.003843165972211005
9559.0	0.00428956368359889
9559.25	0.003957913591062419
9559.5	0.004404257501804754
9559.75	0.004800313467200281
9560.0	0.004851679804187131
9560.25	0.005145536003310472
9560.5	0.0056943952187324155
9560.75	0.0054645188982947596
9561.0	0.005580215412845628
9561.25	0.00598800874612427
9561.5	0.006945285421613978
9561.75	0.006881450376500051
9562.0	0.007149675708141991
9562.25	0.007992195467052422
9562.5	0.008618717424301668
9562.75	0.008708555530424817
9563.0	0.009485582120115691
9563.25	0.010890990574609153
9563.5	0.010955396111343454
9563.75	0.01110754978218
9564.0	0.012589732062971218
9564.25	0.012948079024553515
9564.5	0.013559603250327424
9564.75	0.014439168042550512
9565.0	0.01529607283438886
9565.25	0.015845177875943844
9565.5	0.01624180121475624
9565.75	0.01757986588503352
9566.0	0.018605032061379697
9566.25	0.019162952378008795
9566.5	0.020237409414054625
9566.75	0.02223141361816682
9567.0	0.02364897300327195
9567.25	0.025639596175004536
9567.5	0.026866854459841702
9567.75	0.029652097332286728
9568.0	0.03341268685401985
9568.25	0.03668657817488164
9568.5	0.03992996958710136
9568.75	0.04659590933689491
9569.0	0.0503727376144138
9569.25	0.055353048221510784
9569.5	0.06013140302646205
9569.75	0.06473811319093134
9570.0	0.07186833094812582
9570.25	0.07629261710632479
9570.5	0.0810551517083787
9570.75	0.08451298125168055
9571.0	0.08690494305992284
9571.25	0.0885861924453381
9571.5	0.09099657885450974
9571.75	0.09515831424261946
9572.0	0.0979998988637694
9572.25	0.1031085446951036
9572.5	0.10860044685078496
9572.75	0.11163851909312807
9573.0	0.11492255165985694
9573.25	0.11660843661934851
9573.5	0.11461614788222535
9573.75	0.10935073243049286
9574.0	0.10781083379553714
9574.25	0.09982128067668265
9574.5	0.0922474753041406
9574.75	0.08506599335051589
9575.0	0.07837891306005351
9575.25	0.07191769128222694
9575.5	0.0646070972941983
9575.75	0.05922364015446588
9576.0	0.05355788579432853
9576.25	0.04811781552393439
9576.5	0.04658292985358872
9576.75	0.04203258026081067
9577.0	0.03834478346756795
9577.25	0.03680877074505987
9577.5	0.035524783382033666
9577.75	0.03366025933615809
9578.0	0.03096596484161657
9578.25	0.02974958033742612
9578.5	0.02834674727598379
9578.75	0.02641608356887539
9579.0	0.023892777371761653
9579.25	0.02330422910881421
9579.5	0.02029054169362651
9579.75	0.019100093961472265
9580.0	0.017876234621878626
9580.25	0.016700728648671132
9580.5	0.015284017233929123
9580.75	0.014593833268590308
9581.0	0.013980874596807968
9581.25	0.013508530158919953
9581.5	0.011772606503515961
9581.75	0.011581117114326208
9582.0	0.01026590943422525
9582.25	0.01043084083077603
9582.5	0.009871067416998258
9582.75	0.008887276884635606
9583.0	0.008209634509613253
9583.25	0.007723686683989375
9583.5	0.007214100104060676
9583.75	0.006741308418572414
9584.0	0.0065877268742592044
9584.25	0.006473212376025058
9584.5	0.006039422249171102
9584.75	0.005873425254405605
9585.0	0.00596248150331955
9585.25	0.0052852367380277175
9585.5	0.00527329755566999
9585.75	0.0042897465871776196
9586.0	0.004341160110909052
9586.25	0.004021704195312461
9586.5	0.003689653555832217
9586.75	0.0037146952690125636
9587.0	0.003855713612773077
9587.25	0.0034982050497550854
9587.5	0.003306501316394047
9587.75	0.003242656797733154
9588.0	0.0030637087299600603
9588.25	0.002783204107350428
9588.5	0.00259186278163278
9588.75	0.002961748514630278
9589.0	0.002259692184915407
9589.25	0.002731573144514381
9589.5	0.002399982379548678
9589.75	0.002310995493339368
9590.0	0.0022213369481635286
9590.25	0.002144657919389247
9590.5	0.0021192664208257678
9590.75	0.0017230654631041746
9591.0	0.0018127931641386454
9591.25	0.001812774300817342
9591.5	0.0018000154803107264
9591.75	0.0018510034230436788
9592.0	0.0018255646436206847
9592.25	0.0014169105930939433
9592.5	0.001570110898503591
9592.75	0.0017617579803640337
9593.0	0.001289369701465546
9593.25	0.0015575191769896812
9593.5	0.001276636117722721
9593.75	0.0012892278294114458
9594.0	0.001097883465126004
9594.25	0.0011742976229385733
9594.5	0.0011872329865093066
9594.75	0.0010849354798121277
9595.0	0.0011106958840862013
9595.25	0.00098285549444085
9595.5	0.0012253864708403725
9595.75	0.001135958138026988
9596.0	0.0011871983677279054
9596.25	0.0010210941196897093
9596.5	0.0008679095588807448
9596.75	0.000931807656861965
9597.0	0.000880740884082791
9597.25	0.0009191308125292871
9597.5	0.0007275121564808964
9597.75	0.0009955355355785148
9598.0	0.0008678338837531935
9598.25	0.000625372263335811
9598.5	0.000727509012421641
9598.75	0.0007657759802270357
9599.0	0.0008041060795012053
9599.25	0.000765880015493033
9599.5	0.0007017864651031562
9599.75	0.0006636739430033086
9600.0	0.0007403750070823594
9600.25	0.0004593721239939432
9600.5	0.00048492127334179633
9600.75	0.0005104357635732774
9601.0	0.0005359092460674191
9601.25	0.0007402898858149361
9601.5	0.0005870107110583259
9601.75	0.0005230842405278996
9602.0	0.0005615025234245763
9602.25	0.0005614520933346557
9602.5	0.0006381121765663477
9602.75	0.0005487342516069386
9603.0	0.0005742140615203322
9603.25	0.0004976832384247826
9603.5	0.000714693444231038
9603.75	0.00048481409556788875
9604.0	0.00045939419032561303
9604.25	0.0005870895411045478
9604.5	0.0005359754590245334
9604.75	0.000497594975166564
9605.0	0.0005743054833170265
9605.25	0.000408283261612924
9605.5	0.000382724654748669
9605.75	0.0004210326220175626
9606.0	0.0005743212506707699
9606.25	0.0004722192243064579
9606.5	0.00047215300152415857
9606.75	0.0003444419025247356
9607.0	0.0004083116755313308
9607.25	0.0006125377883862442
9607.5	0.0004975666083056232
9607.75	0.0003316610358539355
9608.0	0.0005104736050154155
9608.25	0.0002550986879277957
9608.5	0.0003700036736157315
9608.75	0.000574160480131546
9609.0	0.0002933688312847501
9609.25	0.0002295337774315794
9609.5	0.0004976611648535027
9609.75	0.00042105153343056164
9610.0	0.000408283261612924
9610.25	0.0005231756447426837
9610.5	0.0003444671299804561
9610.75	0.00031890852983869626
9611.0	0.0003061402512985634
9611.25	0.00043378513475529704
9611.5	0.00029340034996167165
9611.75	0.0003060992740710098
9612.0	0.00037003520832321827
9612.25	0.0003572543225191629
9612.5	0.0002550356454028025
9612.75	0.00031886753658057725
9613.0	0.0004593563488834747
9613.25	0.00022948648183428673
9613.5	0.0002422673750847984
9613.75	0.0003444923579532915
9614.0	0.000306121340454391
9614.25	0.00031890535888946017
9614.5	0.00019119743652753823
9614.75	0.00024225475334165554
9615.0	0.00040822338590024675
9615.25	0.00026789218714944247
9615.5	0.00025504825002943863
9615.75	0.00039548034257255954
9616.0	0.00039559382604688846
9616.25	0.00033174300633960794
9616.5	0.0005104294361540255
9616.75	0.0003189211355512737
9617.0	0.00030607721084203017
9617.25	0.00015290521778940156
9617.5	0.00038277825242657797
9617.75	0.00024231150309410256
9618.0	0.0002551176080800384
9618.25	0.00017842600208621616
9618.5	0.0003061402562628674
9618.75	0.0001784228502702355
9619.0	0.00030613710599823184
9619.25	0.00031898420600047755
9619.5	0.00021671506874981465
9619.75	0.0002550955345087586
9620.0	0.00020394993794045388
9620.25	0.00012735921844762673
9620.5	0.00022948333022515218
9620.75	0.00017845436889544559
9621.0	0.00022950224112103611
9621.25	0.00031889276563935425
9621.5	0.00019120372930008428
9621.75	0.0003061591611602173
9622.0	0.00016566718566480895
9622.25	0.0003444765905995481
9622.5	0.000331635808398215
9622.75	0.00019123211353608958
9623.0	0.0003954456488094818
9623.25	0.00017848905702196963
9623.5	0.00029336881525418487
9623.75	0.0002550639998012717
9624.0	0.0002295274561659964
9624.25	0.00010184473798961948
9624.5	0.00026778815757171043
9624.75	0.0002549915064823716
9625.0	0.0002934192702173373
9625.25	0.0002549852029021217
9625.5	0.0002806005434882586
9625.75	0.00031891799459470835
9626.0	0.00016568609707780788
9626.25	0.0002039909125824325
9626.5	0.0002933183851642643
9626.75	0.00031888959929244183
9627.0	0.00028061946415761617
9627.25	0.00015288631433997378
9627.5	0.00019122264076479483
9627.75	0.00031890535888946017
9628.0	0.00026785749907462986
9628.25	0.00014015270696499267
9628.5	0.00024229572798363405
9628.75	0.00017842286428405222
9629.0	0.00019117852516625076
9629.25	0.00026787957368013964
9629.5	0.00035714713698853015
9629.75	0.0003061370870718225
9630.0	0.00024516271443168557
9630.25	0.0002632334380468362
9630.5	0.0002593653976110477
9630.75	0.00026582132925061935
9631.0	0.00025936043227273
9631.25	0.0002529066280443059
9631.5	0.0002335303208954257
9631.75	0.00026711227842959054
9632.0	0.0002696894663869146
9632.25	0.00026581694514957193
9632.5	0.00027356269710604973
9632.75	0.00021933253738077498
9633.0	0.0002438639971510472
9633.25	0.00026969465718737625
9633.5	0.0002541937717739249
9633.75	0.00022966379508949884
9634.0	0.00022450419476191343
9634.25	0.0002619376222985142
9634.5	0.00024903629937460194
9634.75	0.0002903453746258906
9635.0	0.00028130725607820157
9635.25	0.0002516107155954771
9635.5	0.0002683986154597952
9635.75	0.00025807148381172925
9636.0	0.0002516161959803439
9636.25	0.00029293365263170047
9636.5	0.00029810021746422895
9636.75	0.00022837774867792934
9637.0	0.00032133895641950875
9637.25	0.0002696945279086239
9637.5	0.0003110088580826353
9637.75	0.00024386667218698942
9638.0	0.0002671097952433166
9638.25	0.00023740300347265117
9638.5	0.00028648384673652706
9638.75	0.0002361177296309053
9639.0	0.0002348285541564155
9639.25	0.000267101832706406
9639.5	0.00022449420099724697
9639.75	0.00024128406796705972
9640.0	0.00024127949046499886
9640.25	0.00030842973508094705
9640.5	0.0002903453746258906
9640.75	0.0002761402082602546
9641.0	0.00025678014886496123
9641.25	0.0002554836882742228
9641.5	0.0002709782545422626
9641.75	0.0002438689288768893
9642.0	0.0002735686615105651
9642.25	0.00028388686309953836
9642.5	0.00025936078804785634
9642.75	0.0002671076352539235
9643.0	0.00028131015761051785
9643.25	0.00031745989057461056
9643.5	0.0003058341704075435
9643.75	0.0002709805112321625
9644.0	0.00028131006091001103
9644.25	0.0002541955780566518
9644.5	0.0003174626623110594
9644.75	0.00036781746442316637
9645.0	0.0003665266134960469
9645.25	0.00036525039795791604
9645.5	0.0003252146046513116
9645.75	0.00029938881170144856
9646.0	0.0003381266623656983
9646.25	0.0003226244872674141
9646.5	0.0003716962075882989
9646.75	0.0003097149448004319
9647.0	0.0003394089374575062
9647.25	0.0003678202040984847
9647.5	0.0004194702417558736
9647.75	0.00039234637688490356
9648.0	0.00043625868976210125
9648.25	0.00041171707488727984
9648.5	0.0003833115146104271
9648.75	0.0004246283589976128
9649.0	0.0004336594494352128
9649.25	0.000425922982795839
9649.5	0.000455615718863441
9649.75	0.000526625299318229
9650.0	0.0005679583914590017
9650.25	0.0005821576259983682
9650.5	0.000660917827047445
9650.75	0.0007060946195376411
9651.0	0.0006983582816599045
9651.25	0.000793898193540015
9651.5	0.0008416813511676958
9651.75	0.0008507086366730584
9652.0	0.0008300564692440586
9652.25	0.0009165579083526985
9652.5	0.0009320566327425266
9652.75	0.0009152665087665544
9653.0	0.0009501279370778327
9653.25	0.0009346281800093312
9653.5	0.0008494276512660832
9653.75	0.0009230252852987673
9654.0	0.0009798419508767156
9654.25	0.00098628727648745
9654.5	0.0011089461530567038
9654.75	0.0010882817987782835
9655.0	0.001132174735873204
9655.25	0.0011141170373509034
9655.5	0.0012341734493811866
9655.75	0.0013026140619388357
9656.0	0.0014511300029538998
9656.25	0.0014162417518870979
9656.5	0.0014614435613672062
9656.75	0.0014459315864223839
9657.0	0.0015363292740734455
9657.25	0.0014652960945581008
9657.5	0.001461424121979783
9657.75	0.001416233724193696
9658.0	0.0013671788969859297
9658.25	0.0011722133665898636
9658.5	0.0011218515699801433
9658.75	0.0010714961561209804
9659.0	0.0009578755594392986
9659.25	0.0009165629047179168
9659.5	0.0006751115481065838
9659.75	0.0006350906477122423
9660.0	0.0006066812509591369
9660.25	0.0005602078370554341
9660.5	0.0005111360200340427
9660.75	0.0005033858203713713
9661.0	0.0004194699516543535
9661.25	0.00038072887729513676
9661.5	0.0003962195755429082
9661.75	0.0003523295068849433
9662.0	0.00035748211116357027
9662.25	0.00038460565387188946
9662.5	0.0003213325410907054
9662.75	0.00032521776267267234
9663.0	0.0003187613480476821
9663.25	0.0002658160433009961
9663.5	0.0003497443548393636
9663.75	0.0003407118464724086
9664.0	0.0003342449209677428
9664.25	0.00031875660868862344
9664.5	0.00028388876556565703
9664.75	0.00027743870007874896
9665.0	0.00028389031329087926
9665.25	0.00027614791379100567
9665.5	0.00028259591547191227
9665.75	0.00023353979857931306
9666.0	0.00022965915398229193
9666.25	0.00018963457896869557
9666.5	0.00019480259379170967
9666.75	0.00015864634879830697
9667.0	0.00020383893760068735
9667.25	0.00016898257132823348
9667.5	0.0001276609234597279
9667.75	0.0001134629144829333
9668.0	0.00010442189492004303
9668.25	0.00015090098364385596
9668.5	0.00014574048043346457
9668.75	8.892629752467503e-05
9669.0	0.00011475476551048029
9669.25	9.151012730717645e-05
9669.5	9.151051410920323e-05
9669.75	8.892829565707029e-05
9670.0	8.634723823155584e-05
9670.25	7.342805612026534e-05
9670.5	6.827074361290325e-05
9670.75	8.763712308441525e-05
9671.0	7.730928112717264e-05
9671.25	6.310353486876546e-05
9671.5	4.374031641788126e-05
9671.75	7.730802433085444e-05
9672.0	6.697473503239431e-05
9672.25	6.43945802311283e-05
9672.5	8.505651699688076e-05
9672.75	4.1153939792248455e-05
9673.0	7.601685020685438e-05
9673.25	9.151122322901527e-05
9673.5	4.631744092519381e-05
9673.75	4.632053570338892e-05
9674.0	9.537990886920067e-05
9674.25	8.247513621935108e-05
9674.5	7.343266620057169e-05
9674.75	6.310363187954116e-05
9675.0	7.601472289912985e-05
9675.25	4.760958148543453e-05
9675.5	7.472219589884284e-05
9675.75	9.66750471968608e-05
9676.0	7.601794700778878e-05
9676.25	5.535817095539049e-05
9676.5	6.310485661472876e-05
9676.75	8.50527761869047e-05
9677.0	5.664479839738428e-05
9677.25	6.826935764125582e-05
9677.5	8.24720092766024e-05
9677.75	5.1482715142082474e-05
9678.0	9.53868718227986e-05
9678.25	9.022075894878819e-05
9678.5	5.148597146700649e-05
9678.75	4.7609452620374196e-05
9679.0	7.472380722921129e-05
9679.25	8.376521359412834e-05
9679.5	7.343608329655208e-05
9679.75	9.667311266961164e-05
9680.0	5.923178795943751e-05
9680.25	7.98881795458125e-05
9680.5	6.052660427958141e-05
9680.75	3.9865603181726434e-05
9681.0	7.989137112793733e-05
9681.25	4.244649983618457e-05
9681.5	3.986550658464273e-05
9681.75	2.3081893965730938e-05
9682.0	2.6955479529185374e-05
9682.25	5.406822239396197e-05
9682.5	6.956401298349737e-05
9682.75	3.0826066342701893e-05
9683.0	3.211691721810982e-05
9683.25	-5.323859815558199e-06
9683.5	-1.049019778973217e-05
9683.75	4.8903366057712174e-05
9684.0	1.533114512691984e-05
9684.25	4.6319761789066285e-05
9684.5	8.879275322321918e-06
9684.75	3.082632427966848e-05
9685.0	2.8242558309159177e-05
9685.25	3.340702706770958e-05
9685.5	-1.44892054843283e-06
9685.75	2.9540373224106566e-05
9686.0	3.713258941972142e-06
9686.25	1.4038489261572596e-05
9686.5	1.2751571252655067e-05
9686.75	-1.6377541661268982e-07
9687.0	6.296799036645455e-06
9687.25	3.72774208421932e-05
9687.5	1.4040810228868043e-05
9687.75	1.016864342215261e-05
9688.0	-1.1784208444691865e-05
9688.25	7.5828146798719315e-06
9688.5	3.727948371738764e-05
9688.75	-5.325116870433877e-06
9689.0	3.727906475080725e-05
9689.25	-1.455174640776297e-06
9689.5	1.4046870816775066e-05
9689.75	-1.628082564111424e-07
9690.0	1.0165065089712456e-05
9690.25	-2.8570270637401954e-05
9690.5	-1.4552071673103528e-06
9690.75	2.4184747863818133e-06
9691.0	2.1786207444449603e-05
9691.25	1.533085523224571e-05
9691.5	-2.4693783955323275e-05
9691.75	-1.8238754474596555e-05
9692.0	3.212294584830921e-05
9692.25	1.6624736711876137e-05
9692.5	7.5866504321636666e-06
9692.75	-1.0490133512336498e-05
9693.0	-1.4526922301749604e-06
9693.25	2.5661275421500785e-05
9693.5	1.533356315670254e-05
9693.75	1.6623157339215285e-05
9694.0	1.145878528117151e-05
9694.25	-2.4692494529048012e-05
9694.5	-4.037618244784234e-06
9694.75	-4.035200680404988e-06
9695.0	1.14610092376913e-05
9695.25	-4.033878831018679e-06
9695.5	-5.051667495917807e-05
9695.75	2.6952512892089472e-05
9696.0	-1.8235240522974988e-05
9696.25	2.4182171079727537e-06
9696.5	1.1462976188051553e-05
9696.75	-3.631302436105682e-05
9697.0	-1.5651958520402776e-05
9697.25	5.003240081646224e-06
9697.5	1.4042840939508916e-05
9697.75	-3.502339816912507e-05
9698.0	-7.910881231895966e-06
9698.25	8.88024217225448e-06
9698.5	-2.0821262873115077e-05
9698.75	1.1317827567233245e-06
9699.0	3.710777151908822e-06
9699.25	-1.5655794996655538e-05
9699.5	-2.7276195549912117e-05
9699.75	-3.3729484473229575e-05
9700.0	-1.4365330509582433e-05
