Energy_(eV)	Live_Counts
9550.0	20.492669080000002
9550.25	26.41816891
9550.5	25.926902730000002
9550.75	27.16061648
9551.0	29.13623001
9551.25	29.382716060000003
9551.5	32.098522540000005
9551.75	33.08294553
9552.0	34.07212452
9552.25	31.604938289999996
9552.5	30.86511226
9552.75	34.81213364
9553.0	31.10989284
9553.25	34.320622619999995
9553.5	35.0650214
9553.75	34.077550020000004
9554.0	34.81359579
9554.25	35.3069963
9554.5	39.01051715
9554.75	42.21978418
9555.0	40.00170749
9555.25	41.97293266
9555.5	39.51031958
9555.75	37.03703704
9556.0	44.447005690000005
9556.25	44.1979598
9556.5	42.22496726
9556.75	47.89556837
9557.0	43.70839924
9557.25	51.35534424
9557.5	42.46907702
9557.75	51.60475647
9558.0	48.39292952
9558.25	54.318366639999994
9558.5	54.817376100000004
9558.75	63.21006113
9559.0	67.89727289999999
9559.25	57.52568334
9559.5	67.9039178
9559.75	70.6213731
9560.0	75.8055811
9560.25	78.75391239999999
9560.5	81.96317919999998
9560.75	77.2839506
9561.0	91.3538801
9561.25	93.0857511
9561.5	100.992289
9561.75	94.3064863
9562.0	104.2028971
9562.25	117.7777778
9562.5	121.480875
9562.75	123.7091919
9563.0	136.2825822
9563.25	152.8781115
9563.5	159.99994279999999
9563.75	156.7808622
9564.0	172.58375889999996
9564.25	194.330074
9564.5	196.296057
9564.75	204.9481506
9565.0	200.4938273
9565.25	215.53355220000003
9565.5	233.82594680000003
9565.75	239.99999999999997
9566.0	247.1963508
9566.25	253.33029749999997
9566.5	300.9553502
9566.75	309.1068044
9567.0	320.7407406
9567.25	338.5681574
9567.5	403.7432197
9567.75	401.7479701
9568.0	435.10520809999997
9568.25	508.6681963
9568.5	576.048361
9568.75	587.375237
9569.0	688.956595
9569.25	758.555046
9569.5	833.170717
9569.75	897.820831
9570.0	963.79693
9570.25	1027.505404
9570.5	1128.395062
9570.75	1137.150157
9571.0	1173.807645
9571.25	1248.456408
9571.5	1283.0305620000001
9571.75	1330.319516
9572.0	1384.717763
9572.25	1431.895795
9572.5	1480.0455530000002
9572.75	1590.022228
9573.0	1575.694996
9573.25	1579.233502
9573.5	1586.488112
9573.75	1521.610274
9574.0	1482.616871
9574.25	1381.868469
9574.5	1299.943227
9574.75	1197.398778
9575.0	1107.322765
9575.25	1020.0039889999998
9575.5	930.909811
9575.75	808.264257
9576.0	740.076245
9576.25	703.31649
9576.5	655.061729
9576.75	593.579225
9577.0	574.624615
9577.25	514.2921838999999
9577.5	499.6037434
9577.75	479.77589340000003
9578.0	441.7059039
9578.25	419.55129910000005
9578.5	397.77888470000005
9578.75	370.5988246
9579.0	332.62741279999995
9579.25	303.9667774
9579.5	299.7829673
9579.75	268.1481482
9580.0	260.24704180000003
9580.25	252.3714132
9580.5	220.97643929999998
9580.75	206.61511210000003
9581.0	201.9650078
9581.25	167.67255429999997
9581.5	171.8606941
9581.75	173.10306759999997
9582.0	157.51513870000002
9582.25	149.6370693
9582.5	139.7326713
9582.75	130.363852
9583.0	118.7637889
9583.25	122.9572945
9583.5	109.38174360000001
9583.75	104.2030192
9584.0	94.54888710000002
9584.25	90.3697629
9584.5	81.4814815
9584.75	83.4575844
9585.0	72.0951692
9585.25	70.1234568
9585.5	67.90123460000001
9585.75	66.4203646
9586.0	58.52217745
9586.25	63.2129257
9586.5	57.77180455
9586.75	59.753086350000004
9587.0	52.59966637
9587.25	50.86645535
9587.5	50.13034764
9587.75	45.43880837
9588.0	45.67901243
9588.25	45.68382984
9588.5	39.25925927
9588.75	40.246670710000004
9589.0	40.497059879999995
9589.25	38.02267998
9589.5	35.30462067
9589.75	32.09876545
9590.0	31.85544977
9590.25	30.86090617
9590.5	39.00801813
9590.75	26.90998613
9591.0	28.887121299999997
9591.25	26.911995509999997
9591.5	30.61728397
9591.75	26.671485
9592.0	26.418655960000002
9592.25	26.909619009999997
9592.5	28.640513289999998
9592.75	24.939491670000002
9593.0	21.97025043
9593.25	21.48117775
9593.5	23.45782679
9593.75	19.507880299999997
9594.0	18.76262834
9594.25	19.50592944
9594.5	20.74104608
9594.75	20.24691357
9595.0	22.22142986
9595.25	19.50702657
9595.5	20.245877399999998
9595.75	18.2714836
9596.0	19.753879159999997
9596.25	13.82557576
9596.5	16.05023675
9596.75	16.543209859999997
9597.0	17.53104758
9597.25	14.56753578
9597.5	14.812376769999998
9597.75	15.30864196
9598.0	15.30931276
9598.25	15.307789171
9598.5	13.827160719999998
9598.75	15.3082765
9599.0	14.32019528
9599.25	14.813961489999999
9599.5	11.110745515999998
9599.75	14.32056098
9600.0	12.097912899999999
9600.25	12.34464298
9600.5	14.07358645
9600.75	13.57933263
9601.0	11.60554844
9601.25	12.83950616
9601.5	13.580003340000001
9601.75	12.838409040999998
9602.0	10.86334441
9602.25	11.85118156
9602.5	12.59180022
9602.75	12.839201650000001
9603.0	12.09931456
9603.25	10.865417149999999
9603.5	10.123883651
9603.75	13.580613060000001
9604.0	9.13629031
9604.25	11.11086748
9604.5	12.59198338
9604.75	13.33351657
9605.0	10.369882749999999
9605.25	14.31995223
9605.5	9.876543200999999
9605.75	8.88797461
9606.0	13.825880900000001
9606.25	12.09809496
9606.5	8.147721481
9606.75	13.57963739
9607.0	11.85185184
9607.25	6.9132145309999995
9607.5	9.630117567
9607.75	8.147782431
9608.0	10.121872237000002
9608.25	12.09742474
9608.5	6.913580602
9608.75	6.665996318
9609.0	7.160615996
9609.25	8.394208401
9609.5	10.12431067
9609.75	9.38143652
9610.0	9.13653424
9610.25	9.87709203
9610.5	9.87654347
9610.75	10.61801608
9611.0	11.604389699999999
9611.25	10.37098048
9611.5	11.111781899999999
9611.75	10.862247441
9612.0	6.913092628999999
9612.25	9.135314850999999
9612.5	8.88700029
9612.75	8.642646100999999
9613.0	7.160493821
9613.25	8.148635989999999
9613.5	8.88919379
9613.75	5.926108868
9614.0	8.88840127
9614.25	8.39506187
9614.5	8.394757333000001
9614.75	7.900868850999999
9615.0	9.629385816
9615.25	10.865905
9615.5	10.123030120000001
9615.75	7.902271251
9616.0	6.913031682
9616.25	11.1117819
9616.5	10.3700656
9616.75	8.641426736
9617.0	9.63139836
9617.25	9.135741721
9617.5	8.149062957
9617.75	6.666971572
9618.0	5.925438313
9618.25	9.135132001
9618.5	6.912544068000001
9618.75	8.641304841
9619.0	9.629081061
9619.25	8.148575347000001
9619.5	6.914068095
9619.75	7.406980742
9620.0	6.666849781
9620.25	7.40710264
9620.5	7.160859889999999
9620.75	7.160250199000001
9621.0	7.654748003
9621.25	8.890169670999999
9621.5	8.888888881
9621.75	4.690931608
9622.0	7.4074686540000005
9622.25	8.14729482
9622.5	7.1601890610000005
9622.75	6.173022446
9623.0	8.394269604
9623.25	9.62902038
9623.5	6.912848821000001
9623.75	7.407102641
9624.0	7.654564907
9624.25	8.148148142
9624.5	8.394635060999999
9624.75	7.40771231
9625.0	7.900686
9625.25	9.38125321
9625.5	7.160554981
9625.75	7.900259341999999
9626.0	7.900929801
9626.25	5.9261089590000005
9626.5	7.90074695
9626.75	9.135619819999999
9627.0	8.395732729999999
9627.25	8.64179269
9627.5	6.174059129000001
9627.75	5.678707586
9628.0	7.161225688000001
9628.25	7.406797889
9628.5	7.407956233
9628.75	9.382838281
9629.0	7.89867515
9629.25	10.123579069999998
9629.5	8.394939936
9629.75	10.122908220000001
9630.0	7.3407192299999995
9630.25	8.164621949999999
9630.5	7.490487079999999
9630.75	7.64033472
9631.0	7.24080794
9631.25	8.63908068
9631.5	7.865165430000001
9631.75	7.56543334
9632.0	7.74016563
9632.25	7.440545139999999
9632.5	7.740209259999999
9632.75	8.23961185
9633.0	8.014870929999999
9633.25	7.66526674
9633.5	7.340640690000001
9633.75	7.98981797
9634.0	6.991253449999999
9634.25	7.46552141
9634.5	8.28950205
9634.75	7.74020552
9635.0	7.61537279
9635.25	7.84023654
9635.5	8.26462428
9635.75	7.71523486
9636.0	7.665261129999999
9636.25	8.18955956
9636.5	7.36566496
9636.75	7.31578037
9637.0	8.18969672
9637.25	7.86509872
9637.5	8.18963873
9637.75	8.43929296
9638.0	7.88993535
9638.25	7.2158996
9638.5	7.46563612
9638.75	7.9149459
9639.0	7.29081346
9639.25	8.189599439999999
9639.5	7.615440120000001
9639.75	8.23962432
9640.0	8.18960132
9640.25	7.9649134
9640.5	8.31452693
9640.75	8.1647167
9641.0	7.16601128
9641.25	6.81631482
9641.5	7.79009821
9641.75	7.54037541
9642.0	7.365833289999999
9642.25	7.989892789999999
9642.5	8.18956642
9642.75	8.06479667
9643.0	8.01483352
9643.25	8.76387225
9643.5	8.039837219999999
9643.75	7.715288470000001
9644.0	8.11472925
9644.25	8.98871604
9644.5	8.28947211
9644.75	8.76391214
9645.0	7.840156739999999
9645.25	9.33825479
9645.5	9.06367042
9645.75	9.16336165
9646.0	10.86130913
9646.25	10.28704319
9646.5	9.36324475
9646.75	9.81249595
9647.0	10.21219356
9647.25	10.137274099999999
9647.5	9.13845708
9647.75	9.512970209999999
9648.0	10.03730855
9648.25	10.23710562
9648.5	10.73654
9648.75	9.71255283
9649.0	9.787684259999999
9649.25	9.68770498
9649.5	10.312014480000002
9649.75	9.98732857
9650.0	9.98736223
9650.25	11.0360863
9650.5	11.18575627
9650.75	12.68382377
9651.0	12.18472291
9651.25	13.033631190000001
9651.5	13.65758657
9651.75	13.183589180000002
9652.0	14.007278679999999
9652.25	13.85761806
9652.5	14.25710932
9652.75	13.258234949999999
9653.0	13.957265660000001
9653.25	13.358032810000001
9653.5	15.255632720000001
9653.75	13.40819045
9654.0	15.40551339
9654.25	15.430510869999999
9654.5	16.70360926
9654.75	16.30438544
9655.0	18.75146954
9655.25	19.200806110000002
9655.5	20.72399202
9655.75	21.922497009999997
9656.0	24.56892057
9656.25	26.84157165
9656.5	28.41420574
9656.75	28.988442370000005
9657.0	29.537641639999997
9657.25	29.562319910000003
9657.5	27.864883640000002
9657.75	26.866123979999998
9658.0	25.94230932
9658.25	22.67143599
9658.5	22.1469898
9658.75	20.64877706
9659.0	18.97618114
9659.25	16.32925572
9659.5	15.70513076
9659.75	13.55791527
9660.0	12.858526729999998
9660.25	12.10974858
9660.5	10.93616811
9660.75	10.48683215
9661.0	11.03593418
9661.25	9.762595150000001
9661.5	10.411936410000001
9661.75	8.7888741
9662.0	9.48819345
9662.25	9.11351509
9662.5	8.93878719
9662.75	8.18971604
9663.0	8.86387709
9663.25	8.11473424
9663.5	7.940001969999999
9663.75	8.83886591
9664.0	8.239491520000001
9664.25	7.865129250000001
9664.5	8.51439758
9664.75	7.8151174999999995
9665.0	8.06484779
9665.25	8.614015870000001
9665.5	7.76513753
9665.75	7.21582979
9666.0	7.29070435
9666.25	7.36561571
9666.5	6.8664169699999995
9666.75	7.14100695
9667.0	6.891249859999999
9667.25	6.94116001
9667.5	6.34197017
9667.75	7.06600147
9668.0	7.0160857
9668.25	6.91621739
9668.5	6.991179260000001
9668.75	6.01739398
9669.0	6.317046899999999
9669.25	5.293416943
9669.5	5.393257801999999
9669.75	5.343161868
9670.0	5.867535126000001
9670.25	4.9687248020000006
9670.5	5.642833476000001
9670.75	5.268365849999999
9671.0	5.542992599
9671.25	5.86754447
9671.5	5.517958371000001
9671.75	5.4930357149999995
9672.0	5.368155593
9672.25	4.86888767
9672.5	5.517993271
9672.75	5.168407163
9673.0	5.6927654400000005
9673.25	5.243424494999999
9673.5	5.318265404999999
9673.75	5.892543193000001
9674.0	5.642807303
9674.25	5.767702990999999
9674.5	6.1672061
9674.75	6.19217364
9675.0	5.368185529000001
9675.25	5.617827282
9675.5	5.692800360000001
9675.75	5.393186109
9676.0	4.793910866
9676.25	5.318320890000001
9676.5	5.492966516000001
9676.75	5.043639893
9677.0	5.0186623820000005
9677.25	5.767756598
9677.5	6.11720057
9677.75	5.59296074
9678.0	5.468019544
9678.25	5.218422036
9678.5	5.567962014000001
9678.75	5.567922114
9679.0	5.043695382
9679.25	5.343172479000001
9679.5	4.669118661
9679.75	5.293297247
9680.0	5.2933041020000005
9680.25	5.068512049999999
9680.5	5.068568164999999
9680.75	4.444376491
9681.0	4.219723474
9681.25	4.943714864
9681.5	4.9937596740000005
9681.75	4.419409572
9682.0	5.193394649
9682.25	4.993630625
9682.5	4.968737266000001
9682.75	4.419407703
9683.0	5.068538245
9683.25	4.419413317999999
9683.5	4.569245367000001
9683.75	4.69404007
9684.0	4.344500715
9684.25	4.768936462
9684.5	4.294536948999999
9684.75	4.444400182
9685.0	4.294583701
9685.25	4.469326575
9685.5	4.7938853
9685.75	4.91877725
9686.0	3.9450081910000003
9686.25	4.019920793
9686.5	4.494322797
9686.75	4.044899558
9687.0	4.918706797
9687.25	4.569237893
9687.5	4.3695206220000005
9687.75	5.393173644000001
9688.0	4.0198840129999995
9688.25	4.7689670060000005
9688.5	3.8451604660000003
9688.75	4.444400805
9689.0	4.494322176
9689.25	4.594139351
9689.5	4.719022574999999
9689.75	4.294538821
9690.0	4.4194064520000005
9690.25	4.069875826
9690.5	4.219619985
9690.75	4.169729788000001
9691.0	4.594164907000001
9691.25	4.169717317
9691.5	3.9699869559999996
9691.75	4.344485751000001
9692.0	4.194670522000001
9692.25	4.3694314720000005
9692.5	4.094804094
9692.75	4.319513843
9693.0	4.119771012999999
9693.25	3.545566793
9693.5	4.294524481
9693.75	3.2459076590000002
9694.0	3.9949445219999995
9694.25	4.119809042
9694.5	4.5692435080000005
9694.75	3.8451056039999996
9695.0	4.069890164
9695.25	3.7452772050000003
9695.5	4.094816563
9695.75	4.044864646
9696.0	3.920041897
9696.25	4.044881478
9696.5	4.144691175
9696.75	4.3944838
9697.0	4.0199993439999995
9697.25	4.06984902
9697.5	3.720272257
9697.75	3.994965095
9698.0	4.444333477
9698.25	4.269643594
9698.5	4.344498217
9698.75	4.194621897
9699.0	4.544229831
9699.25	3.895105522
9699.5	3.69530721
9699.75	4.294569992
9700.0	3.570483837
