Energy_(eV)	Live_Counts
9550.0	0.0020184961926968136
9550.25	0.0015935496258132741
9550.5	0.0022309694804411675
9550.75	0.0019122595509759286
9551.0	0.0020184961926968136
9551.25	0.0019122595509759286
9551.5	0.0023372061221620523
9551.75	0.0020184961926968136
9552.0	0.0013807354228261557
9552.25	0.002868389330766477
9552.5	0.0026559160473247074
9552.75	0.0022298683072118314
9553.0	0.0026559160473247074
9553.25	0.0021252575904693585
9553.5	0.002868389330766477
9553.75	0.0019122595509759286
9554.0	0.0019117875058807792
9554.25	0.0013807354228261557
9554.5	0.0019122595509759286
9554.75	0.003080862614208247
9555.0	0.002442839593237987
9555.25	0.0026565719891623444
9555.5	0.0022309694804411675
9555.75	0.0024434427638829375
9556.0	0.0023372061221620523
9556.25	0.003930755747975326
9556.5	0.002762152689045592
9556.75	0.0033995725393709017
9557.0	0.003930755747975326
9557.25	0.0026565719891623444
9557.5	0.002549050010709428
9557.75	0.0035049437636498174
9558.0	0.00435570231916145
9558.25	0.004143229031417096
9558.5	0.004568175619813556
9558.75	0.003505809181091787
9559.0	0.0035049437636498174
9559.25	0.004674412227113769
9559.5	0.005205595435718194
9559.75	0.004143229031417096
9560.0	0.0032941492667334102
9560.25	0.005205595435718194
9560.5	0.005313143986929857
9560.75	0.004888092445602031
9561.0	0.0062695098796222435
9561.25	0.005099358828417981
9561.5	0.005311832086044247
9561.75	0.006055488595300777
9562.0	0.007224091662835679
9562.25	0.007011618362183574
9562.5	0.0073303282701358925
9562.75	0.008819818998511676
9563.0	0.006907087170101062
9563.25	0.009339600187428644
9563.5	0.009027885463559608
9563.75	0.00839476750020969
9564.0	0.011154847380692917
9564.25	0.009983779190684494
9564.5	0.010626287973859713
9564.75	0.013913564632825245
9565.0	0.013173343607810403
9565.25	0.012748397006506193
9565.5	0.012326494010093494
9565.75	0.014235710025019253
9566.0	0.01636044285943695
9566.25	0.015081879212103352
9566.5	0.018697648951480916
9566.75	0.019450910850426526
9567.0	0.020078725319667923
9567.25	0.020508735761152194
9567.5	0.019658632721522382
9567.75	0.023797007779898897
9568.0	0.027947137325643655
9568.25	0.026559160473247072
9568.5	0.03112733605003479
9568.75	0.03686411469435741
9569.0	0.04164476361482307
9569.25	0.042707130032031915
9569.5	0.04772381935579593
9569.75	0.053118320860442464
9570.0	0.056106800615567505
9570.25	0.05641165676239506
9570.5	0.06535167076817444
9570.75	0.0718337067411544
9571.0	0.07487834382256911
9571.25	0.0843727264143472
9571.5	0.0805273745793238
9571.75	0.08279923229422763
9572.0	0.09276749374245354
9572.25	0.09489275166422186
9572.5	0.0961441608004267
9572.75	0.09542406571440554
9573.0	0.09752523734071707
9573.25	0.11462933649428136
9573.5	0.11412633258626137
9573.75	0.11186718384395901
9574.0	0.11540148725327071
9574.25	0.11696654271540284
9574.5	0.10634287854331434
9574.75	0.10411190914462227
9575.0	0.09763147373288808
9575.25	0.09234244233020322
9575.5	0.08320383481552966
9575.75	0.07436564920461945
9576.0	0.061070989938514265
9576.25	0.06099489271696281
9576.5	0.05631932632169265
9576.75	0.052374664394211776
9577.0	0.04685035909356711
9577.25	0.04695659548573811
9577.5	0.03921100254695634
9577.75	0.0377046980517713
9578.0	0.03664259387705688
9578.25	0.030489916191104312
9578.5	0.03260659803035244
9578.75	0.031552282608313165
9579.0	0.02699077143295127
9579.25	0.026771633730873337
9579.5	0.024540664246129586
9579.75	0.0228408780130161
9580.0	0.024759250959301246
9580.25	0.017949560479529687
9580.5	0.020503671877946297
9580.75	0.019016358902459073
9581.0	0.015825352130100858
9581.25	0.015612931320973479
9581.5	0.014341946632319465
9581.75	0.014448183282645518
9582.0	0.012323450448227819
9582.25	0.010092480963484068
9582.5	0.011683145878832726
9582.75	0.011473557331671077
9583.0	0.008817641288648953
9583.25	0.012004740540275501
9583.5	0.0087135561454491
9583.75	0.008392694687344743
9584.0	0.00860304375925317
9584.25	0.007119612919252055
9584.5	0.006267961852927043
9584.75	0.007117855012509626
9585.0	0.006692908454231254
9585.25	0.0061617252456268295
9585.5	0.006055488595300777
9585.75	0.0061617252456268295
9586.0	0.0054167312781357654
9586.25	0.004675566696451038
9586.5	0.003717364594290117
9586.75	0.005099358828417981
9587.0	0.003505809181091787
9587.25	0.0038245191062544416
9587.5	0.003929785429233
9587.75	0.00435570231916145
9588.0	0.004673258360138258
9588.25	0.004461938969487504
9588.5	0.003080862614208247
9588.75	0.0026559160473247074
9589.0	0.0026559160473247074
9589.25	0.002124732834417699
9589.5	0.0022304187582951034
9589.75	0.0026559160473247074
9590.0	0.0035066750244895713
9590.25	0.002868389330766477
9590.5	0.002336629175766545
9590.75	0.0015935496258132741
9591.0	0.002868389330766477
9591.25	0.002974625972487362
9591.5	0.0021252575904693585
9591.75	0.002549050010709428
9592.0	0.0024440462314061833
9592.25	0.0018060229092550437
9592.5	0.002124208340823662
9592.75	0.0018060229092550437
9593.0	0.0019122595509759286
9593.25	0.002762152689045592
9593.5	0.001381076342371504
9593.75	0.0019122595509759286
9594.0	0.0013807354228261557
9594.25	0.0010623664172088494
9594.5	0.001487312984092389
9594.75	0.0018060229092550437
9595.0	0.0018060229092550437
9595.25	0.0018055770884093376
9595.5	0.0015935496258132741
9595.75	0.001699366670937896
9596.0	0.002231520469347439
9596.25	0.0019122595509759286
9596.5	0.0019122595509759286
9596.75	0.001593943191776373
9597.0	0.001487312984092389
9597.25	0.0011686030589297342
9597.5	0.0010626287973859712
9597.75	0.0005311832086044247
9598.0	0.0012748397006506192
9598.25	0.001381076342371504
9598.5	0.001593943191776373
9598.75	0.0008498931337670794
9599.0	0.0007436564920461945
9599.25	0.000956365914205307
9599.5	0.0015935496258132741
9599.75	0.0021252575904693585
9600.0	0.0012748397006506192
9600.25	0.0007438401564491463
9600.5	0.001487312984092389
9600.75	0.0005311832086044247
9601.0	0.0011683145878832726
9601.25	0.0015935496258132741
9601.5	0.0012748397006506192
9601.75	0.001275154555142132
9602.0	0.0011683145878832726
9602.25	0.0009561297754879643
9602.5	0.0013814174340202124
9602.75	0.0010623664172088494
9603.0	0.0005310520830546236
9603.25	0.0008498931337670794
9603.5	0.0018060229092550437
9603.75	0.0009561297754879643
9604.0	0.0008501030353272267
9604.25	0.001699366670937896
9604.5	0.0010623664172088494
9604.75	0.0005310520830546236
9605.0	0.0010623664172088494
9605.25	0.0005311832086044247
9605.5	0.0009561297754879643
9605.75	0.0006374198503253096
9606.0	0.0005311832086044247
9606.25	0.000637262500526065
9606.5	0.00042484166816473244
9606.75	0.0005311832086044247
9607.0	0.0008498931337670794
9607.25	0.0007436564920461945
9607.5	0.0011686030589297342
9607.75	0.0008498931337670794
9608.0	0.0008498931337670794
9608.25	0.00031870992559291316
9608.5	0.0010623664172088494
9608.75	0.0007436564920461945
9609.0	0.0007436564920461945
9609.25	0.0010626287973859712
9609.5	0.0005311832086044247
9609.75	0.0010623664172088494
9610.0	0.0010626287973859712
9610.25	0.0010623664172088494
9610.5	0.0008498931337670794
9610.75	0.0008498931337670794
9611.0	0.0007436564920461945
9611.25	0.0004249465673137981
9611.5	0.0007438401564491463
9611.75	0.0007436564920461945
9612.0	0.0004250515180938717
9612.25	0.0005311832086044247
9612.5	0.0005311832086044247
9612.75	0.0005311832086044247
9613.0	0.00031870992559291316
9613.25	0.0008498931337670794
9613.5	0.00021242083408236622
9613.75	0.0009558937529403896
9614.0	0.0009561297754879643
9614.25	0.001487312984092389
9614.5	0.0004249465673137981
9614.75	0.0013814174340202124
9615.0	0.0004250515180938717
9615.25	0.0007436564920461945
9615.5	0.0012748397006506192
9615.75	0.0005310520830546236
9616.0	0.0007434729179975066
9616.25	0.00031870992559291316
9616.5	0.0006374198503253096
9616.75	0.0007436564920461945
9617.0	0.0005311832086044247
9617.25	0.0008498931337670794
9617.5	0.0004249465673137981
9617.75	0.0008498931337670794
9618.0	0.0007436564920461945
9618.25	0.0009561297754879643
9618.5	0.0004249465673137981
9618.75	0.0004249465673137981
9619.0	0.0006374198503253096
9619.25	0.0007436564920461945
9619.5	0.0005311832086044247
9619.75	0.0008501030353272267
9620.0	0.0007436564920461945
9620.25	0.0005310520830546236
9620.5	0.0005311832086044247
9620.75	0.0006374198503253096
9621.0	0.0004249465673137981
9621.25	0.0008498931337670794
9621.5	0.0005313143986929856
9621.75	0.0009558937529403896
9622.0	0.0008498931337670794
9622.25	0.0004249465673137981
9622.5	0.000637262500526065
9622.75	0.00031870992559291316
9623.0	0.00031870992559291316
9623.25	0.0006374198503253096
9623.5	0.0005311832086044247
9623.75	0.00031870992559291316
9624.0	0.00042484166816473244
9624.25	0.0010623664172088494
9624.5	0.0005313143986929856
9624.75	0.0011683145878832726
9625.0	0.0007436564920461945
9625.25	0.0005311832086044247
9625.5	0.0006374198503253096
9625.75	0.00031870992559291316
9626.0	0.0007436564920461945
9626.25	0.0006374198503253096
9626.5	0.0004250515180938717
9626.75	0.0007434729179975066
9627.0	0.0006374198503253096
9627.25	0.0005311832086044247
9627.5	0.000637262500526065
9627.75	0.0004249465673137981
9628.0	0.00031870992559291316
9628.25	0.000637262500526065
9628.5	0.0005311832086044247
9628.75	0.0005314456533203066
9629.0	0.0007436564920461945
9629.25	0.001274525005354714
9629.5	0.0007436564920461945
9629.75	0.0007438401564491463
9630.0	0.0005264085278842688
9630.25	0.0006338388397851926
9630.5	0.0006767940657166674
9630.75	0.000590851964045858
9631.0	0.000773517560846718
9631.25	0.0005478809132104534
9631.5	0.0007520121833064674
9631.75	0.0006445818714055434
9632.0	0.0005478945911249703
9632.25	0.0006123374894635604
9632.5	0.0006445657797414059
9632.75	0.0006875539978869466
9633.0	0.0005263953834901671
9633.25	0.0005801236859860227
9633.5	0.0006445496837746843
9633.75	0.0006660513051591082
9634.0	0.0006445657797414059
9634.25	0.0006016097449241403
9634.5	0.0005586236737680126
9634.75	0.0003974822296931779
9635.0	0.0005264085278842688
9635.25	0.0006123374894635604
9635.5	0.0005049098580724648
9635.75	0.0006553249030258943
9636.0	0.0007519934068299175
9636.25	0.0005908667176063735
9636.5	0.0007305443630219004
9636.75	0.0005478809132104534
9637.0	0.0007305078814122152
9637.25	0.0005478809132104534
9637.5	0.0006230802500211195
9637.75	0.00048343640570544955
9638.0	0.0006875539978869466
9638.25	0.000515665496263918
9638.5	0.0007519934068299175
9638.75	0.0005049224646435671
9639.0	0.0006123527765444911
9639.25	0.0006982970295072974
9639.5	0.0006660513051591082
9639.75	0.0006445818714055434
9640.0	0.0004726933740850988
9640.25	0.0006553249030258943
9640.5	0.0005263953834901671
9640.75	0.000590851964045858
9641.0	0.0006123374894635604
9641.25	0.0004726815720972032
9641.5	0.0005478945911249703
9641.75	0.0006123527765444911
9642.0	0.000461950342464748
9642.25	0.0005263953834901671
9642.5	0.0004189677555411387
9642.75	0.0006553412657528233
9643.0	0.0006123527765444911
9643.25	0.0004941794330232163
9643.5	0.00048343640570544955
9643.75	0.0005371381483503103
9644.0	0.0004834243326547624
9644.25	0.0007734789322476198
9644.5	0.0007197651165520721
9644.75	0.0006982795911343698
9645.0	0.0005586236737680126
9645.25	0.0005371381483503103
9645.5	0.000590851964045858
9645.75	0.0007090223559945129
9646.0	0.0006338230148812627
9646.25	0.0006660845641333819
9646.5	0.0005908667176063735
9646.75	0.000515665496263918
9647.0	0.0005693806543656719
9647.25	0.0006875539978869466
9647.5	0.0006015947246034172
9647.75	0.0006553085402989651
9648.0	0.0007198010646413419
9648.25	0.0007090400568250642
9648.5	0.0006230802500211195
9648.75	0.0007949843097878705
9649.0	0.0007412691516861166
9649.25	0.0007305261200657657
9649.5	0.0007949644576653222
9649.75	0.0007734789322476198
9650.0	0.0008916270626266898
9650.25	0.0009990769555873703
9650.5	0.0008916493241962748
9650.75	0.0009453631398918225
9651.0	0.0007949843097878705
9651.25	0.0009668486653095248
9651.5	0.0011172752454906422
9651.75	0.0009883095154080217
9652.0	0.0011387044414786951
9652.25	0.0017188849904147825
9652.5	0.0010742762967006205
9652.75	0.0013213928376721393
9653.0	0.0017188849904147825
9653.25	0.0014610157628244303
9653.5	0.0015254723390775373
9653.75	0.0016328999704686331
9654.0	0.0018692407543659429
9654.25	0.0017618571168961858
9654.5	0.001826269703530538
9654.75	0.0018370583339360573
9655.0	0.0016329407417545602
9655.25	0.0019122118052013475
9655.5	0.0014825012882421326
9655.75	0.001503986813659835
9656.0	0.0014610157628244303
9656.25	0.0015362151039376806
9656.5	0.0016543854958863354
9656.75	0.0014717585276845736
9657.0	0.0013106498060517886
9657.25	0.0011495043360491106
9657.5	0.001170961163231573
9657.75	0.00123541773948468
9658.0	0.0011065322138702914
9658.25	0.0011924169147680369
9658.5	0.0009990769555873703
9658.75	0.0010313309968304199
9659.0	0.0009346203793342634
9659.25	0.0009131576533091452
9659.5	0.0008916493241962748
9659.75	0.0010205624810050726
9660.0	0.0006445496837746843
9660.25	0.0008164703730285721
9660.5	0.0007627552149268181
9660.75	0.0007090400568250642
9661.0	0.0006445657797414059
9661.25	0.0006016097449241403
9661.5	0.0008057273414082214
9661.75	0.0006230802500211195
9662.0	0.0006768109662665958
9662.25	0.0007734789322476198
9662.5	0.0005908667176063735
9662.75	0.0007412691516861166
9663.0	0.0007949644576653222
9663.25	0.0006660513051591082
9663.5	0.0006982795911343698
9663.75	0.0007305443630219004
9664.0	0.0004834243326547624
9664.25	0.0006768109662665958
9664.5	0.0006767940657166674
9664.75	0.0007734982465471689
9665.0	0.0009238776144741202
9665.25	0.0006982795911343698
9665.5	0.0006553249030258943
9665.75	0.0007949644576653222
9666.0	0.0005693806543656719
9666.25	0.0006016097449241403
9666.5	0.0005049098580724648
9666.75	0.0006230958081648418
9667.0	0.0006553249030258943
9667.25	0.0006338230148812627
9667.5	0.0005263953834901671
9667.75	0.0005049098580724648
9668.0	0.0004511960423769169
9668.25	0.0004619272720093721
9668.5	0.000461950342464748
9668.75	0.0004941794330232163
9669.0	0.0005478809132104534
9669.25	0.0005049224646435671
9669.5	0.0005263822433986495
9669.75	0.0003437684148581469
9670.0	0.0004297105186802482
9670.25	0.0003759967038452172
9670.5	0.000461950342464748
9670.75	0.00036527218108069176
9671.0	0.000515678373897812
9671.25	0.00035451117756699806
9671.5	0.00041897821684386163
9671.75	0.0004189572950989324
9672.0	0.00039749215446367687
9672.25	0.0003330256517190373
9672.5	0.0003545200292730489
9672.75	0.00041897821684386163
9673.0	0.0003652630604631413
9673.25	0.00038673946655406837
9673.5	0.0005263953834901671
9673.75	0.00041897821684386163
9674.0	0.0004512073108443972
9674.25	0.0003330339668928641
9674.5	0.0004512073108443972
9674.75	0.0004619388072370601
9675.0	0.0006016097449241403
9675.25	0.00035451117756699806
9675.5	0.0005264085278842688
9675.75	0.0004619388072370601
9676.0	0.0003760060916532337
9676.25	0.0005263953834901671
9676.5	0.0004082351856537692
9676.75	0.0004189677555411387
9677.0	0.00040822499240202904
9677.25	0.0003759967038452172
9677.5	0.0005049098580724648
9677.75	0.0003008123843434653
9678.0	0.00039749215446367687
9678.25	0.0004404532818193577
9678.5	0.0004189677555411387
9678.75	0.000515652622932608
9679.0	0.0004511960423769169
9679.25	0.0005049098580724648
9679.5	0.0003222909357027717
9679.75	0.0003760060916532337
9680.0	0.0004512073108443972
9680.25	0.00040822499240202904
9680.5	0.0005049224646435671
9680.75	0.000461950342464748
9681.0	0.0003222828890101861
9681.25	0.0004082453789055094
9681.5	0.0003652630604631413
9681.75	0.0003330256517190373
9682.0	0.000429721248033954
9682.25	0.00035451117756699806
9682.5	0.0004189677555411387
9682.75	0.0003759967038452172
9683.0	0.0003652630604631413
9683.25	0.0003545200292730489
9683.5	0.0003330256517190373
9683.75	0.0003545200292730489
9684.0	0.0003652539407061076
9684.25	0.00030080487332258694
9684.5	0.00036527218108069176
9684.75	0.0004297105186802482
9685.0	0.0003974822296931779
9685.25	0.0004189677555411387
9685.5	0.0004834243326547624
9685.75	0.000247089717372125
9686.0	0.0003008123843434653
9686.25	0.0003330256517190373
9686.5	0.0004404532818193577
9686.75	0.0003330256517190373
9687.0	0.0003759967038452172
9687.25	0.0004082351856537692
9687.5	0.0004082453789055094
9687.75	0.0004511960423769169
9688.0	0.0004082351856537692
9688.25	0.0003115479045126793
9688.5	0.0003867491228433261
9688.75	0.0003974822296931779
9689.0	0.0004082351856537692
9689.25	0.0005049098580724648
9689.5	0.00044046427922404645
9689.75	0.00044046427922404645
9690.0	0.0003222828890101861
9690.25	0.00029004735791373715
9690.5	0.0003115401258710766
9690.75	0.0003437684148581469
9691.0	0.0003222828890101861
9691.25	0.0003652630604631413
9691.5	0.0003867491228433261
9691.75	0.0004297105186802482
9692.0	0.00038673946655406837
9692.25	0.0003974822296931779
9692.5	0.0004082351856537692
9692.75	0.00023634078518808483
9693.0	0.0003437684148581469
9693.25	0.0003437684148581469
9693.5	0.0003437769980829565
9693.75	0.0003975020792341758
9694.0	0.0003437684148581469
9694.25	0.0003437684148581469
9694.5	0.0003652539407061076
9694.75	0.0003222909357027717
9695.0	0.0003974822296931779
9695.25	0.00039749215446367687
9695.5	0.0003974822296931779
9695.75	0.0004404532818193577
9696.0	0.0003867491228433261
9696.25	0.0003652539407061076
9696.5	0.0003760060916532337
9696.75	0.0003330339668928641
9697.0	0.00038673946655406837
9697.25	0.00025783918651864764
9697.5	0.0003222828890101861
9697.75	0.0003545200292730489
9698.0	0.0003437684148581469
9698.25	0.00038673946655406837
9698.5	0.0003652630604631413
9698.75	0.0003759967038452172
9699.0	0.00023634078518808483
9699.25	0.00040822499240202904
9699.5	0.00036527218108069176
9699.75	0.0003115479045126793
9700.0	0.00039749215446367687
