Energy_(eV)	Live_Counts
9550.0	0.002274165584856496
9550.25	0.00413382582464792
9550.5	0.003101134888440677
9550.75	0.0014471962812723158
9551.0	0.0028943925625446315
9551.25	0.003721361866128812
9551.5	0.0020674232589604513
9551.75	0.002274165584856496
9552.0	0.003721361866128812
9552.25	0.003307877214336722
9552.5	0.0016535303281845555
9552.75	0.0008269693044214868
9553.0	0.0020674232589604513
9553.25	0.001860680933064406
9553.5	0.0041348465179209025
9553.75	0.002274165584856496
9554.0	0.003307877214336722
9554.25	0.003307877214336722
9554.5	0.0041358677219508
9554.75	0.0028936780806027703
9555.0	0.004961815829878147
9555.25	0.0028951074045282543
9555.5	0.004547208408787326
9555.75	0.00413382582464792
9556.0	0.004340517116717623
9556.25	0.0041358677219508
9556.5	0.003928104192024857
9556.75	0.0035137519484388135
9557.0	0.0026876502366485863
9557.25	0.003720443240508516
9557.5	0.0026876502366485863
9557.75	0.0041358677219508
9558.0	0.003307877214336722
9558.25	0.00413382582464792
9558.5	0.0028943925625446315
9558.75	0.005995527459358373
9559.0	0.004755073503982102
9559.25	0.00496059099292673
9559.5	0.0041348465179209025
9559.75	0.006824181741637475
9560.0	0.00785814867421844
9560.25	0.006409012111150463
9560.5	0.005582042807566282
9560.75	0.00785620839242278
9561.0	0.0049593667588359374
9561.25	0.005375300481670238
9561.5	0.006615754437046508
9561.75	0.00785620839242278
9562.0	0.008062950718318824
9562.25	0.0076494660665267335
9562.5	0.010541255870435633
9562.75	0.010543858637444429
9563.0	0.011577570266924655
9563.25	0.009096662322679857
9563.5	0.009923631693248551
9563.75	0.014058478211169453
9564.0	0.011368021021968313
9564.25	0.014268743688038077
9564.5	0.01446839036114853
9564.75	0.012404539553762708
9565.0	0.014675081711829683
9565.25	0.016741994548796064
9565.5	0.01756875978405939
9565.75	0.01922703635857058
9566.0	0.019640520960124287
9566.25	0.018193324729090354
9566.5	0.02316085925297216
9566.75	0.023562807195469312
9567.0	0.01777984004380601
9567.25	0.02646301776493216
9567.5	0.026663176534649526
9567.75	0.027089933615200575
9568.0	0.030383619842142558
9568.25	0.03782450628966733
9568.5	0.04052149589237097
9568.75	0.04755073503982102
9569.0	0.0479523795424713
9569.25	0.051698346545317665
9569.5	0.05582042807566282
9569.75	0.0647103480557005
9570.0	0.06553731734253856
9570.25	0.07235981414734644
9570.5	0.07525420669314493
9570.75	0.08600480733830897
9571.0	0.09200033494000943
9571.25	0.0810429918684726
9571.5	0.08600480733830897
9571.75	0.0930110810127129
9572.0	0.09466461131577826
9572.25	0.10835973412587972
9572.5	0.10215593241317103
9572.75	0.10461161733879817
9573.0	0.11432850643821262
9573.25	0.11763638341810355
9573.5	0.10585207089226736
9573.75	0.1023374512348117
9574.0	0.10153555282801466
9574.25	0.09117336590436331
9574.5	0.09471137069284316
9574.75	0.08329659037754059
9575.0	0.07711488760946322
9575.25	0.06843170997206771
9575.5	0.06822496762942554
9575.75	0.054593453983338175
9576.0	0.05394642703761186
9576.25	0.05397307381206731
9576.5	0.04508095816340258
9576.75	0.036179907031807894
9577.0	0.0384445801742495
9577.25	0.03616204929538943
9577.5	0.037213618661288125
9577.75	0.032872029884455686
9578.0	0.03514619540232767
9578.25	0.023568625135403014
9578.5	0.031417076260625745
9578.75	0.02748994176991285
9579.0	0.025629720116166335
9579.25	0.022741655848564964
9579.5	0.02191468656172691
9579.75	0.020674232589604512
9580.0	0.016129884118120042
9580.25	0.018197817966535846
9580.5	0.01446839036114853
9580.75	0.016741994548796064
9581.0	0.010750600980086603
9581.25	0.01178431260956683
9581.5	0.014671460026637514
9581.75	0.011991054952209002
9582.0	0.00909441683432078
9582.25	0.010543858637444429
9582.5	0.00888553207573992
9582.75	0.008476435378483978
9583.0	0.010130373952160081
9583.25	0.007235981414734643
9583.5	0.006614121321111286
9583.75	0.007235981414734643
9584.0	0.0076494660665267335
9584.25	0.005375300481670238
9584.5	0.005788785133462327
9584.75	0.00723419518894733
9585.0	0.005995527459358373
9585.25	0.004961815829878147
9585.5	0.00413382582464792
9585.75	0.005375300481670238
9586.0	0.005168558155774192
9586.25	0.003928104192024857
9586.5	0.003928104192024857
9586.75	0.004547208408787326
9587.0	0.003720443240508516
9587.25	0.003720443240508516
9587.5	0.004341588852190012
9587.75	0.004549454500007025
9588.0	0.003926165350396239
9588.25	0.0028936780806027703
9588.5	0.004341588852190012
9588.75	0.004342661106792381
9589.0	0.0031003693642994087
9589.25	0.0026876502366485863
9589.5	0.003101134888440677
9589.75	0.003099604225319094
9590.0	0.0020674232589604513
9590.25	0.002688314019686674
9590.5	0.0035146195402327666
9590.75	0.0024809079107525416
9591.0	0.002273604204393663
9591.25	0.0028936780806027703
9591.5	0.0026876502366485863
9591.75	0.003928104192024857
9592.0	0.002067933865161932
9592.25	0.0016535303281845555
9592.5	0.0014471962812723158
9592.75	0.001446839036114853
9593.0	0.0026876502366485863
9593.25	0.0012407603174225466
9593.5	0.0012407603174225466
9593.75	0.0024809079107525416
9594.0	0.0022747272500035125
9594.25	0.0020674232589604513
9594.5	0.0006202269785254418
9594.75	0.002273604204393663
9595.0	0.002273604204393663
9595.25	0.002274165584856496
9595.5	0.0020674232589604513
9595.75	0.0014475537022641271
9596.0	0.0016543470871057074
9596.25	0.0016543470871057074
9596.5	0.0014475537022641271
9596.75	0.001653938607168361
9597.0	0.0016543470871057074
9597.25	0.0008269693044214868
9597.5	0.001860221620254258
9597.75	0.001033966932580966
9598.0	0.0026876502366485863
9598.25	0.0024809079107525416
9598.5	0.0008267651649295841
9598.75	0.0012404539553762708
9599.0	0.0012404539553762708
9599.25	0.0006202269785254418
9599.5	0.001653938607168361
9599.75	0.0012401477440451506
9600.0	0.0014471962812723158
9600.25	0.0008267651649295841
9600.5	0.00020674232589604512
9600.75	0.00041348465179209023
9601.0	0.001653938607168361
9601.25	0.001033456451975448
9601.5	0.0006203801587112733
9601.75	0.0020674232589604513
9602.0	0.0006202269785254418
9602.25	0.0016535303281845555
9602.5	0.0014471962812723158
9602.75	0.0010337116294802256
9603.0	0.0008271735443901601
9603.25	0.0014471962812723158
9603.5	0.001033456451975448
9603.75	0.0008269693044214868
9604.0	0.002067933865161932
9604.25	0.002274165584856496
9604.5	0.0006200738736971881
9604.75	0.0010337116294802256
9605.0	0.0010337116294802256
9605.25	0.0006202269785254418
9605.5	0.001033456451975448
9605.75	0.0008269693044214868
9606.0	0.0008269693044214868
9606.25	0.001653938607168361
9606.5	0.0006202269785254418
9606.75	0.0014475537022641271
9607.0	0.001033456451975448
9607.25	0.001033456451975448
9607.5	0.0016543470871057074
9607.75	0.00041338258246479206
9608.0	0.0010337116294802256
9608.25	0.001653938607168361
9608.5	0.0012401477440451506
9608.75	0.001653938607168361
9609.0	0.0008269693044214868
9609.25	0.0012404539553762708
9609.5	0.0006199208442265123
9609.75	0.0012407603174225466
9610.0	0.0006200738736971881
9610.25	0.0012407603174225466
9610.5	0.0010337116294802256
9610.75	0.001860680933064406
9611.0	0.001653122250154291
9611.25	0.0010337116294802256
9611.5	0.001860221620254258
9611.75	0.0006202269785254418
9612.0	0.00041358677219508004
9612.25	0.00041338258246479206
9612.5	0.0008269693044214868
9612.75	0.0014471962812723158
9613.0	0.0008269693044214868
9613.25	0.0008269693044214868
9613.5	0.0012404539553762708
9613.75	0.0012404539553762708
9614.0	0.0004132805633758792
9614.25	0.0020674232589604513
9614.5	0.001653938607168361
9614.75	0.0010337116294802256
9615.0	0.001653938607168361
9615.25	0.00020674232589604512
9615.5	0.0008269693044214868
9615.75	0.00020674232589604512
9616.0	0.0014471962812723158
9616.25	0.0008269693044214868
9616.5	0.0006202269785254418
9616.75	0.0010337116294802256
9617.0	0.0022747272500035125
9617.25	0.00020674232589604512
9617.5	0.0008267651649295841
9617.75	0.0018611404719472877
9618.0	0.0008269693044214868
9618.25	0.0012404539553762708
9618.5	0.001033201408439698
9618.75	0.00041348465179209023
9619.0	0.001033966932580966
9619.25	0.0006202269785254418
9619.5	0.0008269693044214868
9619.75	0.001653938607168361
9620.0	0.0008269693044214868
9620.25	0.0008269693044214868
9620.5	0.0006202269785254418
9620.75	0.0006200738736971881
9621.0	0.0012401477440451506
9621.25	0.00020679338651619325
9621.5	0.001033456451975448
9621.75	0.00041338258246479206
9622.0	0.0008269693044214868
9622.25	0.0014475537022641271
9622.5	0.0010337116294802256
9622.75	0.0008271735443901601
9623.0	0.00020674232589604512
9623.25	0.0012404539553762708
9623.5	0.001033456451975448
9623.75	0.0
9624.0	0.0008269693044214868
9624.25	0.0010337116294802256
9624.5	0.0008267651649295841
9624.75	0.0
9625.0	0.0012404539553762708
9625.25	0.001033456451975448
9625.5	0.00041348465179209023
9625.75	0.0010337116294802256
9626.0	0.001653938607168361
9626.25	0.0
9626.5	0.001033456451975448
9626.75	0.0012404539553762708
9627.0	0.0008269693044214868
9627.25	0.0008267651649295841
9627.5	0.0008267651649295841
9627.75	0.0006200738736971881
9628.0	0.0012404539553762708
9628.25	0.0010337116294802256
9628.5	0.0006200738736971881
9628.75	0.0014471962812723158
9629.0	0.0006200738736971881
9629.25	0.00041348465179209023
9629.5	0.00041358677219508004
9629.75	0.0016535303281845555
9630.0	0.0009198642393113565
9630.25	0.0007317101879635653
9630.5	0.0010243942594648431
9630.75	0.0006899154024579384
9631.0	0.001087139423729546
9631.25	0.0007944282034048828
9631.5	0.0010871122782553863
9631.75	0.0007317101879635653
9632.0	0.000794448040031296
9632.25	0.0007735221985368791
9632.5	0.0008362402148155031
9632.75	0.0009407937348109934
9633.0	0.0008989806784419601
9633.25	0.0007944083684530825
9633.5	0.0008571676220729268
9633.75	0.0008780522212022849
9634.0	0.001024419839175996
9634.25	0.0007735221985368791
9634.5	0.0009617002546224459
9634.75	0.0007735221985368791
9635.0	0.0010662062775739147
9635.25	0.0008153545673785063
9635.5	0.0008362402148155031
9635.75	0.0010034882587833715
9636.0	0.0005853827657218871
9636.25	0.0009616762490473641
9636.5	0.0009198412719962364
9636.75	0.0010662062775739147
9637.0	0.0008362402148155031
9637.25	0.0009198642393113565
9637.5	0.000815334209110193
9637.75	0.0009825822497288358
9638.0	0.0006480861659796311
9638.25	0.000815334209110193
9638.5	0.000815334209110193
9638.75	0.0008989582302568207
9639.0	0.0011707655280945486
9639.25	0.000794448040031296
9639.5	0.0009198642393113565
9639.75	0.0008989582302568207
9640.0	0.001024419839175996
9640.25	0.0009825822497288358
9640.5	0.0007317101879635653
9640.75	0.0009407937348109934
9641.0	0.0006271801611116274
9641.25	0.0010870851327812268
9641.5	0.0010662328955450293
9641.75	0.0008989806784419601
9642.0	0.0010662328955450293
9642.25	0.0008780741502574435
9642.5	0.0007944282034048828
9642.75	0.0010034882587833715
9643.0	0.0007526349844995691
9643.25	0.0007526349844995691
9643.5	0.0008571676220729268
9643.75	0.0009407702399928281
9644.0	0.0010243942594648431
9644.25	0.0010034882587833715
9644.5	0.0008362402148155031
9644.75	0.0010871122782553863
9645.0	0.0012125483074634086
9645.25	0.0010034882587833715
9645.5	0.0009407937348109934
9645.75	0.0011916720562790651
9646.0	0.0010034882587833715
9646.25	0.001045300268519379
9646.5	0.0010662062775739147
9646.75	0.0012125483074634086
9647.0	0.001191642306781937
9647.25	0.0009407702399928281
9647.5	0.0012334851126480984
9647.75	0.0009198872066264768
9648.0	0.0010243942594648431
9648.25	0.001087139423729546
9648.5	0.0011288961042572726
9648.75	0.000919910173941597
9649.0	0.0009617002546224459
9649.25	0.001296172335308488
9649.5	0.0011080182873099223
9649.75	0.0010871122782553863
9650.0	0.0010662062775739147
9650.25	0.001296172335308488
9650.5	0.001526138393043061
9650.75	0.0009407702399928281
9651.0	0.0013171112253861652
9651.25	0.001505232383988525
9651.5	0.0012752663262539522
9651.75	0.001505232383988525
9652.0	0.0013170783359899596
9652.25	0.00142160836451651
9652.5	0.0014007373297511675
9652.75	0.0012125483074634086
9653.0	0.0010662062775739147
9653.25	0.0012962046972016486
9653.5	0.0013797963547805027
9653.75	0.0013170454549668179
9654.0	0.0012125483074634086
9654.25	0.0013170783359899596
9654.5	0.001526138393043061
9654.75	0.00142160836451651
9655.0	0.0016306684215696117
9655.25	0.0017770104598321698
9655.5	0.0022370542803509036
9655.75	0.0025505326525079044
9656.0	0.0018815874612489226
9656.25	0.0027805681396908827
9656.5	0.002320566594773331
9656.75	0.002801404719297013
9657.0	0.002550596338034264
9657.25	0.0027386867005064694
9657.5	0.0025924093944032973
9657.75	0.002216091903828125
9658.0	0.0020697462065365087
9658.25	0.0021742245565107726
9658.5	0.0019443070458024729
9658.75	0.0014843634424892343
9659.0	0.0019024464890401922
9659.25	0.0015888960834118178
9659.5	0.0012334543165179446
9659.75	0.001379830801566651
9660.0	0.0013171112253861652
9660.25	0.001149859008283096
9660.5	0.0011707655280945486
9660.75	0.001024419839175996
9661.0	0.0010662328955450293
9661.25	0.0011289524800985795
9661.5	0.0009617002546224459
9661.75	0.0010034882587833715
9662.0	0.0008362402148155031
9662.25	0.001296172335308488
9662.5	0.001045300268519379
9662.75	0.0010662062775739147
9663.0	0.0011080182873099223
9663.25	0.0010035133109914795
9663.5	0.0009826067828069625
9663.75	0.0008362402148155031
9664.0	0.0007108219298051486
9664.25	0.0010453524662016463
9664.5	0.000815334209110193
9664.75	0.0007317101879635653
9665.0	0.0010662328955450293
9665.25	0.001066179651229736
9665.5	0.0009826067828069625
9665.75	0.0009198642393113565
9666.0	0.0008571462205208132
9666.25	0.0008780741502574435
9666.5	0.0009407702399928281
9666.75	0.0009407702399928281
9667.0	0.000794448040031296
9667.25	0.0008989582302568207
9667.5	0.0009407702399928281
9667.75	0.0010662328955450293
9668.0	0.001045300268519379
9668.25	0.0008362402148155031
9668.5	0.0010034882587833715
9668.75	0.0009407702399928281
9669.0	0.0008989806784419601
9669.25	0.0006480861659796311
9669.5	0.0008571462205208132
9669.75	0.0008780522212022849
9670.0	0.0007317284571523589
9670.25	0.0007317284571523589
9670.5	0.000710839679026655
9670.75	0.0008362402148155031
9671.0	0.0005435561391276931
9671.25	0.0007526349844995691
9671.5	0.0008153545673785063
9671.75	0.0008989806784419601
9672.0	0.0008571676220729268
9672.25	0.0007108219298051486
9672.5	0.0008153545673785063
9672.75	0.0010662328955450293
9673.0	0.0008571676220729268
9673.25	0.0008571676220729268
9673.5	0.0009826067828069625
9673.75	0.0007317101879635653
9674.0	0.0008989806784419601
9674.25	0.0008571462205208132
9674.5	0.000710804182258255
9674.75	0.0007735221985368791
9675.0	0.0009617002546224459
9675.25	0.0007735221985368791
9675.5	0.0008989582302568207
9675.75	0.0010243942594648431
9676.0	0.000752616192831569
9676.25	0.0009825822497288358
9676.5	0.000815334209110193
9676.75	0.0009825822497288358
9677.0	0.0008571676220729268
9677.25	0.0007526349844995691
9677.5	0.0005644621448330033
9677.75	0.000815334209110193
9678.0	0.0008362402148155031
9678.25	0.0008571462205208132
9678.5	0.0008571462205208132
9678.75	0.0006271958204163076
9679.0	0.0005853827657218871
9679.25	0.000710804182258255
9679.5	0.0008571462205208132
9679.75	0.0009617002546224459
9680.0	0.0005644762383746768
9680.25	0.000815334209110193
9680.5	0.0008362402148155031
9680.75	0.0008362402148155031
9681.0	0.000794448040031296
9681.25	0.0006062741554063172
9681.5	0.000710839679026655
9681.75	0.0006271958204163076
9682.0	0.0005644621448330033
9682.25	0.0007526349844995691
9682.5	0.000710804182258255
9682.75	0.0007108219298051486
9683.0	0.0008153545673785063
9683.25	0.0003972240195969948
9683.5	0.0006480861659796311
9683.75	0.0006271958204163076
9684.0	0.0005435561391276931
9684.25	0.0008989582302568207
9684.5	0.0006062892930690973
9684.75	0.0007944678766577092
9685.0	0.000710839679026655
9685.25	0.0005853827657218871
9685.5	0.000689898176552945
9685.75	0.0007944282034048828
9686.0	0.0008362610947257165
9686.25	0.0006271801611116274
9686.5	0.0007944083684530825
9686.75	0.0006062892930690973
9687.0	0.000752616192831569
9687.25	0.0006271958204163076
9687.5	0.0006271958204163076
9687.75	0.0007317284571523589
9688.0	0.0005435561391276931
9688.25	0.00045993211798106543
9688.5	0.0006271801611116274
9688.75	0.000710804182258255
9689.0	0.0007944282034048828
9689.25	0.0006062590185808435
9689.5	0.0005017441285543793
9689.75	0.000710839679026655
9690.0	0.0006271958204163076
9690.25	0.0005226631836802564
9690.5	0.0006899154024579384
9690.75	0.0006271801611116274
9691.0	0.0005644762383746768
9691.25	0.000710804182258255
9691.5	0.0005226631836802564
9691.75	0.0005644621448330033
9692.0	0.000710804182258255
9692.25	0.000689898176552945
9692.5	0.0006899154024579384
9692.75	0.0006689754682591544
9693.0	0.00045994360163862557
9693.25	0.0004808381236863756
9693.5	0.0006480861659796311
9693.75	0.0005226501342596895
9694.0	0.00037631749224978454
9694.25	0.000585368149701007
9694.5	0.0006690088751107281
9694.75	0.000710804182258255
9695.0	0.0006480861659796311
9695.25	0.0006690088751107281
9695.5	0.000710786435548668
9695.75	0.0008362610947257165
9696.0	0.0007108219298051486
9696.25	0.0007944678766577092
9696.5	0.0003763080968344377
9696.75	0.0006481023477635178
9697.0	0.0005853827657218871
9697.25	0.0006689921716849412
9697.5	0.0005435832837645463
9697.75	0.0007735221985368791
9698.0	0.000585368149701007
9698.25	0.0007944282034048828
9698.5	0.0006062892930690973
9698.75	0.0005435561391276931
9699.0	0.000710804182258255
9699.25	0.0006062741554063172
9699.5	0.0006690088751107281
9699.75	0.0008362610947257165
9700.0	0.0006480861659796311
