Energy_(eV)	Live_Counts
9550.0	0.0027495039827680444
9550.25	0.0020163029206965656
9550.5	0.002015805193937191
9550.75	0.0029320802780411896
9551.0	0.002382315230548255
9551.25	0.0034827050448395227
9551.5	0.0029320802780411896
9551.75	0.0025662037172501746
9552.0	0.0027495039827680444
9552.25	0.0016497023896608265
9552.5	0.0034827050448395227
9552.75	0.0012831018586250873
9553.0	0.0029328042482859138
9553.25	0.004213825210257757
9553.5	0.004032605848816792
9553.75	0.0031153352963467214
9554.0	0.0033002196522923946
9554.25	0.0031153352963467214
9554.5	0.003299404779321653
9554.75	0.0021990602122427226
9555.0	0.0036641958375888883
9555.25	0.0032985903146522536
9555.5	0.0031161045138037836
9555.75	0.0027495039827680444
9556.0	0.0034827050448395227
9556.25	0.003299404779321653
9556.5	0.0027495039827680444
9556.75	0.004582506645370401
9557.0	0.0029328042482859138
9557.25	0.003299404779321653
9557.5	0.0031153352963467214
9557.75	0.003299404779321653
9558.0	0.005499007972959749
9558.25	0.0032985903146522536
9558.5	0.004582506645370401
9558.75	0.005682308238477619
9559.0	0.004214865406179913
9559.25	0.007515310901079976
9559.5	0.0022001464348615964
9559.75	0.005314395508589444
9560.0	0.004398120424485445
9560.25	0.005682308238477619
9560.5	0.005680905545200508
9560.75	0.007150475909588358
9561.0	0.0064170937695835996
9561.25	0.008065211667938941
9561.5	0.006965410097102707
9561.75	0.00879624084897089
9562.0	0.005682308238477619
9562.25	0.007515310901079976
9562.5	0.010267350063997868
9562.75	0.008615112509034515
9563.0	0.008983931259600253
9563.25	0.010631415444578404
9563.5	0.011361811090401016
9563.75	0.01356421963347503
9564.0	0.010631415444578404
9564.25	0.014114120474570604
9564.5	0.014114120474570604
9564.75	0.011914517258661526
9565.0	0.014847321521794762
9565.25	0.018513326832152153
9565.5	0.015210166452546204
9565.75	0.017230224943832424
9566.0	0.01649295157326127
9566.25	0.018508756752351137
9566.5	0.02144083706008697
9566.75	0.02016800899860407
9567.0	0.02162943137565058
9567.25	0.023823152305482546
9567.5	0.026035066178031422
9567.75	0.028778141716000172
9568.0	0.030618704553061163
9568.25	0.03629345261708015
9568.5	0.04032605848816793
9568.75	0.044919656372237875
9569.0	0.04839127015610687
9569.25	0.05427027868699318
9569.5	0.056089881337552036
9569.75	0.06873759964343772
9570.0	0.06983740125139226
9570.25	0.07696710724290377
9570.5	0.07368670684211484
9570.75	0.07700512529439248
9571.0	0.08010221643218671
9571.25	0.08890062855345694
9571.5	0.0955230246561537
9571.75	0.09366643613989833
9572.0	0.09403303655215552
9572.25	0.09790651640330666
9572.5	0.10044854562257112
9572.75	0.11471764117716389
9573.0	0.11511256656705426
9573.25	0.11144656170211652
9573.5	0.10964063076216136
9573.75	0.10979685947577623
9574.0	0.10906365790889581
9574.25	0.09914096428712894
9574.5	0.09730841432678344
9574.75	0.07900241445304913
9575.0	0.07185370418693615
9575.25	0.07460320802123097
9575.5	0.06653799642752864
9575.75	0.062154136781128265
9576.0	0.05883938532032008
9576.25	0.04785318496195155
9576.5	0.04253616440237509
9576.75	0.04288167412017394
9577.0	0.03939982875009786
9577.25	0.038859656319483
9577.5	0.03410226976262573
9577.75	0.030611144371178872
9578.0	0.03244414702635757
9578.25	0.029137547784377344
9578.5	0.029694643043589524
9578.75	0.028044940668776018
9579.0	0.02401233479768824
9579.25	0.024562235638783816
9579.5	0.017413525224197614
9579.75	0.017967862519200507
9580.0	0.01723448040889039
9580.25	0.015030621802159952
9580.5	0.01356421963347503
9580.75	0.014114120474570604
9581.0	0.012094831148775824
9581.25	0.013747519913840222
9581.5	0.011184077739003815
9581.75	0.012647718305885684
9582.0	0.009895770973651404
9582.25	0.011000732174307982
9582.5	0.01008151460348283
9582.75	0.009533967879451145
9583.0	0.00916275084103999
9583.25	0.007515310901079976
9583.5	0.007517166964743416
9583.75	0.006963690665915572
9584.0	0.007881911461810357
9584.25	0.00494910717640614
9584.5	0.006230670600117104
9584.75	0.006782109831584837
9585.0	0.005682308238477619
9585.25	0.005499007972959749
9585.5	0.00586416056350604
9585.75	0.004764630453672849
9586.0	0.004032605848816792
9586.25	0.005499007972959749
9586.5	0.003849305583298923
9586.75	0.004215906114334662
9587.0	0.004214865406179913
9587.25	0.004764630453672849
9587.5	0.002566837504863976
9587.75	0.003483565187293584
9588.0	0.0032985903146522536
9588.25	0.0038474056235294042
9588.5	0.003299404779321653
9588.75	0.0027488252597356578
9589.0	0.002015805193937191
9589.25	0.0021996031862144354
9589.5	0.0029320802780411896
9589.75	0.003483565187293584
9590.0	0.0025662037172501746
9590.25	0.0029328042482859138
9590.5	0.0029320802780411896
9590.75	0.0025662037172501746
9591.0	0.0010998015931072177
9591.25	0.0029320802780411896
9591.5	0.0034827050448395227
9591.75	0.0021996031862144354
9592.0	0.0018325501756316586
9592.25	0.002382903451732305
9592.5	0.0032985903146522536
9592.75	0.0025662037172501746
9593.0	0.0018330026551786963
9593.25	0.0016488881254302678
9593.5	0.0029328042482859138
9593.75	0.0016497023896608265
9594.0	0.0014664021241429569
9594.25	0.001282785120715063
9594.5	0.001282785120715063
9594.75	0.0009165013275893481
9595.0	0.0018325501756316586
9595.25	0.0020163029206965656
9595.5	0.0014664021241429569
9595.75	0.000916275084103999
9596.0	0.0007333821444589548
9596.25	0.0014660401390205948
9596.5	0.0018330026551786963
9596.75	0.0014664021241429569
9597.0	0.0007333821444589548
9597.25	0.0016497023896608265
9597.5	0.0020168008998604067
9597.75	0.0014664021241429569
9598.0	0.0014660401390205948
9598.25	0.0009165013275893481
9598.5	0.0007332010628138446
9598.75	0.001650109822434367
9599.0	0.0014667642874331775
9599.25	0.0010998015931072177
9599.5	0.0018330026551786963
9599.75	0.0016497023896608265
9600.0	0.0018330026551786963
9600.25	0.0010998015931072177
9600.5	0.001099530102409531
9600.75	0.000916275084103999
9601.0	0.0014664021241429569
9601.25	0.001282785120715063
9601.5	0.0009165013275893481
9601.75	0.0007332010628138446
9602.0	0.0014664021241429569
9602.25	0.0007330200702526635
9602.5	0.0009167276824296086
9602.75	0.0005496293748959672
9603.0	0.0014660401390205948
9603.25	0.0005497650526894976
9603.5	0.00036651003512633176
9603.75	0.0007330200702526635
9604.0	0.0020163029206965656
9604.25	0.0001833002655178696
9604.5	0.0021990602122427226
9604.75	0.0007333821444589548
9605.0	0.000916275084103999
9605.25	0.001099530102409531
9605.5	0.0014664021241429569
9605.75	0.000549900797295975
9606.0	0.0007332010628138446
9606.25	0.0003666005310357392
9606.5	0.0012831018586250873
9606.75	0.0009165013275893481
9607.0	0.0016497023896608265
9607.25	0.000549900797295975
9607.5	0.0016497023896608265
9607.75	0.0003666005310357392
9608.0	0.000549900797295975
9608.25	0.00018334553648592173
9608.5	0.0007330200702526635
9608.75	0.0009165013275893481
9609.0	0.0007332010628138446
9609.25	0.0009165013275893481
9609.5	0.0014664021241429569
9609.75	0.0014664021241429569
9610.0	0.000916275084103999
9610.25	0.0010998015931072177
9610.5	0.0001833002655178696
9610.75	0.0009167276824296086
9611.0	0.0014664021241429569
9611.25	0.0009165013275893481
9611.5	0.001282785120715063
9611.75	0.0009167276824296086
9612.0	0.0007332010628138446
9612.25	0.0009165013275893481
9612.5	0.000549900797295975
9612.75	0.0014667642874331775
9613.0	0.0009165013275893481
9613.25	0.0
9613.5	0.000549900797295975
9613.75	0.001282785120715063
9614.0	0.0010998015931072177
9614.25	0.0007332010628138446
9614.5	0.0009165013275893481
9614.75	0.001282785120715063
9615.0	0.0018330026551786963
9615.25	0.0007330200702526635
9615.5	0.0007330200702526635
9615.75	0.0003666005310357392
9616.0	0.0014664021241429569
9616.25	0.0007330200702526635
9616.5	0.000916275084103999
9616.75	0.0007330200702526635
9617.0	0.000549900797295975
9617.25	0.0014664021241429569
9617.5	0.000549900797295975
9617.75	0.0003666910722294774
9618.0	0.0007330200702526635
9618.25	0.0003666005310357392
9618.5	0.000549900797295975
9618.75	0.001650109822434367
9619.0	0.0007333821444589548
9619.25	0.0009165013275893481
9619.5	0.0009165013275893481
9619.75	0.0007330200702526635
9620.0	0.000549900797295975
9620.25	0.0001833002655178696
9620.5	0.0016497023896608265
9620.75	0.0003666005310357392
9621.0	0.0003666005310357392
9621.25	0.0014660401390205948
9621.5	0.000549900797295975
9621.75	0.0014660401390205948
9622.0	0.000916275084103999
9622.25	0.00036651003512633176
9622.5	0.0007332010628138446
9622.75	0.0010998015931072177
9623.0	0.0014664021241429569
9623.25	0.0005497650526894976
9623.5	0.0
9623.75	0.0009169541486247805
9624.0	0.001099530102409531
9624.25	0.0010998015931072177
9624.5	0.0014664021241429569
9624.75	0.0007332010628138446
9625.0	0.0007332010628138446
9625.25	0.0009165013275893481
9625.5	0.0007333821444589548
9625.75	0.001282785120715063
9626.0	0.0007330200702526635
9626.25	0.0003666005310357392
9626.5	0.001650109822434367
9626.75	0.0
9627.0	0.0009165013275893481
9627.25	0.000549900797295975
9627.5	0.0012831018586250873
9627.75	0.0016492951573261268
9628.0	0.0010998015931072177
9628.25	0.0003666005310357392
9628.5	0.0007333821444589548
9628.75	0.0009165013275893481
9629.0	0.00036651003512633176
9629.25	0.0007332010628138446
9629.5	0.0005497650526894976
9629.75	0.000916275084103999
9630.0	0.0010936229322215483
9630.25	0.0008155832072137393
9630.5	0.0007414392773280707
9630.75	0.0007599752592427133
9631.0	0.0007043673134987854
9631.25	0.0007599562843658084
9631.5	0.001019453553284425
9631.75	0.0007784917993321892
9632.0	0.000630223385097849
9632.25	0.000926775956181539
9632.5	0.0007414392773280707
9632.75	0.000630223385097849
9633.0	0.0006302076499065001
9633.25	0.0009823825159280028
9633.5	0.0006672786880052885
9633.75	0.0007599562843658084
9634.0	0.0006116721304859229
9634.25	0.0007599562843658084
9634.5	0.0008711693964350753
9634.75	0.0006672786880052885
9635.0	0.0007784917993321892
9635.25	0.0006487431693270773
9635.5	0.0007599752592427133
9635.75	0.000778511241899722
9636.0	0.0008711693964350753
9636.25	0.0009453350783891394
9636.5	0.00044485245867019224
9636.75	0.0006858142074258656
9637.0	0.0008711911477611046
9637.25	0.000630223385097849
9637.5	0.0008526551651040959
9637.75	0.000908263113075122
9638.0	0.001038014984250522
9638.25	0.000926775956181539
9638.5	0.0007970472245567307
9638.75	0.0008340983590786529
9639.0	0.0008711911477611046
9639.25	0.0009823825159280028
9639.5	0.000778511241899722
9639.75	0.000908263113075122
9640.0	0.0007043497261040768
9640.25	0.000908263113075122
9640.5	0.0008711693964350753
9640.75	0.000722885245524654
9641.0	0.0007599562843658084
9641.25	0.0008526338814686946
9641.5	0.0008897049188251167
9641.75	0.0009082404337914976
9642.0	0.000778511241899722
9642.25	0.0007599752592427133
9642.5	0.0006487431693270773
9642.75	0.0007414392773280707
9643.0	0.0006858313315841428
9643.25	0.0010750601056072281
9643.5	0.0008897049188251167
9643.75	0.000908263113075122
9644.0	0.0008340983590786529
9644.25	0.0007970472245567307
9644.5	0.000722885245524654
9644.75	0.000630223385097849
9645.0	0.0008711911477611046
9645.25	0.0008526338814686946
9645.5	0.0011306948975355656
9645.75	0.001075113793521851
9646.0	0.0010750869495645395
9646.25	0.0007599752592427133
9646.5	0.0007970472245567307
9646.75	0.0006302076499065001
9647.0	0.000926775956181539
9647.25	0.0008155628441122721
9647.5	0.0009452878713303609
9647.75	0.000926775956181539
9648.0	0.0008340983590786529
9648.25	0.0013716626646530178
9648.5	0.0007414392773280707
9648.75	0.000834119189870748
9649.0	0.000926775956181539
9649.25	0.0010194790090171742
9649.5	0.0011677377027101141
9649.75	0.0011306948975355656
9650.0	0.0011306948975355656
9650.25	0.0010009180308943836
9650.5	0.0010935956279972698
9650.75	0.0012048388281636004
9651.0	0.0010935956279972698
9651.25	0.0012604467687109657
9651.5	0.0011862732251001556
9651.75	0.0010935956279972698
9652.0	0.0013345573745258447
9652.25	0.0008897271304181134
9652.5	0.0012048388281636004
9652.75	0.0010750601056072281
9653.0	0.0014643425705144005
9653.25	0.0011306666653536919
9653.5	0.0012419107860539569
9653.75	0.0011492308801925742
9654.0	0.0012048087400665364
9654.25	0.0012419107860539569
9654.5	0.0013160547166819916
9654.75	0.001556983606088039
9655.0	0.0016311256808008835
9655.25	0.0017423388002938114
9655.5	0.0018535981914642615
9655.75	0.0018720874273294586
9656.0	0.0018906701567782788
9656.25	0.00240967764890354
9656.5	0.002279868853097425
9656.75	0.0025208305996260003
9657.0	0.002483759562269578
9657.25	0.0021130491812816946
9657.5	0.002595037468049966
9657.75	0.0022057267783845806
9658.0	0.0020018860452966705
9658.25	0.001797945352616614
9658.5	0.0022428538124141225
9658.75	0.001556983606088039
9659.0	0.0016126706902827763
9659.25	0.0012604467687109657
9659.5	0.0014458065878573919
9659.75	0.0011121589148785568
9660.0	0.0012974863371694224
9660.25	0.0009453350783891394
9660.5	0.0010565245906408473
9660.75	0.0010009180308943836
9661.0	0.0009638710610461481
9661.25	0.0007784917993321892
9661.5	0.0007970472245567307
9661.75	0.0007784917993321892
9662.0	0.0008155628441122721
9662.25	0.0009267990957321307
9662.5	0.0007970273217222306
9662.75	0.0007414392773280707
9663.0	0.0009082857923587465
9663.25	0.0010936229322215483
9663.5	0.0010565245906408473
9663.75	0.0008155628441122721
9664.0	0.0010008930428522624
9664.25	0.0007043497261040768
9664.5	0.0008526551651040959
9664.75	0.0007414392773280707
9665.0	0.0009824070437031568
9665.25	0.0008897049188251167
9665.5	0.0009638469935379613
9665.75	0.0008711911477611046
9666.0	0.0008155832072137393
9666.25	0.0007043673134987854
9666.5	0.000722921345302202
9666.75	0.0008526338814686946
9667.0	0.0008155832072137393
9667.25	0.0008340983590786529
9667.5	0.0007414392773280707
9667.75	0.0005931366118077118
9668.0	0.001038014984250522
9668.25	0.0007599752592427133
9668.5	0.0007414207649452312
9668.75	0.0005375434755246358
9669.0	0.0007599562843658084
9669.25	0.0007414392773280707
9669.5	0.0007043497261040768
9669.75	0.0007599752592427133
9670.0	0.0007970273217222306
9670.25	0.0005190074936099932
9670.5	0.0008711693964350753
9670.75	0.0006487431693270773
9671.0	0.0004633879780907695
9671.25	0.0006487593670124915
9671.5	0.0006302391217739299
9671.75	0.001019453553284425
9672.0	0.0006116874031832063
9672.25	0.0005560655737089234
9672.5	0.0007414392773280707
9672.75	0.0006487431693270773
9673.0	0.0006487431693270773
9673.25	0.0006302076499065001
9673.5	0.0006487431693270773
9673.75	0.0007970273217222306
9674.0	0.0007414392773280707
9674.25	0.0007970273217222306
9674.5	0.0005560794574392784
9674.75	0.0008526338814686946
9675.0	0.0007970671273912306
9675.25	0.0003707103824726156
9675.5	0.0008526338814686946
9675.75	0.0008711911477611046
9676.0	0.0008526551651040959
9676.25	0.0008897049188251167
9676.5	0.0006487431693270773
9676.75	0.0006672953489271342
9677.0	0.0007043497261040768
9677.25	0.0006487593670124915
9677.5	0.000722885245524654
9677.75	0.0007784917993321892
9678.0	0.000574615439353921
9678.25	0.0006672953489271342
9678.5	0.000574615439353921
9678.75	0.000722903295413428
9679.0	0.0007414392773280707
9679.25	0.0005931366118077118
9679.5	0.0006858313315841428
9679.75	0.0007599752592427133
9680.0	0.0006672786880052885
9680.25	0.0007043849008934941
9680.5	0.0005931366118077118
9680.75	0.0006858142074258656
9681.0	0.000834119189870748
9681.25	0.0005375434755246358
9681.5	0.00044486356595142276
9681.75	0.0006672786880052885
9682.0	0.0005004590161895578
9682.25	0.0006487431693270773
9682.5	0.0005931514212685637
9682.75	0.00046339954786606537
9683.0	0.0006301919154575174
9683.25	0.0006116874031832063
9683.5	0.0005004590161895578
9683.75	0.0006858142074258656
9684.0	0.000630223385097849
9684.25	0.00046339954786606537
9684.5	0.0006858142074258656
9684.75	0.0006116721304859229
9685.0	0.0005375300542883462
9685.25	0.00042632758403678015
9685.5	0.00046337640831547365
9685.75	0.0007599562843658084
9686.0	0.00042631693999198116
9686.25	0.00044485245867019224
9686.5	0.0006487431693270773
9686.75	0.0005375434755246358
9687.0	0.0005190074936099932
9687.25	0.000574615439353921
9687.5	0.0005375300542883462
9687.75	0.0005189945348677689
9688.0	0.0005560516899785684
9688.25	0.0007414022533047579
9688.5	0.0005746010923871345
9688.75	0.0005931366118077118
9689.0	0.0003336476744635671
9689.25	0.00046337640831547365
9689.5	0.00042631693999198116
9689.75	0.000722885245524654
9690.0	0.0007043673134987854
9690.25	0.0005375300542883462
9690.5	0.0005004840086858754
9690.75	0.00040779160212213754
9691.0	0.0007043673134987854
9691.25	0.0006116874031832063
9691.5	0.0005560516899785684
9691.75	0.00044485245867019224
9692.0	0.0006116874031832063
9692.25	0.00042632758403678015
9692.5	0.00040779160212213754
9692.75	0.0005931514212685637
9693.0	0.0005931366118077118
9693.25	0.0005560655737089234
9693.5	0.0006487431693270773
9693.75	0.0006487431693270773
9694.0	0.0006672953489271342
9694.25	0.00040778142057140395
9694.5	0.0005745867461627141
9694.75	0.0005560655737089234
9695.0	0.00046339954786606537
9695.25	0.000630223385097849
9695.5	0.00048192349676898065
9695.75	0.00044486356595142276
9696.0	0.0007599752592427133
9696.25	0.0005190074936099932
9696.5	0.0007970472245567307
9696.75	0.000648726971641663
9697.0	0.0005931514212685637
9697.25	0.000481935529780708
9697.5	0.00044485245867019224
9697.75	0.00044485245867019224
9698.0	0.0006302076499065001
9698.25	0.0006487431693270773
9698.5	0.0006858313315841428
9698.75	0.000630223385097849
9699.0	0.00037071963829285226
9699.25	0.0003892459011508268
9699.5	0.00048192349676898065
9699.75	0.0005375166337944227
9700.0	0.000722885245524654
