9544.371235	0.003113153	9546.469039	0.001440346
9544.609153	0.002953266	9546.711526	0.001568452
9544.847094	0.002902326	9546.954027	0.001549208
9545.085059	0.002959134	9547.196544	0.001568453
9545.323048	0.002999174	9547.439075	0.001497972
9545.56106	0.003346852	9547.68162	0.00170293
9545.799094	0.003061703	9547.92418	0.001735071
9546.037152	0.003022096	9548.166754	0.001683891
9546.275233	0.002976311	9548.409343	0.00183114
9546.513337	0.002976456	9548.651945	0.001728612
9546.751463	0.003244624	9548.894562	0.001722175
9546.989611	0.003347231	9549.137192	0.001792808
9547.227782	0.003136031	9549.379836	0.001747832
9547.465975	0.00339274	9549.622494	0.001786332
9547.70419	0.003193394	9549.865166	0.001779824
9547.942427	0.002936496	9550.107851	0.001991305
9548.180685	0.00338729	9550.35055	0.002004427
9548.418966	0.00302804	9550.593263	0.001901755
9548.657267	0.003478673	9550.835988	0.002087344
9548.895591	0.003187563	9551.078727	0.001812137
9549.133935	0.003307298	9551.321479	0.002177244
9549.372301	0.003284628	9551.564245	0.002158038
9549.610687	0.003073585	9551.807023	0.002171
9549.849095	0.003409977	9552.049815	0.001946519
9550.087523	0.00353557	9552.292619	0.002164475
9550.325972	0.00370665	9552.535436	0.002151627
9550.564441	0.003341433	9552.778266	0.002189992
9550.802931	0.003598453	9553.021108	0.002183714
9551.041441	0.003410157	9553.263964	0.002535954
9551.279972	0.003780727	9553.506831	0.002189834
9551.518522	0.003450041	9553.749712	0.002485082
9551.757093	0.003358773	9553.992604	0.002830913
9551.995683	0.003655439	9554.235509	0.002376084
9552.234293	0.003791987	9554.478426	0.002612968
9552.472923	0.003666726	9554.721356	0.003150996
9552.711572	0.003689776	9554.964298	0.00327932
9552.95024	0.003837724	9555.207251	0.002837354
9553.188928	0.003769434	9555.450217	0.003157749
9553.427635	0.003923673	9555.693194	0.003484372
9553.666362	0.004208631	9555.936184	0.003080531
9553.905107	0.004191497	9556.179185	0.003132239
9554.143871	0.003997574	9556.422198	0.003298552
9554.382654	0.004214225	9556.665223	0.003644742
9554.621455	0.003786633	9556.908259	0.003695909
9554.860276	0.003997475	9557.151307	0.003760365
9555.099114	0.004157475	9557.394366	0.003978416
9555.337971	0.004248809	9557.637437	0.004272271
9555.576847	0.004254416	9557.880519	0.00415094
9555.81574	0.004487974	9558.123612	0.004696016
9556.054652	0.004288553	9558.366717	0.004938602
9556.293581	0.004459729	9558.609833	0.004855873
9556.532529	0.004334063	9558.85296	0.004702304
9556.771494	0.004357116	9559.096098	0.005131834
9557.010477	0.004493648	9559.339247	0.00598979
9557.249478	0.00460226	9559.582407	0.005822885
9557.488496	0.004750365	9559.825578	0.006342878
9557.727532	0.005110225	9560.06876	0.00670161
9557.966585	0.005189977	9560.311952	0.007175014
9558.205655	0.00520106	9560.555156	0.007490006
9558.444743	0.00561732	9560.79837	0.008085936
9558.683848	0.005486522	9561.041594	0.008400159
9558.922969	0.005868316	9561.28483	0.008816057
9559.162108	0.005873756	9561.528075	0.009322107
9559.401263	0.005663414	9561.771331	0.010098179
9559.640435	0.005850974	9562.014598	0.01016237
9559.879624	0.006239239	9562.257875	0.010983339
9560.11883	0.006713184	9562.501162	0.011750648
9560.358052	0.007003167	9562.74446	0.012590062
9560.59729	0.007180087	9562.987767	0.013089123
9560.836545	0.007642075	9563.231085	0.014180657
9561.075816	0.008098447	9563.474413	0.01443477
9561.315103	0.007967503	9563.717751	0.014391484
9561.554406	0.008560576	9563.961099	0.016299782
9561.793725	0.00880618	9564.204457	0.016340303
9562.03306	0.009250608	9564.447825	0.016680362
9562.272411	0.009969386	9564.691203	0.0183629
9562.511778	0.0099638	9564.934591	0.019159079
9562.751161	0.010585102	9565.177988	0.020756264
9562.990559	0.011247437	9565.421395	0.021787532
9563.229973	0.012404855	9565.664812	0.023613278
9563.469402	0.012558687	9565.908238	0.025363437
9563.708847	0.013107146	9566.151674	0.027708401
9563.948307	0.013533719	9566.39512	0.02824158
9564.187782	0.014555449	9566.638575	0.032950213
9564.427273	0.01478933	9566.882039	0.036552635
9564.666779	0.015308493	9567.125513	0.039648955
9564.906299	0.015559788	9567.368996	0.044789902
9565.145835	0.017527514	9567.612489	0.048646814
9565.385386	0.017607251	9567.85599	0.052891898
9565.624951	0.01869626	9568.099501	0.058717801
9565.864531	0.020328478	9568.343022	0.064610705
9566.104126	0.020390749	9568.586551	0.068437189
9566.343736	0.02220485	9568.830089	0.073754908
9566.58336	0.023704888	9569.073637	0.07801932
9566.822999	0.025341816	9569.317193	0.08118085
9567.062652	0.028057755	9569.560759	0.084133713
9567.302319	0.030436374	9569.804333	0.087261096
9567.542001	0.032843504	9570.047917	0.09067941
9567.781697	0.036572553	9570.291509	0.094126223
9568.021408	0.0402946	9570.53511	0.096898616
9568.261132	0.043781628	9570.77872	0.101362813
9568.50087	0.049216036	9571.022338	0.103467611
9568.740623	0.051756206	9571.265965	0.108357172
9568.980389	0.05873453	9571.509601	0.110401358
9569.220169	0.061614007	9571.753246	0.113671648
9569.459964	0.065906777	9571.996899	0.114396436
9569.699771	0.070919358	9572.24056	0.110340939
9569.939593	0.075198023	9572.48423	0.108127638
9570.179428	0.077713553	9572.727909	0.101813177
9570.419277	0.079833716	9572.971596	0.094376024
9570.659139	0.08232565	9573.215291	0.087688534
9570.899014	0.086014877	9573.458995	0.078694482
9571.138903	0.088960938	9573.702707	0.072729671
9571.378806	0.091881206	9573.946427	0.065750127
9571.618721	0.095208642	9574.190156	0.05966188
9571.85865	0.099366249	9574.433893	0.054591372
9572.098592	0.101294553	9574.677638	0.049507014
9572.338547	0.106360549	9574.921391	0.046570404
9572.578515	0.106349316	9575.165152	0.042114292
9572.818496	0.105063954	9575.408922	0.040034571
9573.058491	0.104153513	9575.652699	0.037515873
9573.298498	0.100274194	9575.896484	0.035279264
9573.538517	0.096144947	9576.140278	0.034315976
9573.77855	0.089372869	9576.384079	0.033022477
9574.018595	0.08275048	9576.627888	0.030473741
9574.258653	0.076408795	9576.871705	0.027899878
9574.498724	0.068633111	9577.11553	0.026495333
9574.738807	0.064669404	9577.359363	0.024311179
9574.978902	0.058239175	9577.603203	0.023388452
9575.21901	0.053805639	9577.847051	0.021471337
9575.459131	0.049412606	9578.090907	0.02024047
9575.699264	0.045806061	9578.334771	0.018556275
9575.939409	0.040923288	9578.578642	0.016890142
9576.179566	0.038634461	9578.822521	0.016269418
9576.419736	0.035690828	9579.066407	0.01519875
9576.659917	0.034365718	9579.310301	0.013647631
9576.900111	0.031646364	9579.554203	0.013692906
9577.140317	0.02995947	9579.798112	0.012487501
9577.380535	0.028312603	9580.042028	0.011879741
9577.620765	0.027291172	9580.285952	0.011378927
9577.861007	0.025090592	9580.529883	0.010168184
9578.10126	0.02368759	9580.773822	0.009250604
9578.341525	0.022440153	9581.017768	0.00910432
9578.581803	0.020324892	9581.261721	0.008861413
9578.822092	0.01902988	9581.505682	0.008220296
9579.062392	0.018089069	9581.74965	0.007983084
9579.302704	0.016611732	9581.993625	0.007560259
9579.543028	0.015591115	9582.237607	0.007066975
9579.783363	0.014269458	9582.481596	0.006028698
9580.02371	0.013356711	9582.725593	0.006182259
9580.264068	0.013020584	9582.969597	0.005623911
9580.504438	0.012301769	9583.213607	0.005426893
9580.744819	0.011634626	9583.457625	0.005233931
9580.985211	0.010482829	9583.70165	0.004913407
9581.225615	0.010381135	9583.945682	0.00481089
9581.466029	0.009690792	9584.18972	0.004701639
9581.706455	0.009132071	9584.433766	0.004106045
9581.946892	0.008522864	9584.677819	0.003894675
9582.18734	0.008722034	9584.921878	0.00392655
9582.4278	0.008562147	9585.165945	0.003516263
9582.66827	0.007194208	9585.410018	0.003631913
9582.908751	0.007353585	9585.654098	0.003535784
9583.149243	0.006692364	9585.898185	0.003209069
9583.389746	0.006343672	9586.142278	0.003131818
9583.63026	0.006110308	9586.386379	0.002856765
9583.870784	0.005426378	9586.630486	0.002766625
9584.111319	0.005523283	9586.874599	0.002683692
9584.351866	0.005260879	9587.11872	0.002427018
9584.592422	0.00497034	9587.362847	0.002683531
9584.83299	0.004690784	9587.60698	0.002376096
9585.073567	0.004217146	9587.851121	0.002164418
9585.314156	0.004034886	9588.095267	0.002074689
9585.554755	0.003755471	9588.339421	0.002266672
9585.795364	0.003647199	9588.58358	0.001984679
9586.035984	0.003430301	9588.827747	0.001914684
9586.276615	0.003658536	9589.07192	0.001863383
9586.517255	0.00321371	9589.316099	0.001876128
9586.757906	0.003162332	9589.560284	0.001709305
9586.998568	0.003111294	9589.804476	0.001728824
9587.239239	0.002917524	9590.048675	0.001696557
9587.479921	0.003276505	9590.292879	0.001581455
9587.720613	0.003225279	9590.53709	0.001626087
9587.961315	0.00256395	9590.781308	0.001414868
9588.202027	0.002598111	9591.025531	0.001216192
9588.442749	0.00267776	9591.269761	0.001581398
9588.683481	0.002518192	9591.513997	0.00133139
9588.924223	0.002438285	9591.758239	0.001357124
9589.164975	0.002176024	9592.002488	0.001235403
9589.405737	0.002142011	9592.246742	0.00133769
9589.646509	0.00231861	9592.491003	0.001190411
9589.887291	0.002210256	9592.73527	0.001126432
9590.128083	0.002022171	9592.979543	0.001062353
9590.368884	0.001777003	9593.223822	0.001100788
9590.609695	0.001942285	9593.468107	0.000985327
9590.850516	0.001913588	9593.712398	0.000914797
9591.091346	0.001674385	9593.956695	0.001081674
9591.332186	0.001674304	9594.200998	0.000985431
9591.573036	0.00168565	9594.445308	0.000966222
9591.813895	0.001537465	9594.689623	0.0008765
9592.054764	0.001822655	9594.933944	0.000889231
9592.295642	0.001765397	9595.17827	0.000927659
9592.53653	0.001406311	9595.422603	0.000767459
9592.777427	0.001503302	9595.666942	0.000825196
9593.018334	0.001508962	9595.911286	0.000754714
9593.25925	0.001366472	9596.155636	0.000767576
9593.500175	0.001206824	9596.399992	0.000664998
9593.74111	0.001349268	9596.644354	0.000652205
9593.982054	0.001411997	9596.888722	0.000927803
9594.223007	0.001178282	9597.133095	0.000632833
9594.463969	0.001081212	9597.377474	0.0007292
9594.704941	0.001132661	9597.621859	0.000709782
9594.945921	0.001104107	9597.86625	0.000677851
9595.186911	0.001263729	9598.110646	0.000639403
9595.42791	0.0011897	9598.355047	0.000581725
9595.668918	0.001104063	9598.599455	0.000729054
9595.909935	0.0010244	9598.843868	0.000530446
9596.150961	0.001064109	9599.088286	0.000620142
9596.391996	0.00109272	9599.332711	0.000613685
9596.633039	0.000972958	9599.57714	0.000587968
9596.874092	0.000944558	9599.821576	0.00058166
9597.115154	0.000864716	9600.066016	0.000466333
9597.356224	0.001104104	9600.310463	0.00047273
9597.597303	0.001075566	9600.554914	0.00049201
9597.838391	0.000989884	9600.799371	0.000620142
9598.079488	0.000898843	9601.043834	0.000594457
9598.320593	0.00086459	9601.288302	0.000568808
9598.561708	0.00084757	9601.532775	0.000543177
9598.80283	0.000630996	9601.777254	0.000549671
9599.043962	0.000887489	9602.021738	0.000492011
9599.285102	0.000750651	9602.266228	0.000421507
9599.526251	0.000921751	9602.510723	0.000395898
9599.767408	0.000813359	9602.755223	0.000459971
9600.008574	0.000608014	9602.999729	0.000517639
9600.249748	0.000916054	9603.244239	0.000479233
9600.49093	0.000682192	9603.488755	0.000568924
9600.732122	0.00076197	9603.733277	0.000344569
9600.973321	0.000665054	9603.977803	0.000427917
9601.214529	0.000590938	9604.222335	0.000485567
9601.455745	0.000676488	9604.466872	0.000376721
9601.69697	0.000665083	9604.711414	0.000440724
9601.938203	0.000619525	9604.955961	0.000453509
9602.179444	0.000602316	9605.200513	0.000421483
9602.420694	0.000864624	9605.445071	0.000427877
9602.661951	0.000533891	9605.689634	0.000427923
9602.903217	0.000471209	9605.934201	0.000376601
9603.144491	0.000596665	9606.178774	0.000376645
9603.385773	0.00069933	9606.423352	0.000440792
9603.627064	0.000796166	9606.667935	0.000504836
9603.868362	0.000573908	9606.912523	0.00034465
9604.109669	0.000562466	9607.157116	0.000325378
9604.350983	0.000665095	9607.401714	0.000389491
9604.592306	0.000733505	9607.646317	0.000427862
9604.833636	0.00066499	9607.890924	0.000351009
9605.074975	0.000522474	9608.135537	0.00038306
9605.316321	0.000596601	9608.380155	0.000293294
9605.557676	0.000596631	9608.624778	0.000363742
9605.799038	0.000710623	9608.869405	0.000312535
9606.040408	0.000596674	9609.114038	0.000370219
9606.281786	0.000488364	9609.358675	0.000286919
9606.523172	0.000385696	9609.603318	0.00029338
9606.764565	0.000516828	9609.847965	0.000363851
9607.005967	0.000607884	9610.092617	0.000370202
9607.247376	0.000442697	9610.337273	0.000383011
9607.488793	0.000562395	9610.581935	0.000402313
9607.730217	0.000585303	9610.826601	0.000242041
9607.971649	0.000362862	9611.071272	0.000440675
9608.213089	0.000562399	9611.315948	0.000210045
9608.454537	0.000642238	9611.560629	0.000235652
9608.695992	0.000471255	9611.805314	0.00035743
9608.937455	0.000619457	9612.050004	0.000254875
9609.178925	0.000545324	9612.294699	0.000229291
9609.420403	0.000488312	9612.539398	0.000312519
9609.661888	0.000374254	9612.784102	0.000254921
9609.903381	0.000459862	9613.028811	0.000139523
9610.144881	0.0005967	9613.273524	0.000338167
9610.386389	0.000522501	9613.518242	0.000242083
9610.627904	0.000511085	9613.762965	0.00028054
9610.869426	0.000505356	9614.007692	0.00026769
9611.110956	0.000414251	9614.252424	0.00013318
9611.352493	0.000454085	9614.49716	0.000242073
9611.594038	0.000482459	9614.741901	0.000242007
9611.83559	0.000317171	9614.986647	0.000261291
9612.077149	0.000283063	9615.231397	0.000222871
9612.318716	0.000533897	9615.476151	0.000306153
9612.560289	0.000465508	9615.72091	0.000261293
9612.80187	0.000545174	9615.965674	0.00029328
9613.043459	0.000425557	9616.210442	0.000165227
9613.285054	0.000391406	9616.455214	0.000229257
9613.526656	0.000402755	9616.699991	0.000210046
9613.768266	0.000431333	9616.944772	0.000184444
9614.009883	0.00046552	9617.189558	0.000190808
9614.251507	0.000305877	9617.434348	0.000216429
9614.493138	0.000334225	9617.679143	0.000216456
9614.734776	0.000243069	9617.923942	0.000229241
9614.976421	0.000368565	9618.168745	0.000299687
9615.218073	0.000402722	9618.413553	0.000261287
9615.459732	0.000608026	9618.658365	0.000274116
9615.701398	0.000665009	9618.903181	0.000254799
9615.943071	0.000374283	9619.148002	0.000350965
9616.184751	0.000231693	9619.392827	0.000338147
9616.426438	0.000283045	9619.637656	0.000357441
9616.668132	0.000596645	9619.88249	0.000203616
9616.909832	0.000340088	9620.127328	0.000139528
9617.15154	0.000339997	9620.37217	0.000267644
9617.393254	0.000511026	9620.617016	0.000357441
9617.634975	0.000225933	9620.861867	0.000235659
9617.876703	0.000493942	9621.106722	0.000222826
9618.118438	0.000374264	9621.351581	0.000152358
9618.360179	0.000322859	9621.596444	0.000248442
9618.601928	0.000396963	9621.841312	0.000312555
9618.843683	0.000528179	9622.086183	0.000216439
9619.085444	0.000226004	9622.331059	0.000248491
9619.327213	0.000163278	9622.575939	0.000158741
9619.568988	0.000334325	9622.820823	2.55E-04
9619.810769	0.000391384	9623.065712	3.38E-04
9620.052558	0.000402714	9623.310604	2.74E-04
9620.294353	0.000186093	9623.5555	9.46593E-05
9620.536154	0.000311529	9623.800401	0.000145944
9620.777962	0.000442713	9624.045306	0.000261328
9621.019777	0.000431247	9624.290214	0.000139532
9621.261598	0.000334963	9624.535127	0.0002441
9621.503426	0.000384935	9624.780044	0.000227251
9621.74526	0.000343	9625.024965	0.000238918
9621.987101	0.00031256	9625.26989	0.000263538
9622.228948	0.000309107	9625.514819	0.000229191
9622.470801	0.000352768	9625.759752	0.000236969
9622.712661	0.000286136	9626.004689	0.000264192
9622.954528	0.00024132	9626.24963	0.000207815
9623.196401	0.000313135	9626.494574	0.000206514
9623.43828	0.000364833	9626.739523	0.00024604
9623.680165	0.000264875	9626.984476	0.00023114
9623.922057	0.000293593	9627.229433	0.000233086
9624.163955	0.000372289	9627.474394	0.000238911
9624.40586	0.000267172	9627.719358	0.000223358
9624.647771	0.000309112	9627.964327	0.00020587
9624.889688	0.000320601	9628.209299	0.000240212
9625.131611	0.000351627	9628.454275	0.000220123
9625.373541	0.000365972	9628.699255	0.000234375
9625.615477	0.000298766	9628.94424	0.000201979
9625.857419	0.000310819	9629.189227	0.000218825
9626.099367	0.000316573	9629.434219	0.000234379
9626.341321	0.000289576	9629.679215	0.000240862
9626.583282	0.000336109	9629.924214	0.000238919
9626.825248	0.000288427	9630.169217	0.000242804
9627.067221	0.000299346	9630.414224	0.00018253
9627.3092	0.000303939	9630.659235	0.000226601
9627.551185	0.000340695	9630.90425	0.000181245
9627.793176	0.000298757	9631.149268	0.000222068
9628.035173	0.000296467	9631.39429	0.000239568
9628.277177	0.000318294	9631.639316	0.000216889
9628.519186	0.000329777	9631.884346	0.000221422
9628.761201	0.0002844	9632.129379	0.000198742
9629.003222	0.000295889	9632.374416	0.000245395
9629.245249	0.000287846	9632.619457	0.000217534
9629.487283	0.000310824	9632.864502	0.000263539
9629.729322	0.000354482	9633.10955	0.000242158
9629.971367	0.000342407	9633.354602	0.000241507
9630.213418	0.000363093	9633.599657	0.000217529
9630.455474	0.000382045	9633.844717	0.000200686
9630.697537	0.000324606	9634.089779	0.000233728
9630.939606	0.00033897	9634.334846	0.000229844
9631.18168	0.000368267	9634.579916	0.000223366
9631.423761	0.000338395	9634.82499	0.00020846
9631.665847	0.000285546	9635.070067	0.000281036
9631.907939	0.000298179	9635.315148	0.00022854
9632.150036	0.000333225	9635.560233	0.000242155
9632.39214	0.000328054	9635.805321	0.000218828
9632.634249	0.000291861	9636.050413	0.000253817
9632.876364	0.000245324	9636.295509	0.000235023
9633.118485	0.000228663	9636.540608	0.000236972
9633.360611	0.000298754	9636.78571	0.000236317
9633.602744	0.000332637	9637.030816	0.00022466
9633.844881	0.000282081	9637.275926	0.00025835
9634.087025	0.000249925	9637.521039	0.000222713
9634.329174	0.000334361	9637.766155	0.00027067
9634.571329	0.000299907	9638.011276	0.000235029
9634.81349	0.000345279	9638.256399	0.000256414
9635.055656	0.000322299	9638.501526	0.000253169
9635.297827	0.000341829	9638.746657	0.000234379
9635.540005	0.000329756	9638.991791	0.000243456
9635.782188	0.000277492	9639.236929	0.000271313
9636.024376	0.000254521	9639.48207	0.000255111
9636.26657	0.000324598	9639.727214	0.000286864
9636.50877	0.000240734	9639.972362	0.000228553
9636.750975	0.000287829	9640.217514	0.000256417
9636.993185	0.000311386	9640.462668	0.000231786
9637.235401	0.000375138	9640.707826	0.000244099
9637.477623	0.000258542	9640.952988	0.000235027
9637.71985	0.000305067	9641.198153	0.000273257
9637.962082	0.000284384	9641.443321	0.000250579
9638.20432	0.000318281	9641.688493	0.000280379
9638.446563	0.000266577	9641.933668	0.000317326
9638.688812	0.00027002	9642.178847	0.000285571
9638.931066	0.000236712	9642.424029	0.000284274
9639.173326	0.000240727	9642.669214	0.000311493
9639.415591	0.000248187	9642.914402	0.000277795
9639.657861	0.000242446	9643.159594	0.00033093
9639.900137	0.0002591	9643.404789	0.000306309
9640.142417	0.000217168	9643.649988	0.000288167
9640.384704	0.000302194	9643.89519	0.000340006
9640.626995	0.000261978	9644.140395	0.000350372
9640.869292	0.000260251	9644.385603	0.000369166
9641.111594	0.000247615	9644.630815	0.000379534
9641.353902	0.000342964	9644.87603	0.000389904
9641.596214	0.000292426	9645.121248	0.000364631
9641.838532	0.000263116	9645.366469	0.000411283
9642.080855	0.000237272	9645.611694	0.000389247
9642.323184	0.00029242	9645.856922	0.000381483
9642.565517	0.000314242	9646.102153	0.000373053
9642.807856	0.000236709	9646.347388	0.000368518
9643.0502	0.000259677	9646.592625	0.00032057
9643.292549	0.000283218	9646.837866	0.000374354
9643.534903	0.000361922	9647.08311	0.000335463
9643.777262	0.000295287	9647.328357	0.000349718
9644.019627	0.000255084	9647.573608	0.000382124
9644.261997	0.000300469	9647.818861	0.000385363
9644.504371	0.000318263	9648.064118	0.000410643
9644.746751	0.000322285	9648.309378	0.000443036
9644.989136	0.000357321	9648.554641	0.000499416
9645.231526	0.000278632	9648.799908	0.000505248
9645.473921	0.000258526	9649.045177	0.00051238
9645.716321	0.000270588	9649.290449	0.000530519
9645.958726	0.000310796	9649.535725	0.000547369
9646.201136	0.00032227	9649.781004	0.000636789
9646.443551	0.000341244	9650.026286	0.000601156
9646.685972	0.000371105	9650.271571	0.000616057
9646.928397	0.00032458	9650.516859	0.000595967
9647.170827	0.000358469	9650.76215	0.000623188
9647.413262	0.000368241	9651.007444	0.000569392
9647.655702	0.000426827	9651.252742	0.000594014
9647.898147	0.00044118	9651.498042	0.000588837
9648.140597	0.000387192	9651.743345	0.000550605
9648.383051	0.000514131	9651.988652	0.000658178
9648.625511	0.000553193	9652.233962	0.000636787
9648.867976	0.00058249	9652.479274	0.000700302
9649.110445	0.000649116	9652.72459	0.000763793
9649.352919	0.000613518	9652.969909	0.00082666
9649.595399	0.000724944	9653.21523	0.000998392
9649.837883	0.000794453	9653.460555	0.001055408
9650.080371	0.000829485	9653.705883	0.001203802
9650.322865	0.000874858	9653.951213	0.001389774
9650.565364	0.000947834	9654.196547	0.001498641
9650.807867	0.000984578	9654.441884	0.001683339
9651.050375	0.001029966	9654.687223	0.001823958
9651.292888	0.001131058	9654.932566	0.001869308
9651.535406	0.001180454	9655.177912	0.001854416
9651.777928	0.001179313	9655.42326	0.001906235
9652.020455	0.00122697	9655.668612	0.00180063
9652.262987	0.001258578	9655.913966	0.001770173
9652.505524	0.001289028	9656.159323	0.00161268
9652.748065	0.001298229	9656.404684	0.001379409
9652.990611	0.001284441	9656.650047	0.001276375
9653.233162	0.001275811	9656.895413	0.001108566
9653.475717	0.001252266	9657.140782	0.001008112
9653.718277	0.001223548	9657.386154	0.000877859
9653.960842	0.001170681	9657.631529	0.000781287
9654.203411	0.00121204	9657.876907	0.000671779
9654.445985	0.001121869	9658.122287	0.000608921
9654.688564	0.001121861	9658.367671	0.000535054
9654.931147	0.0010334	9658.613057	0.000470255
9655.173735	0.001015025	9658.858447	0.000466369
9655.416328	0.000991469	9659.103839	0.000432668
9655.658925	0.000855329	9659.349234	0.000431368
9655.901526	0.00080306	9659.594631	0.000350372
9656.144133	0.000757112	9659.840032	0.000351662
9656.386744	0.000816845	9660.085436	0.000332875
9656.629359	0.000784103	9660.330842	0.000328342
9656.871979	0.000599137	9660.576251	0.000291401
9657.114603	0.000606033	9660.821663	0.000311487
9657.357232	0.000505502	9661.067078	0.000281683
9657.599866	0.000460697	9661.312495	0.000270022
9657.842503	0.000476212	9661.557916	0.000277797
9658.085146	0.000499762	9661.803339	0.000281033
9658.327793	0.000438294	9662.048765	0.000259004
9658.570444	0.000466445	9662.294193	0.000264193
9658.8131	0.000440593	9662.539625	0.000287513
9659.05576	0.000440024	9662.785059	0.000239562
9659.298425	0.000402101	9663.030496	0.000262239
9659.541094	0.000429109	9663.275936	0.000258997
9659.783768	0.000345818	9663.521378	0.00023373
9660.026446	0.000359607	9663.766823	0.000231133
9660.269128	0.000310205	9664.012271	0.000263538
9660.511815	0.000360747	9664.257722	0.000276498
9660.754506	0.000365917	9664.503175	0.000268078
9660.997201	0.00033203	9664.748632	0.000255768
9661.239901	0.000399234	9664.99409	0.000236969
9661.482605	0.000352136	9665.239552	0.00022725
9661.725314	0.000342377	9665.485016	0.000255762
9661.968027	0.000342372	9665.730483	0.000243449
9662.210744	0.000370513	9665.975953	0.000209108
9662.453466	0.000323981	9666.221425	0.000244748
9662.696192	0.00033203	9666.4669	0.000211693
9662.938922	0.00036937	9666.712378	0.000185779
9663.181656	0.000371083	9666.957858	0.00018578
9663.424395	0.000367066	9667.203341	0.000155972
9663.667138	0.000345806	9667.448827	0.000133939
9663.909885	0.000347542	9667.694315	0.000146905
9664.152637	0.000344666	9667.939806	0.000131344
9664.395392	0.000317658	9668.185299	1.22E-04
9664.638152	0.00030215	9668.430795	1.34E-04
9664.880916	0.000274003	9668.676294	1.06E-04
9665.123685	0.00027918	9668.921796	9.18E-05
9665.366457	0.00025965	9669.1673	6.59E-05
9665.609234	0.000208518	9669.412806	7.37E-05
9665.852015	0.000207377	9669.658315	7.56E-05
9666.0948	0.000207377	9669.903827	8.34E-05
9666.33759	0.000189562	9670.149342	6.59E-05
9666.580383	0.000109148	9670.394859	9.31E-05
9666.823181	0.000136145	9670.640378	7.89E-05
9667.065983	1.53E-04	9670.8859	1.11E-04
9667.308788	1.25E-04	9671.131425	9.18E-05
9667.551599	1.04E-04	9671.376953	1.02E-04
9667.794413	7.87E-05	9671.622482	1.04E-04
9668.037231	3.10E-05	9671.868015	8.92E-05
9668.280053	2.18E-05	9672.11355	9.83E-05
9668.52288	7.07E-05	9672.359087	9.51E-05
9668.76571	3.28E-05	9672.604627	9.83E-05
9669.008545	8.05E-06	9672.85017	1.49E-04
9669.251384	2.18E-05	9673.095715	9.05238E-05
9669.494226	-9.75E-06	9673.341263	0.000100242
9669.737073	1.12E-04	9673.586813	0.000152368
9669.979924	7.21E-05	9673.832365	0.000101112
9670.222779	3.20E-05	9674.07792	1.20E-04
9670.465638	1.18E-04	9674.323478	1.46E-04
9670.708501	-1.92E-05	9674.569038	1.14E-04
9670.951368	2.66E-04	9674.814601	3.70E-05
9671.194238	-8.19E-05	9675.060166	7.54E-05
9671.437113	4.34E-05	9675.305734	8.19E-05
9671.679992	2.07E-05	9675.551304	7.54E-05
9671.922875	9.32E-06	9675.796876	1.46E-04
9672.165762	2.64E-05	9676.042451	1.91E-04
9672.408653	1.23E-04	9676.288029	3.06E-05
9672.651547	1.06E-04	9676.533608	6.91E-05
9672.894446	1.06E-04	9676.779191	2.23E-04
9673.137349	-3.63E-05	9677.024776	9.46799E-05
9673.380255	4.92E-05	9677.270363	1.14E-04
9673.623166	3.00E-04	9677.515953	1.46E-04
9673.86608	-2.07E-06	9677.761545	1.40E-04
9674.108998	4.35E-05	9678.007139	2.42E-05
9674.35192	9.29E-06	9678.252736	6.26E-05
9674.594846	-4.78E-05	9678.498336	1.33E-04
9674.837776	3.78E-05	9678.743937	6.91E-05
9675.08071	7.77E-05	9678.989541	1.14E-05
9675.323648	-1.05E-04	9679.235148	1.52E-04
9675.566589	1.52E-04	9679.480757	-7.87E-06
9675.809535	7.77E-05	9679.726368	2.42E-05
9676.052484	1.35E-04	9679.971982	4.34E-05
9676.295437	6.62E-05	9680.217598	6.26E-05
9676.538394	-4.77E-05	9680.463217	5.62E-05
9676.781354	-2.02E-06	9680.708838	3.06E-05
9677.024319	9.48E-05	9680.954461	1.78E-05
9677.267287	1.06E-04	9681.200087	6.90E-05
9677.510259	-1.50E-04	9681.445715	-7.84E-06
9677.753235	9.32E-06	9681.691345	3.70E-05
9677.996214	3.64E-06	9681.936977	3.70E-05
9678.239198	1.29E-04	9682.182612	-7.84E-06
9678.482185	2.64E-05	9682.42825	9.46E-05
9678.725176	3.21E-05	9682.67389	-7.88E-06
9678.968171	-2.49E-05	9682.919532	4.97E-06
9679.211169	4.92E-05	9683.165176	-7.86E-06
9679.454171	-5.34E-05	9683.410822	3.70E-05
9679.697177	-4.21E-05	9683.656471	4.98E-05
9679.940186	-1.10E-04	9683.902123	1.14E-05
9680.1832	4.35E-05	9684.147776	6.27E-05
9680.426217	5.49E-05	9684.393432	-7.85E-06
9680.669237	-8.20E-05	9684.63909	-1.42E-05
9680.912262	5.49E-05	9684.884751	-7.19E-05
9681.15529	1.00E-04	9685.130414	-2.07E-05
9681.398322	7.20E-05	9685.376079	6.91E-05
9681.641357	-1.36E-05	9685.621746	4.34E-05
9681.884396	7.20E-05	9685.867416	-2.71E-05
9682.127439	-1.05E-04	9686.113087	-2.07E-05
9682.370485	-2.50E-05	9686.358762	-3.99E-05
9682.613535	1.46E-04	9686.604438	8.83E-05
9682.856589	2.07E-05	9686.850117	-3.99E-05
9683.099646	4.92E-05	9687.095797	4.34E-05
9683.342707	2.65E-05	9687.341481	5.62E-05
9683.585771	4.92E-05	9687.587166	-1.42E-05
9683.828839	1.69E-04	9687.832854	-2.71E-05
9684.071911	3.21E-05	9688.078543	4.34E-05
9684.314986	-5.34E-05	9688.324236	-4.63E-05
9684.558065	3.20E-05	9688.56993	3.70E-05
9684.801147	1.29E-04	9688.815626	-1.44E-06
9685.044233	-1.33E-04	9689.061325	1.14E-05
9685.287323	-1.16E-04	9689.307026	1.14E-05
9685.530416	-1.10E-04	9689.552729	-1.17E-04
9685.773513	1.49E-05	9689.798435	-3.99E-05
9686.016613	-8.20E-05	9690.044142	-7.83E-06
9686.259717	1.23E-04	9690.289852	-7.84E-05
9686.502824	-9.90E-05	9690.535564	4.34E-05
9686.745935	-2.50E-05	9690.781278	-3.99E-05
9686.989049	-2.49E-05	9691.026995	3.06E-05
9687.232167	-5.92E-05	9691.272713	-2.71E-05
9687.475288	-2.15E-06	9691.518434	-5.91E-05
9687.718413	-4.78E-05	9691.764157	3.06E-05
9687.961541	-8.77E-05	9692.009882	-5.27E-05
9688.204673	2.07E-05	9692.255609	-2.06E-05
9688.447808	2.26E-04	9692.501338	-1.38E-06
9688.690947	6.05E-05	9692.74707	2.42E-05
9688.934089	1.29E-04	9692.992803	-7.85E-06
9689.177234	-2.49738E-05	9693.238539	-1.42388E-05
