9543.791946	0.001277544
9544.028093	0.001430779
9544.264266	0.00128163
9544.500467	0.001406843
9544.736694	0.001414598
9544.972948	0.0013907
9545.209228	0.001527699
9545.445534	0.001487226
9545.681867	0.001571962
9545.918226	0.001668818
9546.15461	0.001535604
9546.39102	0.001479173
9546.627455	0.001386506
9546.863916	0.001600085
9547.100402	0.001471131
9547.336913	0.001596141
9547.573448	0.001503567
9547.810009	0.001467168
9548.046594	0.001608314
9548.283203	0.001535578
9548.519837	0.001676675
9548.756495	0.001680995
9548.993177	0.001701013
9549.229883	0.001934913
9549.466613	0.001700905
9549.703366	0.001963274
9549.940142	0.001729225
9550.176942	0.001938881
9550.413765	0.001761563
9550.650612	0.00187019
9550.887481	0.001902471
9551.124373	0.001930822
9551.361288	0.001894481
9551.598225	0.00212834
9551.835184	0.002164449
9552.072166	0.002104091
9552.309171	0.002217047
9552.546197	0.00236211
9552.783245	0.002450617
9553.020315	0.002406264
9553.257407	0.002523313
9553.49452	0.002386177
9553.731655	0.002563632
9553.968811	0.002664599
9554.205988	0.002539781
9554.443187	0.002845782
9554.680406	0.00265617
9554.917647	0.002801567
9555.154908	0.002898374
9555.39219	0.003026816
9555.629493	0.003099843
9555.866816	0.003047501
9556.104159	0.003502975
9556.341523	0.00334993
9556.578907	0.003474892
9556.81631	0.003716435
9557.053734	0.003555561
9557.291178	0.003817653
9557.528641	0.00397093
9557.766124	0.004446347
9558.003627	0.00434549
9558.241149	0.004728667
9558.47869	0.004664594
9558.716251	0.00508736
9558.953831	0.005155983
9559.19143	0.005708187
9559.429047	0.006098944
9559.666684	0.005740544
9559.90434	0.006361401
9560.142014	0.006615751
9560.379707	0.006918067
9560.617418	0.007204179
9560.855148	0.007623875
9561.092896	0.008320762
9561.330662	0.008881552
9561.568446	0.009255886
9561.806249	0.009800815
9562.044069	0.010429549
9562.281907	0.011097308
9562.519764	0.011549559
9562.757637	0.012320202
9562.995529	0.013022416
9563.233438	0.013433199
9563.471364	0.014203462
9563.709308	0.014994248
9563.947269	0.015650343
9564.185248	0.016976978
9564.423243	0.016909033
9564.661256	0.018025222
9564.899286	0.019194834
9565.137332	0.020484898
9565.375395	0.022020928
9565.613476	0.022953179
9565.851572	0.024223862
9566.089686	0.026500235
9566.327816	0.02963839
9566.565962	0.032417886
9566.804125	0.035672528
9567.042304	0.039357365
9567.280499	0.043088348
9567.51871	0.047087836
9567.756938	0.052363424
9567.995181	0.057585405
9568.23344	0.062087424
9568.471716	0.06763349
9568.710007	0.072502491
9568.948314	0.075773965
9569.186636	0.080689574
9569.424974	0.082744856
9569.663328	0.086094362
9569.901697	0.090476527
9570.140081	0.094424719
9570.378481	0.096985499
9570.616896	0.099452326
9570.855326	0.105098707
9571.093771	0.10810796
9571.332231	0.111761009
9571.570707	0.114237004
9571.809197	0.114251294
9572.047702	0.114229414
9572.286222	0.111421884
9572.524757	0.108562954
9572.763306	0.103388089
9573.00187	0.097516675
9573.240449	0.08939865
9573.479042	0.083517397
9573.717649	0.075649346
9573.956271	0.07009675
9574.194907	0.062502951
9574.433557	0.058326566
9574.672222	0.052310111
9574.910901	0.048395787
9575.149593	0.045576
9575.3883	0.041761868
9575.627021	0.039713017
9575.865756	0.037363561
9576.104504	0.03510068
9576.343266	0.032668901
9576.582042	0.031009842
9576.820832	0.029772156
9577.059636	0.027798538
9577.298452	0.025946789
9577.537283	0.02411717
9577.776127	0.022630173
9578.014984	0.020980895
9578.253855	0.019430727
9578.492739	0.018455712
9578.731636	0.016910219
9578.970546	0.015825104
9579.20947	0.0146468
9579.448407	0.013943587
9579.687356	0.013482085
9579.926319	0.012290958
9580.165295	0.011513364
9580.404283	0.011284706
9580.643285	0.010756318
9580.882299	0.009679899
9581.121326	0.009187006
9581.360365	0.008636031
9581.599417	0.008466118
9581.838482	0.007962003
9582.07756	0.007325106
9582.31665	0.006884904
9582.555752	0.006724157
9582.794867	0.006539048
9583.033994	0.005986054
9583.273133	0.005748874
9583.512285	0.005499153
9583.751449	0.005075363
9583.990625	0.005236981
9584.229813	0.004398309
9584.469013	0.004567816
9584.708225	0.004228582
9584.94745	0.004115877
9585.186686	0.004071514
9585.425934	0.003241009
9585.665194	0.003345696
9585.904466	0.003063738
9586.14375	0.003265187
9586.383045	0.003051394
9586.622352	0.002974755
9586.861671	0.002789353
9587.101001	0.002575583
9587.340343	0.002644065
9587.579696	0.002414196
9587.819061	0.002345864
9588.058437	0.002499179
9588.297825	0.002354113
9588.537224	0.002132292
9588.776634	0.002128082
9589.016055	0.002269265
9589.255488	0.002007374
9589.494932	0.001902302
9589.734387	0.001700893
9589.973854	0.001741386
9590.213331	0.001692611
9590.452819	0.001825974
9590.692319	0.001592212
9590.931829	0.001499308
9591.17135	0.001543639
9591.410882	0.001700975
9591.650425	0.001439144
9591.889979	0.001293785
9592.129543	0.001471152
9592.369119	0.001362188
9592.608705	0.001293685
9592.848301	0.001176721
9593.087908	0.001152781
9593.327526	0.001172843
9593.567154	0.00105587
9593.806793	0.001075973
9594.046443	0.001035785
9594.286102	0.001063981
9594.525773	0.000967197
9594.765453	0.000902727
9595.005144	0.001019579
9595.244845	0.001039925
9595.484556	0.000862257
9595.724278	0.00091888
9595.96401	0.000926923
9596.203752	0.000870421
9596.443504	0.000785791
9596.683266	0.00082598
9596.923038	0.000797944
9597.162821	0.000809937
9597.402613	0.000733291
9597.642415	0.000826045
9597.882227	0.000749537
9598.122049	0.000709198
9598.361881	0.000604351
9598.601723	0.000676879
9598.841574	0.000616492
9599.081436	0.000656786
9599.321307	0.000592196
9599.561188	0.00050361
9599.801078	0.000588367
9600.040978	0.000431042
9600.280888	0.000685027
9600.520807	0.000439058
9600.760735	0.00059643
9601.000674	0.000604347
9601.240621	0.000543863
9601.480579	0.000499517
9601.720545	0.000543912
9601.960521	0.000568066
9602.200507	0.00041081
9602.440501	0.000438996
9602.680505	0.000495495
9602.920519	0.00045923
9603.160541	0.000612411
9603.400573	0.0003625
9603.640614	0.000555982
9603.880664	0.000435096
9604.120723	0.000503552
9604.360791	0.000302016
9604.600869	0.000334263
9604.840955	0.000414842
9605.081051	0.000410817
9605.321155	0.00044709
9605.561268	0.000467289
9605.801391	0.000398763
9606.041522	0.000342382
9606.281662	0.000451125
9606.521811	0.000346367
9606.761969	0.00033416
9607.002135	0.000475308
9607.24231	0.000451207
9607.482495	0.000301996
9607.722687	0.00037457
9607.962889	0.000269699
9608.203099	0.000253627
9608.443318	0.00036652
9608.683545	0.000354371
9608.923781	0.000289962
9609.164025	0.000334322
9609.404278	0.000285875
9609.64454	0.000358395
9609.88481	0.00025764
9610.125089	0.000297994
9610.365375	0.000314105
9610.605671	0.000221381
9610.845974	0.000306029
9611.086286	0.000342262
9611.326607	0.000281827
9611.566936	0.000241565
9611.807273	0.000302081
9612.047618	0.000273867
9612.287971	0.000306076
9612.528333	0.0003383
9612.768703	0.000310082
9613.009081	0.000273723
9613.249467	0.000269704
9613.489861	0.00018918
9613.730263	0.000156892
9613.970674	0.00026577
9614.211092	0.000334237
9614.451519	0.000245581
9614.691953	0.000257588
9614.932396	0.00028994
9615.172846	0.000168983
9615.413304	0.000305984
9615.653771	0.000265763
9615.894245	0.000269749
9616.134727	0.000302034
9616.375216	0.000164921
9616.615714	0.000249606
9616.856219	0.000342276
9617.096733	0.000185097
9617.337253	0.000225405
9617.577782	0.000314058
9617.818318	0.000225391
9618.058863	0.000221388
9618.299414	0.000322181
9618.539974	0.000104504
9618.78054	0.000165012
9619.021115	0.000205224
9619.261697	0.000201196
9619.502287	0.000164961
9619.742884	0.000269723
9619.983489	0.000215826
9620.224101	0.000214188
9620.464721	0.000234168
9620.705348	0.000219081
9620.945982	0.000211743
9621.186624	0.000229677
9621.427274	0.000221935
9621.66793	0.000237017
9621.908594	0.00019747
9622.149266	0.000225195
9622.389945	0.000216629
9622.630631	0.000206033
9622.871324	0.000210516
9623.112024	0.000187694
9623.352732	0.000237832
9623.593447	0.00020318
9623.834169	0.000200733
9624.074899	0.000180362
9624.315635	0.000231726
9624.556379	0.000217456
9624.797129	0.000199514
9625.037887	0.000182801
9625.278652	0.000217039
9625.519424	0.000208483
9625.760203	0.000237838
9626.000989	0.000197883
9626.241782	0.000211338
9626.482582	0.000204407
9626.723389	0.00023987
9626.964203	0.000194611
9627.205023	0.000204402
9627.445851	0.000227639
9627.686686	0.000217454
9627.927527	0.000215004
9628.168375	0.000238652
9628.409231	0.000227647
9628.650093	0.000239458
9628.890961	0.000226826
9629.131837	0.000237838
9629.372719	0.000218269
9629.613608	0.000227642
9629.854504	0.000214601
9630.095407	0.000247208
9630.336316	0.000224787
9630.577232	0.000204812
9630.818154	0.000201961
9631.059083	0.000194203
9631.300019	0.000195843
9631.540961	0.00022642
9631.78191	0.00019584
9632.022866	0.00021459
9632.263828	0.00018035
9632.504797	0.00019625
9632.745772	0.000187694
9632.986754	0.000210521
9633.227742	0.000228051
9633.468737	0.000215818
9633.709738	0.000219899
9633.950745	0.00021541
9634.191759	0.000237429
9634.43278	0.000234571
9634.673806	0.000212142
9634.914839	0.000201544
9635.155879	0.000205625
9635.396925	0.000229673
9635.637977	0.000202772
9635.879036	0.000231313
9636.1201	0.000216232
9636.361171	0.000214596
9636.602249	0.000224378
9636.843332	0.000234569
9637.084422	0.000214596
9637.325518	0.000195847
9637.56662	0.000181574
9637.807729	0.000223163
9638.048844	0.000172606
9638.289964	0.000177492
9638.531091	0.000207664
9638.772224	0.000176681
9639.013363	0.000199916
9639.254509	0.000215412
9639.49566	0.000206033
9639.736817	0.000205224
9639.977981	0.000191361
9640.21915	0.000194211
9640.460326	0.000178309
9640.701507	0.00022437
9640.942695	0.000240688
9641.183888	0.00021012
9641.425088	0.0001991
9641.666293	0.000200333
9641.907505	0.000223568
9642.148722	0.000202364
9642.389945	0.00021011
9642.631174	0.000207667
9642.872409	0.000208889
9643.11365	0.000228042
9643.354897	0.000265145
9643.596149	0.000243953
9643.837408	0.00024599
9644.078672	0.000241497
9644.319942	0.00023457
9644.561218	0.000234162
9644.802499	0.000254966
9645.043786	0.000247206
9645.285079	0.000295314
9645.526378	0.000299802
9645.767683	0.000296132
9646.008993	0.000286346
9646.250309	0.000349946
9646.49163	0.000391531
9646.732957	0.000382158
9646.97429	0.000434758
9647.215628	0.000508139
9647.456973	0.000498756
9647.698322	0.000526064
9647.939678	0.000586807
9648.181038	0.000599458
9648.422405	0.000645934
9648.663777	0.000728683
9648.905154	0.000800022
9649.146537	0.000855893
9649.387926	0.000895842
9649.62932	0.000952098
9649.87072	0.001032017
9650.112125	0.001098457
9650.353535	0.001139218
9650.594951	0.001138811
9650.836373	0.001279474
9651.0778	0.001239926
9651.319232	0.001288448
9651.56067	0.001350018
9651.802113	0.001366729
9652.043561	0.001324328
9652.285015	0.001308837
9652.526474	0.001274576
9652.767939	0.001227288
9653.009409	0.001179175
9653.250884	0.001193039
9653.492364	0.001092757
9653.73385	0.001060139
9653.975341	0.001057696
9654.216838	0.000984303
9654.458339	0.000990411
9654.699846	0.000925614
9654.941358	0.000840397
9655.182876	0.000836317
9655.424398	0.00072338
9655.665926	0.000687107
9655.907459	0.000634923
9656.148997	0.000602301
9656.39054	0.000573362
9656.632089	0.000560721
9656.873642	0.000506498
9657.115201	0.000457579
9657.356765	0.000445758
9657.598334	0.000401309
9657.839908	0.00038868
9658.081487	0.000402533
9658.323072	0.000393569
9658.564661	0.000381347
9658.806255	0.000340156
9659.047855	0.000365438
9659.289459	0.000356051
9659.531069	0.000334459
9659.772683	0.000278607
9660.014303	0.000343824
9660.255927	0.000336096
9660.497556	0.000354422
9660.739191	0.000332013
9660.98083	0.000356475
9661.222475	0.000367892
9661.464124	0.000294906
9661.705778	0.000340568
9661.947437	0.000329555
9662.189101	0.000360548
9662.43077	0.000332413
9662.672444	0.000305912
9662.914123	0.000303469
9663.155806	0.000319373
9663.397494	0.000313658
9663.639188	0.000299802
9663.880886	0.000252505
9664.122589	0.000274929
9664.364296	0.000247621
9664.606009	0.000227636
9664.847726	0.000137953
9665.089448	0.000174233
9665.331175	0.000131837
9665.572907	0.000146924
9665.814643	0.000111446
9666.056384	7.72E-05
9666.29813	9.19E-05
9666.53988	7.85E-05
9666.781636	4.38E-05
9667.023396	4.30E-05
9667.26516	4.50E-05
9667.50693	4.90E-05
9667.748704	3.49E-05
9667.990482	3.15E-05
9668.232266	4.23E-06
9668.474054	3.60E-05
9668.715846	5.04E-06
9668.957643	1.20E-05
9669.199445	1.65E-05
9669.441252	1.69E-05
9669.683063	-1.13E-05
9669.924878	-1.04E-05
9670.166698	3.93E-05
9670.408523	1.61E-05
9670.650352	3.11E-05
9670.892186	-7.60E-06
9671.134025	2.38E-05
9671.375868	2.74E-05
9671.617715	7.49E-06
9671.859567	2.25E-05
9672.101424	5.88E-05
9672.343284	5.07E-05
9672.58515	4.54E-05
9672.82702	3.32E-05
9673.068894	5.07E-05
9673.310773	5.44E-05
9673.552656	7.11E-05
9673.794544	5.76E-05
9674.036436	8.13E-05
9674.278333	5.15E-05
9674.520234	5.69E-05
9674.762139	8.25E-05
9675.004049	4.99E-05
9675.245963	4.99E-05
9675.487882	7.55E-05
9675.729804	3.68E-05
9675.971732	6.14E-05
9676.213663	2.46E-05
9676.455599	3.04E-05
9676.69754	4.22E-05
9676.939484	2.70E-05
9677.181433	5.93E-05
9677.423386	1.44E-05
9677.665344	3.52E-05
9677.907306	2.14E-05
9678.149272	1.76E-05
9678.391242	-6.38E-06
9678.633217	3.19E-05
9678.875196	-1.62E-05
9679.117179	3.41E-06
9679.359166	-5.96E-06
9679.601158	1.76E-05
9679.843154	-3.29E-05
9680.085154	2.19E-06
9680.327158	2.38E-05
9680.569166	-1.00E-05
9680.811179	-3.50E-05
9681.053196	-1.25E-05
9681.295217	1.51E-07
9681.537242	-2.70E-06
9681.779271	-1.07E-06
9682.021305	7.49E-06
9682.263342	-6.36E-06
9682.505384	-3.69E-05
9682.74743	-1.00E-05
9682.98948	-2.02E-05
9683.231534	-2.02E-05
9683.473592	-1.17E-05
9683.715654	-1.13E-05
9683.957721	-3.05E-05
9684.199791	-1.09E-05
9684.441866	-4.74E-06
9684.683944	-5.14E-06
9684.926027	-6.56E-07
9685.168114	-1.45E-05
9685.410204	-7.19E-06
9685.652299	2.38E-05
9685.894398	4.63E-06
9686.1365	1.73E-05
9686.378607	5.46E-06
9686.620718	-1.04E-05
9686.862833	-3.52E-06
9687.104952	5.86E-06
9687.347074	1.51E-07
9687.589201	7.49E-06
9687.739357	7.49E-06
