9550	0.001826598
9550.25	0.001541742
9550.5	0.001986155
9550.75	0.001576021
9551	0.00183781
9551.25	0.001621483
9551.5	0.001951786
9551.75	0.001951978
9552	0.001963246
9552.25	0.001655727
9552.5	0.001610099
9552.75	0.00167836
9553	0.002191098
9553.25	0.002122848
9553.5	0.002327994
9553.75	0.002077239
9554	0.002122997
9554.25	0.0024535
9554.5	0.00219107
9554.75	0.002396179
9555	0.002635727
9555.25	0.002385051
9555.5	0.002339451
9555.75	0.002772291
9556	0.00263576
9556.25	0.002749852
9556.5	0.002818544
9556.75	0.003149044
9557	0.002840996
9557.25	0.002989068
9557.5	0.003103351
9557.75	0.002932152
9558	0.00323991
9558.25	0.003262759
9558.5	0.003502273
9558.75	0.003809567
9559	0.003935214
9559.25	0.004208739
9559.5	0.00394635
9559.75	0.004208491
9560	0.004573433
9560.25	0.004539313
9560.5	0.00512041
9560.75	0.004756031
9561	0.005416947
9561.25	0.005599159
9561.5	0.005816049
9561.75	0.006328385
9562	0.006625108
9562.25	0.00687582
9562.5	0.007616517
9562.75	0.007343737
9563	0.00844832
9563.25	0.008835591
9563.5	0.009063811
9563.75	0.009975702
9564	0.010284003
9564.25	0.011412513
9564.5	0.01187874
9564.75	0.012061776
9565	0.013086917
9565.25	0.013851138
9565.5	0.014796738
9565.75	0.014968909
9566	0.015628716
9566.25	0.016598967
9566.5	0.01811416
9566.75	0.018353333
9567	0.0190954
9567.25	0.021328125
9567.5	0.022630395
9567.75	0.023856995
9568	0.025877504
9568.25	0.028920712
9568.5	0.032225106
9568.75	0.034331932
9569	0.039255206
9569.25	0.042965523
9569.5	0.048696932
9569.75	0.051977164
9570	0.058899506
9570.25	0.063473222
9570.5	0.071469959
9570.75	0.072713273
9571	0.077496601
9571.25	0.08411138
9571.5	0.085234994
9571.75	0.087450165
9572	0.092568895
9572.25	0.09437756
9572.5	0.097319524
9572.75	0.10266815
9573	0.107680349
9573.25	0.11179231
9573.5	0.112955546
9573.75	0.117994391
9574	0.117768607
9574.25	0.116408211
9574.5	0.111166837
9574.75	0.106234752
9575	0.096007287
9575.25	0.091043149
9575.5	0.081254911
9575.75	0.072465319
9576	0.065849551
9576.25	0.060017681
9576.5	0.054008736
9576.75	0.049868115
9577	0.045448784
9577.25	0.042203136
9577.5	0.039966837
9577.75	0.036256491
9578	0.03609863
9578.25	0.033184023
9578.5	0.032786126
9578.75	0.03013817
9579	0.027630761
9579.25	0.025386887
9579.5	0.024416757
9579.75	0.023003251
9580	0.021362898
9580.25	0.020018261
9580.5	0.01721334
9580.75	0.016200169
9581	0.015024927
9581.25	0.015047343
9581.5	0.013612431
9581.75	0.012208933
9582	0.011959445
9582.25	0.011389211
9582.5	0.010785461
9582.75	0.010774564
9583	0.010397839
9583.25	0.009565917
9583.5	0.007993836
9583.75	0.00822068
9584	0.00775341
9584.25	0.007171772
9584.5	0.006692581
9584.75	0.005724351
9585	0.006716269
9585.25	0.005474067
9585.5	0.005451234
9585.75	0.005371119
9586	0.004835797
9586.25	0.004584958
9586.5	0.004516081
9586.75	0.003604595
9587	0.003866666
9587.25	0.003547944
9587.5	0.003821201
9587.75	0.003262784
9588	0.003524869
9588.25	0.00310312
9588.5	0.002909398
9588.75	0.002305449
9589	0.002829595
9589.25	0.002920751
9589.5	0.002692384
9589.75	0.002202617
9590	0.00293205
9590.25	0.002191286
9590.5	0.002191041
9590.75	0.00236194
9591	0.002407782
9591.25	0.002111231
9591.5	0.001906383
9591.75	0.00170131
9592	0.001883449
9592.25	0.001541678
9592.5	0.00153017
9592.75	0.001666866
9593	0.001701063
9593.25	0.001381727
9593.5	0.001233841
9593.75	0.001518845
9594	0.001610037
9594.25	0.001393296
9594.5	0.001279466
9594.75	0.001279413
9595	0.001347896
9595.25	0.001199562
9595.5	0.001165495
9595.75	0.001336329
9596	0.001085555
9596.25	0.00122237
9596.5	0.000948912
9596.75	0.000903309
9597	0.000948828
9597.25	0.000994459
9597.5	0.00081205
9597.75	0.000800719
9598	0.000869118
9598.25	0.000869082
9598.5	0.00092608
9598.75	0.000766543
9599	0.000994549
9599.25	0.000869141
9599.5	0.000960271
9599.75	0.000869121
9600	0.000960454
9600.25	0.000709418
9600.5	0.001028594
9600.75	0.000755091
9601	0.00058426
9601.25	0.000812123
9601.5	0.000686706
9601.75	0.000561405
9602	0.000447333
9602.25	0.000493043
9602.5	0.000606921
9602.75	0.000504396
9603	0.000470219
9603.25	0.000629745
9603.5	0.000606876
9603.75	0.000424579
9604	0.000515828
9604.25	0.000504356
9604.5	0.000550064
9604.75	0.000378996
9605	0.000572679
9605.25	0.00031069
9605.5	0.000880457
9605.75	0.000584243
9606	0.000424585
9606.25	0.000470222
9606.5	0.000504289
9606.75	0.000515732
9607	0.000493023
9607.25	0.000504469
9607.5	0.000413156
9607.75	0.000458829
9608	0.000356226
9608.25	0.000344814
9608.5	0.000447403
9608.75	0.000265034
9609	0.000390394
9609.25	0.000401798
9609.5	0.000504444
9609.75	0.000504328
9610	0.000356152
9610.25	0.000458754
9610.5	0.000493035
9610.75	0.000401798
9611	0.000538502
9611.25	0.000401806
9611.5	0.00027637
9611.75	0.000390411
9612	0.000447432
9612.25	0.000447398
9612.5	0.000390391
9612.75	0.000424622
9613	0.000390417
9613.25	0.000287847
9613.5	0.000458807
9613.75	0.000379052
9614	0.000470211
9614.25	0.000413083
9614.5	0.000401786
9614.75	0.000356178
9615	0.000413184
9615.25	0.000276454
9615.5	0.000333399
9615.75	0.00036766
9616	0.000116849
9616.25	0.000333444
9616.5	0.000458779
9616.75	0.000333404
9617	0.000401803
9617.25	0.000230891
9617.5	0.000219408
9617.75	0.000276468
9618	0.000322015
9618.25	0.0002194
9618.5	0.000413218
9618.75	0.000344828
9619	0.000367528
9619.25	0.000242232
9619.5	0.000413243
9619.75	0.00023086
9620	0.000401882
9620.25	0.000299191
9620.5	0.000322012
9620.75	0.000242218
9621	7.13E-05
9621.25	0.00034478
9621.5	0.000287816
9621.75	0.000310634
9622	0.000390343
9622.25	0.000401809
9622.5	0.000333472
9622.75	0.000253627
9623	0.000128247
9623.25	0.00025365
9623.5	0.000390369
9623.75	0.000242179
9624	0.000242213
9624.25	0.000276437
9624.5	0.000265051
9624.75	0.000310735
9625	0.000287827
9625.25	0.000356206
9625.5	2.57E-05
9625.75	0.000196643
9626	0.000230834
9626.25	0.00040175
9626.5	0.000344831
9626.75	0.000265084
9627	0.000173867
9627.25	0.000242168
9627.5	0.000230854
9627.75	0.000344836
9628	0.000208036
9628.25	0.000139659
9628.5	0.000242241
9628.75	0.000253605
9629	0.000333388
9629.25	0.000470219
9629.5	0.000321984
9629.75	0.000253647
9630	0.000286162
9630.25	0.000287314
9630.5	0.000261953
9630.75	0.000213548
9631	0.000305742
9631.25	0.00027232
9631.5	0.000283854
9631.75	0.000326503
9632	0.000257342
9632.25	0.000275784
9632.5	0.000272324
9632.75	0.000273475
9633	0.000255033
9633.25	0.000287313
9633.5	0.000280406
9633.75	0.000287309
9634	0.000326492
9634.25	0.000301138
9634.5	0.000301139
9634.75	0.000249275
9635	0.000251576
9635.25	0.000222766
9635.5	0.000303448
9635.75	0.00024236
9636	0.000301141
9636.25	0.000296527
9636.5	0.000285005
9636.75	0.000264259
9637	0.000234293
9637.25	0.000227376
9637.5	0.000259648
9637.75	0.000240053
9638	0.000267714
9638.25	0.000275784
9638.5	0.000285001
9638.75	0.000253886
9639	0.000276931
9639.25	0.000249276
9639.5	0.000251583
9639.75	0.000252733
9640	0.000256195
9640.25	0.000238903
9640.5	0.000184733
9640.75	0.000208934
9641	0.000213546
9641.25	0.000244672
9641.5	0.000252733
9641.75	0.000217005
9642	0.000230833
9642.25	0.000236589
9642.5	0.000241206
9642.75	0.000257345
9643	0.00022507
9643.25	0.000200865
9643.5	0.000258494
9643.75	0.000222769
9644	0.000240056
9644.25	0.000212397
9644.5	0.0002608
9644.75	0.000235443
9645	0.000268868
9645.25	0.00026541
9645.5	0.000279242
9645.75	0.00025965
9646	0.000281541
9646.25	0.00027578
9646.5	0.000242361
9646.75	0.00027809
9647	0.000263101
9647.25	0.000291919
9647.5	0.00025388
9647.75	0.000314969
9648	0.000306902
9648.25	0.000361071
9648.5	0.000318422
9648.75	0.000351853
9649	0.000387578
9649.25	0.000431385
9649.5	0.000416396
9649.75	0.000472884
9650	0.000393346
9650.25	0.000529355
9650.5	0.000565086
9650.75	0.000618103
9651	0.000625006
9651.25	0.000669963
9651.5	0.000771399
9651.75	0.000883197
9652	0.000913162
9652.25	0.001066455
9652.5	0.001088367
9652.75	0.001122948
9653	0.001308504
9653.25	0.001262397
9653.5	0.001381104
9653.75	0.001453734
9654	0.001465249
9654.25	0.001422594
9654.5	0.001363835
9654.75	0.00143414
9655	0.001459496
9655.25	0.001286594
9655.5	0.001235901
9655.75	0.001322333
9656	0.001166731
9656.25	0.001201328
9656.5	0.001150602
9656.75	0.001003067
9657	0.000961561
9657.25	0.000888968
9657.5	0.000935071
9657.75	0.000778304
9658	0.000766773
9658.25	0.000696473
9658.5	0.00064345
9658.75	0.00063769
9659	0.000598507
9659.25	0.000515528
9659.5	0.000460197
9659.75	0.000476333
9660	0.000498231
9660.25	0.000396793
9660.5	0.000410632
9660.75	0.000406028
9661	0.000421002
9661.25	0.00036799
9661.5	0.000318431
9661.75	0.000342632
9662	0.000367996
9662.25	0.000349554
9662.5	0.000364539
9662.75	0.000377212
9663	0.000303445
9663.25	0.000379518
9663.5	0.000273477
9663.75	0.000320735
9664	0.000370299
9664.25	0.000358777
9664.5	0.000364535
9664.75	0.000391044
9665	0.000377213
9665.25	0.000341484
9665.5	0.000338021
9665.75	0.000339176
9666	0.000355317
9666.25	0.000319588
9666.5	0.000280399
9666.75	0.000238901
9667	0.000234289
9667.25	0.000226225
9667.5	0.000215842
9667.75	0.000212391
9668	0.000203174
9668.25	0.000173207
9668.5	0.000132866
9668.75	0.000122486
9669	9.14E-05
9669.25	0.000109811
9669.5	0.000102896
9669.75	9.48E-05
9670	8.68E-05
9670.25	5.68E-05
9670.5	4.76E-05
9670.75	6.08E-06
9671	5.79E-05
9671.25	3.72E-05
9671.5	8.10E-05
9671.75	1.88E-05
9672	8.56E-05
9672.25	7.87E-05
9672.5	2.11E-05
9672.75	2.91E-05
9673	5.45E-05
9673.25	7.75E-05
9673.5	6.37E-05
9673.75	6.95E-05
9674	5.10E-05
9674.25	6.60E-05
9674.5	6.60E-05
9674.75	9.60E-05
9675	5.33E-05
9675.25	6.26E-05
9675.5	8.10E-05
9675.75	0.000120186
9676	9.71E-05
9676.25	0.000104048
9676.5	0.000110965
9676.75	5.33E-05
9677	5.79E-05
9677.25	0.000110961
9677.5	9.83E-05
9677.75	9.14E-05
9678	9.71E-05
9678.25	9.02E-05
9678.5	0.000110967
9678.75	8.45E-05
9679	6.95E-05
9679.25	0.000102893
9679.5	6.83E-05
9679.75	0.000112117
9680	5.45E-05
9680.25	9.60E-05
9680.5	2.91E-05
9680.75	4.30E-05
9681	8.79E-05
9681.25	6.72E-05
9681.5	5.91E-05
9681.75	3.14E-05
9682	1.76E-05
9682.25	4.53E-05
9682.5	4.76E-05
9682.75	4.30E-05
9683	2.80E-05
9683.25	6.08E-06
9683.5	3.26E-05
9683.75	-1.01E-05
9684	4.64E-05
9684.25	1.53E-05
9684.5	6.49E-05
9684.75	2.62E-06
9685	3.72E-05
9685.25	2.22E-05
9685.5	-2.39E-05
9685.75	2.11E-05
9686	2.34E-05
9686.25	3.95E-05
9686.5	4.41E-05
9686.75	2.11E-05
9687	3.72E-05
9687.25	8.39E-06
9687.5	3.03E-05
9687.75	1.41E-05
9688	-1.47E-05
9688.25	1.53E-05
9688.5	7.23E-06
9688.75	4.76E-05
9689	1.07E-05
9689.25	5.33E-05
9689.5	3.03E-05
9689.75	1.99E-05
9690	2.57E-05
9690.25	-1.99E-06
9690.5	-2.62E-05
9690.75	2.57E-05
9691	3.37E-05
9691.25	-5.44E-06
9691.5	-1.12E-05
9691.75	6.08E-06
9692	5.91E-05
9692.25	1.41E-05
9692.5	-6.60E-06
9692.75	3.83E-05
9693	1.47E-06
9693.25	2.11E-05
9693.5	-1.12E-05
9693.75	-3.43E-05
9694	-1.99E-06
9694.25	-3.31E-05
9694.5	-1.93E-05
9694.75	2.62E-06
9695	-8.90E-06
9695.25	-2.85E-05
9695.5	-6.60E-06
9695.75	1.30E-05
9696	-1.99E-06
9696.25	2.57E-05
9696.5	-5.44E-06
9696.75	-7.75E-06
9697	-5.73E-05
9697.25	1.47E-06
9697.5	-3.08E-05
9697.75	-3.20E-05
9698	-2.16E-05
9698.25	-1.24E-05
9698.5	-2.27E-05
9698.75	4.92E-06
9699	1.88E-05
9699.25	-1.99E-06
9699.5	2.34E-05
9699.75	-1.47E-05
9700	1.88E-05
