Energy_(eV)	Live_Counts
9543.791946	0.0012775440004351873
9544.028093	0.0014307790004873858
9544.264266	0.0012816300004365791
9544.500467	0.0014068430004792322
9544.736694	0.0014145980004818739
9544.972948	0.001390700000473733
9545.209228	0.001527699000520401
9545.445534	0.001487226000506614
9545.681867	0.0015719620005354789
9545.918226	0.0016688180005684722
9546.15461	0.0015356040005230938
9546.39102	0.001479173000503871
9546.627455	0.0013865060004723045
9546.863916	0.0016000850005450588
9547.100402	0.0014711310005011316
9547.336913	0.0015961410005437152
9547.573448	0.0015035670005121805
9547.810009	0.0014671680004997815
9548.046594	0.001608314000547862
9548.283203	0.0015355780005230847
9548.519837	0.0016766750005711487
9548.756495	0.0016809950005726203
9548.993177	0.0017010130005794392
9549.229883	0.0019349130006591157
9549.466613	0.0017009050005794024
9549.703366	0.0019632740006687768
9549.940142	0.0017292250005890495
9550.176942	0.0019388810006604675
9550.413765	0.0017615630006000652
9550.650612	0.0018701900006370684
9550.887481	0.0019024710006480647
9551.124373	0.0019308220006577221
9551.361288	0.0018944810006453429
9551.598225	0.0021283400007250054
9551.835184	0.0021644490007373058
9552.072166	0.0021040910007167454
9552.309171	0.0022170470007552233
9552.546197	0.0023621100008046378
9552.783245	0.002450617000834787
9553.020315	0.0024062640008196785
9553.257407	0.0025233130008595504
9553.49452	0.002386177000812836
9553.731655	0.002563632000873285
9553.968811	0.0026645990009076786
9554.205988	0.0025397810008651604
9554.443187	0.002845782000969397
9554.680406	0.0026561700009048073
9554.917647	0.002801567000954336
9555.154908	0.0028983740009873127
9555.39219	0.0030268160010310653
9555.629493	0.003099843001055942
9555.866816	0.003047501001038112
9556.104159	0.003502975001193266
9556.341523	0.0033499300011411324
9556.578907	0.0034748920011836997
9556.81631	0.00371643500126598
9557.053734	0.003555561001211179
9557.291178	0.003817653001300459
9557.528641	0.0039709300013526724
9557.766124	0.00444634700151462
9558.003627	0.004345490001480263
9558.241149	0.00472866700161079
9558.47869	0.004664594001588964
9558.716251	0.005087360001732977
9558.953831	0.005155983001756353
9559.19143	0.005708187001944458
9559.429047	0.006098944002077567
9559.666684	0.00574054400195548
9559.90434	0.006361401002166971
9560.142014	0.006615751002253613
9560.379707	0.006918067002356596
9560.617418	0.007204179002454058
9560.855148	0.007623875002597024
9561.092896	0.008320762002834416
9561.330662	0.008881552003025444
9561.568446	0.009255886003152958
9561.806249	0.009800815003338584
9562.044069	0.010429549003552759
9562.281907	0.011097308003780228
9562.519764	0.011549559003934283
9562.757637	0.012320202004196798
9562.995529	0.013022416004436004
9563.233438	0.013433199004575933
9563.471364	0.014203462004838319
9563.709308	0.014994248005107695
9563.947269	0.01565034300533119
9564.185248	0.0169769780057831
9564.423243	0.016909033005759955
9564.661256	0.01802522200614018
9564.899286	0.0191948340065386
9565.137332	0.02048489800697805
9565.375395	0.022020928007501286
9565.613476	0.022953179007818854
9565.851572	0.024223862008251704
9566.089686	0.026500235009027137
9566.327816	0.02963839001009613
9566.565962	0.032417886011042944
9566.804125	0.03567252801215162
9567.042304	0.039357365013406836
9567.280499	0.04308834801467777
9567.51871	0.04708783601604017
9567.756938	0.052363424017837265
9567.995181	0.0575854050196161
9568.23344	0.06208742402114969
9568.471716	0.06763349002303892
9568.710007	0.07250249102469751
9568.948314	0.07577396502581192
9569.186636	0.08068957402748639
9569.424974	0.08274485602818651
9569.663328	0.08609436202932749
9569.901697	0.09047652703082025
9570.140081	0.09442471903216518
9570.378481	0.09698549903303749
9570.616896	0.0994523260338778
9570.855326	0.10509870703580121
9571.093771	0.1081079600368263
9571.332231	0.11176100903807067
9571.570707	0.11423700403891411
9571.809197	0.11425129403891898
9572.047702	0.11422941403891153
9572.286222	0.11142188403795515
9572.524757	0.10856295403698128
9572.763306	0.1033880890352185
9573.00187	0.09751667503321843
9573.240449	0.08939865003045308
9573.479042	0.08351739702844967
9573.717649	0.07564934602576948
9573.956271	0.07009675002387801
9574.194907	0.06250295102129123
9574.433557	0.058326566019868575
9574.672222	0.05231011101781911
9574.910901	0.04839578701648572
9575.149593	0.04557600001552517
9575.3883	0.04176186801422591
9575.627021	0.03971301701352799
9575.865756	0.03736356101272766
9576.104504	0.03510068001195683
9576.343266	0.03266890101112845
9576.582042	0.031009842010563303
9576.820832	0.029772156010141698
9577.059636	0.027798538009469395
9577.298452	0.02594678900883861
9577.537283	0.02411717000821536
9577.776127	0.022630173007708823
9578.014984	0.020980895007147008
9578.253855	0.01943072700661895
9578.492739	0.01845571200628682
9578.731636	0.016910219005760358
9578.970546	0.01582510400539072
9579.20947	0.014646800004989339
9579.448407	0.013943587004749795
9579.687356	0.013482085004592586
9579.926319	0.012290958004186836
9580.165295	0.011513364003921955
9580.404283	0.011284706003844064
9580.643285	0.010756318003664072
9580.882299	0.009679899003297396
9581.121326	0.009187006003129494
9581.360365	0.008636031002941809
9581.599417	0.008466118002883929
9581.838482	0.007962003002712206
9582.07756	0.00732510600249525
9582.31665	0.006884904002345298
9582.555752	0.006724157002290541
9582.794867	0.006539048002227485
9583.033994	0.005986054002039111
9583.273133	0.005748874001958317
9583.512285	0.005499153001873251
9583.751449	0.005075363001728891
9583.990625	0.0052369810017839444
9584.229813	0.004398309001498256
9584.469013	0.004567816001555997
9584.708225	0.00422858200144044
9584.94745	0.004115877001402047
9585.186686	0.004071514001386936
9585.425934	0.003241009001104029
9585.665194	0.00334569600113969
9585.904466	0.0030637380010436425
9586.14375	0.0032651870011122654
9586.383045	0.003051394001039438
9586.622352	0.0029747550010133313
9586.861671	0.0027893530009501753
9587.101001	0.002575583000877356
9587.340343	0.002644065000900684
9587.579696	0.0024141960008223803
9587.819061	0.0023458640007991034
9588.058437	0.0024991790008513292
9588.297825	0.0023541130008019138
9588.537224	0.0021322920007263517
9588.776634	0.0021280820007249174
9589.016055	0.0022692650007730105
9589.255488	0.0020073740006837995
9589.494932	0.001902302000648007
9589.734387	0.0017008930005793983
9589.973854	0.0017413860005931919
9590.213331	0.001692611000576577
9590.452819	0.0018259740006220063
9590.692319	0.0015922120005423769
9590.931829	0.0014993080005107297
9591.17135	0.0015436390005258308
9591.410882	0.0017009750005794262
9591.650425	0.0014391440004902353
9591.889979	0.0012937850004407195
9592.129543	0.0014711520005011387
9592.369119	0.0013621880004640208
9592.608705	0.0012936850004406854
9592.848301	0.0011767210004008425
9593.087908	0.0011527810003926875
9593.327526	0.0011728430003995216
9593.567154	0.0010558700003596754
9593.806793	0.0010759730003665235
9594.046443	0.0010357850003528337
9594.286102	0.0010639810003624385
9594.525773	0.0009671970003294696
9594.765453	0.0009027270003075082
9595.005144	0.0010195790003473132
9595.244845	0.0010399250003542437
9595.484556	0.0008622570002937224
9595.724278	0.0009188800003130105
9595.96401	0.0009269230003157504
9596.203752	0.0008704210002965034
9596.443504	0.0007857910002676746
9596.683266	0.0008259800002813648
9596.923038	0.0007979440002718146
9597.162821	0.0008099370002758999
9597.402613	0.0007332910002497908
9597.642415	0.000826045000281387
9597.882227	0.0007495370002553249
9598.122049	0.0007091980002415837
9598.361881	0.0006043510002058684
9598.601723	0.0006768790002305746
9598.841574	0.0006164920002100041
9599.081436	0.00065678600022373
9599.321307	0.0005921960002017278
9599.561188	0.0005036100001715516
9599.801078	0.0005883670002004235
9600.040978	0.00043104200014683174
9600.280888	0.0006850270002333502
9600.520807	0.0004390580001495623
9600.760735	0.0005964300002031701
9601.000674	0.0006043470002058669
9601.240621	0.0005438630001852635
9601.480579	0.0004995170001701573
9601.720545	0.0005439120001852802
9601.960521	0.0005680660001935081
9602.200507	0.0004108100001399398
9602.440501	0.00043899600014954117
9602.680505	0.0004954950001687872
9602.920519	0.00045923000015643376
9603.160541	0.0006124110002086139
9603.400573	0.0003625000001234833
9603.640614	0.0005559820001893917
9603.880664	0.00043509600014821266
9604.120723	0.0005035520001715317
9604.360791	0.00030201600010287984
9604.600869	0.00033426300011386455
9604.840955	0.0004148420001413133
9605.081051	0.0004108170001399422
9605.321155	0.00044709000015229834
9605.561268	0.00046728900015917906
9605.801391	0.00039876300013583606
9606.041522	0.00034238200011663025
9606.281662	0.00045112500015367284
9606.521811	0.0003463670001179877
9606.761969	0.0003341600001138295
9607.002135	0.00047530800016191066
9607.24231	0.0004512070001537008
9607.482495	0.000301996000102873
9607.722687	0.0003745700001275949
9607.962889	0.0002696990000918712
9608.203099	0.0002536270000863964
9608.443318	0.0003665200001248527
9608.683545	0.00035437100012071423
9608.923781	0.0002899620000987737
9609.164025	0.00033432200011388467
9609.404278	0.0002858750000973815
9609.64454	0.00035839500012208497
9609.88481	0.0002576400000877634
9610.125089	0.0002979940001015097
9610.365375	0.00031410500010699787
9610.605671	0.00022138100007541202
9610.845974	0.00030602900010424683
9611.086286	0.0003422620001165894
9611.326607	0.0002818270000960026
9611.566936	0.0002415650000822876
9611.807273	0.00030208100010290195
9612.047618	0.00027386700009329106
9612.287971	0.00030607600010426286
9612.528333	0.0003383000001152397
9612.768703	0.00031008200010562747
9613.009081	0.000273723000093242
9613.249467	0.00026970400009187297
9613.489861	0.00018918000006444297
9613.730263	0.00015689200005344426
9613.970674	0.00026577000009053286
9614.211092	0.0003342370001138557
9614.451519	0.00024558100008365555
9614.691953	0.00025758800008774573
9614.932396	0.0002899400000987662
9615.172846	0.00016898300005756297
9615.413304	0.0003059840001042315
9615.653771	0.00026576300009053047
9615.894245	0.0002697490000918883
9616.134727	0.000302034000102886
9616.375216	0.0001649210000561793
9616.615714	0.0002496060000850267
9616.856219	0.0003422760001165941
9617.096733	0.0001850970000630521
9617.337253	0.00022540500007678277
9617.577782	0.00031405800010698184
9617.818318	0.000225391000076778
9618.058863	0.0002213880000754144
9618.299414	0.0003221810001097489
9618.539974	0.00010450400003559863
9618.78054	0.0001650120000562103
9619.021115	0.00020522400006990824
9619.261697	0.00020119600006853614
9619.502287	0.00016496100005619293
9619.742884	0.0002697230000918794
9619.983489	0.00021582600007351974
9620.224101	0.00021418800007296177
9620.464721	0.00023416800007976786
9620.705348	0.00021908100007462855
9620.945982	0.0002117430000721289
9621.186624	0.000229677000078238
9621.427274	0.00022193500007560075
9621.66793	0.00023701700008073835
9621.908594	0.00019747000006726688
9622.149266	0.00022519500007671124
9622.389945	0.0002166290000737933
9622.630631	0.00020603300007018382
9622.871324	0.00021051600007171092
9623.112024	0.00018769400006393675
9623.352732	0.00023783200008101595
9623.593447	0.00020318000006921196
9623.834169	0.0002007330000683784
9624.074899	0.00018036200006143915
9624.315635	0.000231726000078936
9624.556379	0.000217456000074075
9624.797129	0.00019951400006796316
9625.037887	0.00018280100006226997
9625.278652	0.00021703900007393295
9625.519424	0.00020848300007101842
9625.760203	0.00023783800008101802
9626.000989	0.00019788300006740758
9626.241782	0.00021133800007199093
9626.482582	0.00020440700006962994
9626.723389	0.00023987000008171018
9626.964203	0.000194611000066293
9627.205023	0.00020440200006962826
9627.445851	0.00022763900007754376
9627.686686	0.00021745400007407433
9627.927527	0.00021500400007323976
9628.168375	0.0002386520000812953
9628.409231	0.00022764700007754651
9628.650093	0.00023945800008156985
9628.890961	0.00022682600007726685
9629.131837	0.00023783800008101802
9629.372719	0.00021826900007435195
9629.613608	0.00022764200007754478
9629.854504	0.00021460100007310247
9630.095407	0.00024720800008420983
9630.336316	0.00022478700007657227
9630.577232	0.00020481200006976788
9630.818154	0.00020196100006879673
9631.059083	0.000194203000066154
9631.300019	0.00019584300006671266
9631.540961	0.0002264200000771285
9631.78191	0.00019584000006671163
9632.022866	0.00021459000007309872
9632.263828	0.00018035000006143506
9632.504797	0.0001962500000668513
9632.745772	0.00018769400006393675
9632.986754	0.00021052100007171263
9633.227742	0.00022805100007768412
9633.468737	0.00021581800007351704
9633.709738	0.0002198990000749072
9633.950745	0.00021541000007337804
9634.191759	0.00023742900008087866
9634.43278	0.0002345710000799051
9634.673806	0.0002121420000722648
9634.914839	0.0002015440000686547
9635.155879	0.00020562500007004485
9635.396925	0.00022967300007823666
9635.637977	0.000202772000069073
9635.879036	0.0002313130000787953
9636.1201	0.00021623200007365805
9636.361171	0.00021459600007310076
9636.602249	0.00022437800007643296
9636.843332	0.00023456900007990444
9637.084422	0.00021459600007310076
9637.325518	0.00019584700006671402
9637.56662	0.00018157400006185202
9637.807729	0.00022316300007601904
9638.048844	0.00017260600005879713
9638.289964	0.0001774920000604615
9638.531091	0.00020766400007073943
9638.772224	0.00017668100006018527
9639.013363	0.0001999160000681001
9639.254509	0.00021541200007337873
9639.49566	0.00020603300007018382
9639.736817	0.00020522400006990824
9639.977981	0.0001913610000651859
9640.21915	0.00019421100006615673
9640.460326	0.00017830900006073983
9640.701507	0.0002243700000764302
9640.942695	0.00024068800008198883
9641.183888	0.00021012000007157605
9641.425088	0.00019910000006782215
9641.666293	0.00020033300006824215
9641.907505	0.00022356800007615701
9642.148722	0.000202364000068934
9642.389945	0.00021011000007157264
9642.631174	0.00020766700007074045
9642.872409	0.0002088890000711567
9643.11365	0.00022804200007768105
9643.354897	0.00026514500009031995
9643.596149	0.00024395300008310102
9643.837408	0.00024599000008379497
9644.078672	0.0002414970000822644
9644.319942	0.00023457000007990478
9644.561218	0.00023416200007976578
9644.802499	0.0002549660000868526
9645.043786	0.00024720600008420915
9645.285079	0.00029531400010059686
9645.526378	0.00029980200010212567
9645.767683	0.0002961320001008755
9646.008993	0.0002863460000975419
9646.250309	0.0003499460001192069
9646.49163	0.0003915310001333725
9646.732957	0.0003821580001301797
9646.97429	0.0004347580001480975
9647.215628	0.0005081390001730943
9647.456973	0.0004987560001698981
9647.698322	0.0005260640001792003
9647.939678	0.000586807000199892
9648.181038	0.0005994580002042015
9648.422405	0.0006459340002200333
9648.663777	0.0007286830002482213
9648.905154	0.0008000220002725223
9649.146537	0.0008558930002915546
9649.387926	0.0008958420003051629
9649.62932	0.000952098000324326
9649.87072	0.00103201700035155
9650.112125	0.0010984570003741824
9650.353535	0.0011392180003880674
9650.594951	0.0011388110003879286
9650.836373	0.0012794740004358448
9651.0778	0.0012399260004223728
9651.319232	0.0012884480004389015
9651.56067	0.001350018000459875
9651.802113	0.0013667290004655674
9652.043561	0.001324328000451124
9652.285015	0.001308837000445847
9652.526474	0.001274576000434176
9652.767939	0.001227288000418068
9653.009409	0.0011791750004016784
9653.250884	0.001193039000406401
9653.492364	0.0010927570003722406
9653.73385	0.0010601390003611296
9653.975341	0.0010576960003602972
9654.216838	0.0009843030003352964
9654.458339	0.0009904110003373773
9654.699846	0.0009256140003153045
9654.941358	0.0008403970002862759
9655.182876	0.0008363170002848861
9655.424398	0.0007233800002464148
9655.665926	0.0006871070002340586
9655.907459	0.0006349230002162825
9656.148997	0.0006023010002051699
9656.39054	0.0005733620001953121
9656.632089	0.0005607210001910061
9656.873642	0.0005064980001725352
9657.115201	0.00045757900015587136
9657.356765	0.0004457580001518446
9657.598334	0.00040130900013670334
9657.839908	0.0003886800001324014
9658.081487	0.0004025330001371203
9658.323072	0.0003935690001340668
9658.564661	0.0003813470001299034
9658.806255	0.000340156000115872
9659.047855	0.00036543800012448413
9659.289459	0.0003560510001212865
9659.531069	0.00033445900011393133
9659.772683	0.0002786070000949057
9660.014303	0.00034382400011712143
9660.255927	0.00033609600011448896
9660.497556	0.0003544220001207316
9660.739191	0.0003320130001130981
9660.98083	0.0003564750001214309
9661.222475	0.00036789200012532004
9661.464124	0.00029490600010045783
9661.705778	0.00034056800011601237
9661.947437	0.00032955500011226077
9662.189101	0.00036054800012281835
9662.43077	0.00033241300011323434
9662.672444	0.00030591200010420693
9662.914123	0.0003034690001033748
9663.155806	0.0003193730001087924
9663.397494	0.0003136580001068456
9663.639188	0.00029980200010212567
9663.880886	0.0002525050000860142
9664.122589	0.00027492900009365277
9664.364296	0.0002476210000843505
9664.606009	0.00022763600007754276
9664.847726	0.00013795300004699283
9665.089448	0.00017423300005935138
9665.331175	0.00013183700004490943
9665.572907	0.00014692400005004872
9665.814643	0.00011144600003796337
9666.056384	7.72000000262977e-05
9666.29813	9.190000003130514e-05
9666.53988	7.850000002674052e-05
9666.781636	4.3800000014920195e-05
9667.023396	4.3000000014647675e-05
9667.26516	4.500000001532897e-05
9667.50693	4.9000000016691535e-05
9667.748704	3.490000001188846e-05
9667.990482	3.1500000010730274e-05
9668.232266	4.230000001440923e-06
9668.474054	3.6000000012263175e-05
9668.715846	5.0400000017168435e-06
9668.957643	1.2000000004087724e-05
9669.199445	1.650000000562062e-05
9669.441252	1.6900000005756877e-05
9669.683063	-1.1300000003849274e-05
9669.924878	-1.0400000003542694e-05
9670.166698	3.9300000013387295e-05
9670.408523	1.610000000548436e-05
9670.650352	3.1100000010594014e-05
9670.892186	-7.600000002588892e-06
9671.134025	2.3800000008107317e-05
9671.375868	2.7400000009333634e-05
9671.617715	7.490000002551421e-06
9671.859567	2.2500000007664484e-05
9672.101424	5.880000002002984e-05
9672.343284	5.070000001727063e-05
9672.58515	4.540000001546522e-05
9672.82702	3.320000001130937e-05
9673.068894	5.070000001727063e-05
9673.310773	5.4400000018531015e-05
9673.552656	7.110000002421976e-05
9673.794544	5.760000001962107e-05
9674.036436	8.130000002769433e-05
9674.278333	5.150000001754314e-05
9674.520234	5.690000001938262e-05
9674.762139	8.25000000281031e-05
9675.004049	4.9900000016998115e-05
9675.245963	4.9900000016998115e-05
9675.487882	7.55000000257186e-05
9675.729804	3.680000001253569e-05
9675.971732	6.140000002091552e-05
9676.213663	2.4600000008379834e-05
9676.455599	3.0400000010355568e-05
9676.69754	4.220000001437516e-05
9676.939484	2.7000000009197377e-05
9677.181433	5.930000002020016e-05
9677.423386	1.4400000004905267e-05
9677.665344	3.5200000011990654e-05
9677.907306	2.140000000728977e-05
9678.149272	1.7600000005995327e-05
9678.391242	-6.380000002173306e-06
9678.633217	3.1900000010866534e-05
9678.875196	-1.6200000005518427e-05
9679.117179	3.4100000011615947e-06
9679.359166	-5.960000002030236e-06
9679.601158	1.7600000005995327e-05
9679.843154	-3.2900000011207174e-05
9680.085154	2.1900000007460097e-06
9680.327158	2.3800000008107317e-05
9680.569166	-1.0000000003406437e-05
9680.811179	-3.500000001192252e-05
9681.053196	-1.2500000004258045e-05
9681.295217	1.5100000005143718e-07
9681.537242	-2.7000000009197376e-06
9681.779271	-1.0700000003644886e-06
9682.021305	7.490000002551421e-06
9682.263342	-6.3600000021664935e-06
9682.505384	-3.6900000012569755e-05
9682.74743	-1.0000000003406437e-05
9682.98948	-2.0200000006881e-05
9683.231534	-2.0200000006881e-05
9683.473592	-1.170000000398553e-05
9683.715654	-1.1300000003849274e-05
9683.957721	-3.050000001038963e-05
9684.199791	-1.0900000003713015e-05
9684.441866	-4.740000001614651e-06
9684.683944	-5.1400000017509085e-06
9684.926027	-6.560000002234623e-07
9685.168114	-1.4500000004939332e-05
9685.410204	-7.190000002449228e-06
9685.652299	2.3800000008107317e-05
9685.894398	4.630000001577179e-06
9686.1365	1.7300000005893134e-05
9686.378607	5.460000001859914e-06
9686.620718	-1.0400000003542694e-05
9686.862833	-3.520000001199066e-06
9687.104952	5.860000001996172e-06
9687.347074	1.5100000005143718e-07
9687.589201	7.490000002551421e-06
9687.739357	7.490000002551421e-06
