Energy_(eV)	Live_Counts
9550.0	0.0017006878223121177
9550.25	0.001444403560778103
9550.5	0.0012162052488278081
9550.75	0.0012160365457679863
9551.0	0.001700617448638097
9551.25	0.0015582529589893126
9551.5	0.0014157759109291452
9551.75	0.0011880489763463893
9552.0	0.001843185959855948
9552.25	0.0027263524898241834
9552.5	0.0017293295914405623
9552.75	0.001985346581418639
9553.0	0.001757345261978861
9553.25	0.0022991957143446012
9553.5	0.002213439336319924
9553.75	0.002612489073886131
9554.0	0.0020709833142730167
9554.25	0.002242383560379295
9554.5	0.0024983443051948954
9554.75	0.0026696951551721058
9555.0	0.0023844103297876447
9555.25	0.002071039622905895
9555.5	0.002498724106312034
9555.75	0.002327809285304328
9556.0	0.003040335412588092
9556.25	0.002498541153454498
9556.5	0.0026982032371692557
9556.75	0.002641088638659089
9557.0	0.0027263102877767118
9557.25	0.0030970419368019277
9557.5	0.003039744410822387
9557.75	0.0030113489149327963
9558.0	0.003267907534781663
9558.25	0.003068118869158643
9558.5	0.0033820102214421875
9558.75	0.003495768185345897
9559.0	0.0035529602304409116
9559.25	0.004635739469920976
9559.5	0.0047209612979097326
9559.75	0.004293895893267247
9560.0	0.003894846175319165
9560.25	0.00477832923449153
9560.5	0.005005669133485294
9560.75	0.004921221418218781
9561.0	0.005404543041881115
9561.25	0.005319898259093609
9561.5	0.0058035366946918646
9561.75	0.00645889178673777
9562.0	0.006060404765063997
9562.25	0.007513613376355475
9562.5	0.007712993920367867
9562.75	0.00873868677335457
9563.0	0.007969158485955261
9563.25	0.008425302081058182
9563.5	0.010020931386770666
9563.75	0.009707082476568114
9564.0	0.012127631350985874
9564.25	0.01190160610520224
9564.5	0.012242471857992624
9564.75	0.012442513948237822
9565.0	0.013525567572574908
9565.25	0.012954942806416668
9565.5	0.015377207170407019
9565.75	0.01674501744252103
9566.0	0.017314841327603372
9566.25	0.01944957112895067
9566.5	0.01686075253599758
9566.75	0.019850885388917175
9567.0	0.0200786130609106
9567.25	0.022045437463831585
9567.5	0.023215360038874717
9567.75	0.023526964482170083
9568.0	0.025918851438491698
9568.25	0.030026173913698655
9568.5	0.031992020687783534
9568.75	0.03626664260371631
9569.0	0.03982693827366635
9569.25	0.04443558855291487
9569.5	0.04968834155201699
9569.75	0.05333759335646143
9570.0	0.05951749348792209
9570.25	0.06381773131964578
9570.5	0.07111202156705085
9570.75	0.07743778848841947
9571.0	0.07710688079168217
9571.25	0.08333867448559863
9571.5	0.08616012180806752
9571.75	0.09391392778573371
9572.0	0.08890183791124855
9572.25	0.092264362842769
9572.5	0.09738377332024058
9572.75	0.10035434578380853
9573.0	0.10420502180997798
9573.25	0.11125992435318957
9573.5	0.11486239117783587
9573.75	0.11440659464004653
9574.0	0.1148262113175318
9574.25	0.11508183709326042
9574.5	0.10924503923846497
9574.75	0.09909299709471657
9575.0	0.09451244098504585
9575.25	0.08538772370989166
9575.5	0.0807145993997537
9575.75	0.07149235792432164
9576.0	0.06689501500109793
9576.25	0.06182546496753646
9576.5	0.05469373930346821
9576.75	0.04877457072615603
9577.0	0.04512572689791729
9577.25	0.04216357994560932
9577.5	0.04113912576252917
9577.75	0.03814313101405751
9578.0	0.034729113260661124
9578.25	0.033791211357139986
9578.5	0.03193523731937666
9578.75	0.029907919645335845
9579.0	0.027285535941850705
9579.25	0.02737481669860252
9579.5	0.024726513621563178
9579.75	0.02267145489264255
9580.0	0.021049639082608824
9580.25	0.019279380738342324
9580.5	0.0192536932510178
9580.75	0.016063356619888242
9581.0	0.01634663589596175
9581.25	0.013841837402018987
9581.5	0.013383253071060943
9581.75	0.013525729122058789
9582.0	0.01207309793909899
9582.25	0.011900326218770458
9582.5	0.011275012399758899
9582.75	0.010477320688494848
9583.0	0.009791924067224967
9583.25	0.009165112173618773
9583.5	0.008766118711219233
9583.75	0.008511438263662019
9584.0	0.008739045483834036
9584.25	0.007513022387283852
9584.5	0.00717138979663333
9584.75	0.006060123263443871
9585.0	0.0061749086031309755
9585.25	0.00574635868117178
9585.5	0.005433430941151507
9585.75	0.005548089589299655
9586.0	0.0057470903829712275
9586.25	0.0049203982324895175
9586.5	0.00363805523417987
9586.75	0.0037236780866342755
9587.0	0.0031822003463187437
9587.25	0.003637886473304282
9587.5	0.0035247476216304393
9587.75	0.003154072231615787
9588.0	0.0034106099477761694
9588.25	0.003467267188953654
9588.5	0.0033820172008784226
9588.75	0.002840504427208854
9589.0	0.0025269788906278103
9589.25	0.00321081399113494
9589.5	0.002783242032673972
9589.75	0.0027550788984650647
9590.0	0.002355888186211374
9590.25	0.0019284851051807339
9590.5	0.0020994843764436757
9590.75	0.002241799614214307
9591.0	0.0017293014140439768
9591.25	0.0019569017851825874
9591.5	0.001928450015280337
9591.75	0.0014156351993553308
9592.0	0.0015295127253408107
9592.25	0.0017864301768399152
9592.5	0.0017864865443271661
9592.75	0.0018147131420142987
9593.0	0.001187753444305339
9593.25	0.0011878660702261499
9593.5	0.0013589215376062572
9593.75	0.0011877253091454217
9594.0	0.0013019828178887918
9594.25	0.0012449385041940822
9594.5	0.0013874014699029975
9594.75	0.0012164093061711018
9595.0	0.001187739377186983
9595.25	0.0013015465968924697
9595.5	0.001045480415506224
9595.75	0.0009884079522265055
9596.0	0.001216268584211221
9596.25	0.0009597662337589825
9596.5	0.0008173102631808017
9596.75	0.0005895622311517326
9597.0	0.0012733832519618267
9597.25	0.0011593931098645976
9597.5	0.0007317719942694768
9597.75	0.0006750442402446888
9598.0	0.0010168597359768432
9598.25	0.0008459379136067632
9598.5	0.0006463954323640335
9598.75	0.00047549471540291765
9599.0	0.0006179717771957721
9599.25	0.0007034467911579938
9599.5	0.0011022714453676474
9599.75	0.0007034115970507372
9600.0	0.00041853483488413673
9600.25	0.0009883868603194272
9600.5	0.0009313777582728856
9600.75	0.0008744037958644556
9601.0	0.0006462969587273183
9601.25	0.0008173384056109653
9601.5	0.0008743686270299591
9601.75	0.00039007601411259954
9602.0	0.0004183378743396221
9602.25	0.0006465080092395336
9602.5	0.0005610682091180934
9602.75	0.0009599139589276486
9603.0	0.00044698663340576763
9603.25	0.0005323842333261476
9603.5	0.0009027149765176659
9603.75	0.000503925393859692
9604.0	0.000674833193771499
9604.25	0.0005324405034151815
9604.5	0.0008174861297410249
9604.75	0.0005040379707351921
9605.0	0.00021907678093189832
9605.25	0.00044705701308062664
9605.5	0.0004470007286819022
9605.75	0.0008173172766602526
9606.0	0.000560934535257883
9606.25	0.0007603433280999097
9606.5	0.0003045376993871843
9606.75	0.00016206765361259648
9607.0	0.0005894918645171565
9607.25	0.0003045377029646069
9607.5	0.0005039746516232822
9607.75	0.00027601554934847275
9608.0	0.00047550877605883235
9608.25	0.0004469725850977311
9608.5	0.0003899282613631584
9608.75	0.0007318071176360847
9609.0	0.00019054760114223297
9609.25	0.0002474933925011183
9609.5	0.0003899071738413079
9609.75	0.0005039253942058943
9610.0	0.0003613779829731725
9610.25	0.00024743009069931815
9610.5	0.0003330739241606997
9610.75	0.00016200435977344694
9611.0	0.00036146943343677573
9611.25	0.0004184855737739251
9611.5	0.0003329894831375216
9611.75	0.0005324897540239266
9612.0	0.0003329824494629429
9612.25	0.00033308096787514226
9612.5	0.00019047725239477027
9612.75	0.0007605544121937383
9613.0	0.00019049132285974728
9613.25	0.0002760155351541828
9613.5	0.0003614975962928688
9613.75	0.0002475145220288348
9614.0	0.00047551583004393997
9614.25	0.0005324194118543057
9614.5	0.00047543139698341214
9614.75	0.00033296839561567146
9615.0	0.0004470359117106884
9615.25	0.00039002675277158624
9615.5	0.00044697260760087404
9615.75	0.0003045306756370683
9616.0	0.0005323139155060813
9616.25	4.8105707837672645e-05
9616.5	0.0002474793246903579
9616.75	0.00010506557058474078
9617.0	0.0002474160654714279
9617.25	0.00027601554219362757
9617.5	7.65645291862135e-05
9617.75	0.00010502336080541975
9618.0	0.00030458695368875267
9618.25	0.00021902049687937594
9618.5	0.0003044673434848762
9618.75	0.0003615397821842385
9619.0	0.00021901345928117234
9619.25	0.00047552989820090236
9619.5	-3.737630483270621e-05
9619.75	0.00016201138998600355
9620.0	1.952726243716734e-05
9620.25	0.00039005496813501235
9620.5	7.659970517555536e-05
9620.75	0.00016199731929022513
9621.0	0.00030446030634827546
9621.25	0.00010505853321733869
9621.5	0.0006178662661916547
9621.75	0.0003329403157327041
9622.0	0.0002760718339779987
9622.25	0.0002759451970235873
9622.5	0.00036139205136093643
9622.75	0.00024753561289730664
9623.0	0.0002760296205058543
9623.25	0.00016203953241616739
9623.5	0.00041848557400472663
9623.75	7.663489155096272e-05
9624.0	0.00033296134751600095
9624.25	0.00033300355060208
9624.5	0.00030445327855913403
9624.75	0.00044694445386143857
9625.0	0.0002475778263694509
9625.25	0.00010507963828010024
9625.5	0.00030446733979205246
9625.75	0.0003614342889518337
9626.0	0.0003329684309282951
9626.25	4.800721331342498e-05
9626.5	0.00010502335376597512
9626.75	0.00038993530957822915
9627.0	0.00021895718492231166
9627.25	0.0006750372027618859
9627.5	0.00030453069387038396
9627.75	1.9583550759516534e-05
9628.0	0.00030441810303139547
9628.25	0.00019049837822966348
9628.5	0.00021909792442310335
9628.75	7.65152784620679e-05
9629.0	4.8021270507318e-05
9629.25	0.00044695848670577715
9629.5	0.0004754032687475385
9629.75	0.0003899493634255011
9630.0	0.00027631842756928234
9630.25	0.0003656405404812024
9630.5	0.0003483562132568001
9630.75	0.00026192357494445864
9631.0	0.00032819011154662216
9631.25	0.0001870052342106934
9631.5	0.00022445400818338484
9631.75	0.00024750512483187647
9632.0	0.00028784394902299433
9632.25	0.00027055854291715455
9632.5	0.00023886253025564392
9632.75	0.0002849669932101587
9633.0	0.0001927592902026798
9633.25	0.00027920473441878384
9633.5	0.00032241713341210913
9633.75	8.03933268493203e-05
9634.0	0.0002820809006598153
9634.25	0.00018699393901790555
9634.5	0.00032819579434023886
9634.75	0.00030802544807575924
9635.0	0.0002590338840839095
9635.25	0.00023886619919109722
9635.5	0.00022445616721566842
9635.75	0.00025904165459215804
9636.0	0.0003166660284476259
9636.25	0.0003022603847004092
9636.5	0.0003195364365383629
9636.75	0.00023022389253968945
9637.0	0.0003541216364516308
9637.25	0.00026191486876707973
9637.5	0.00026479312064552963
9637.75	0.0002359875161755148
9638.0	0.00028498015927960383
9638.25	0.00023310106403649233
9638.5	0.0002561441222519106
9638.75	0.00027632993786903327
9639.0	0.0002503922966098599
9639.25	0.00022158604601114982
9639.5	0.00027920502419002046
9639.75	0.0003166584736233444
9640.0	0.00025615210752092033
9640.25	0.0002676800758163404
9640.5	0.0003310704483700864
9640.75	0.00019277036948069903
9641.0	0.00026190896982789295
9641.25	0.0001985272322492745
9641.5	0.0002878528694995314
9641.75	0.00031378187866859585
9642.0	0.00027632468609714816
9642.25	0.0002619169548661011
9642.5	0.0002590300714745456
9642.75	0.000247505341092847
9643.0	0.00031090261922635986
9643.25	0.00024462097332183505
9643.5	0.00018123391173047382
9643.75	0.00039734828028043824
9644.0	0.0002878403519821969
9644.25	0.00032242065901985406
9644.5	0.0003195464376273489
9644.75	0.0003685278559330963
9645.0	0.0004030946393898427
9645.25	0.00038292911249070756
9645.5	0.00030801163437740967
9645.75	0.00032243159600877145
9646.0	0.00034835312132500384
9646.25	0.00042615057471127453
9646.5	0.00034259251761091866
9646.75	0.000267670580644161
9647.0	0.0004347956156676121
9647.25	0.0004203962312560663
9647.5	0.0004549797751688386
9647.75	0.00034835909135104117
9648.0	0.0004809084262494331
9648.25	0.00043480266549829306
9648.5	0.0005500509828799013
9648.75	0.00043192153783361655
9649.0	0.00038869813157232827
9649.25	0.00044344785070554466
9649.5	0.00040022257402920215
9649.75	0.00044920003709028177
9650.0	0.00032819521952919586
9650.25	0.00034547321506166856
9650.5	0.0005500524911674609
9650.75	0.0004751383257475585
9651.0	0.000518355401124722
9651.25	0.00046359675909155354
9651.5	0.0005961541497688019
9651.75	0.0005961660198880334
9652.0	0.0007344589040034211
9652.25	0.0007056503508139171
9652.5	0.0007690477009574865
9652.75	0.0006797209835563835
9653.0	0.0007344673213327692
9653.25	0.0008007450818100682
9653.5	0.0006854782775774923
9653.75	0.0007805697692751131
9654.0	0.0007459789574242775
9654.25	0.0006451404596807522
9654.5	0.000751760424436592
9654.75	0.0006105805106015212
9655.0	0.0007344725743740622
9655.25	0.0007863134656280411
9655.5	0.0007719083985382794
9655.75	0.0010312447324559997
9656.0	0.0010629285894968692
9656.25	0.0011580252615333224
9656.5	0.001310731056526185
9656.75	0.0015326124293764008
9657.0	0.001636317955584843
9657.25	0.0020714289007310958
9657.5	0.0020454609723191655
9657.75	0.0021463455853489646
9658.0	0.002117515448760668
9658.25	0.002169432025584334
9658.5	0.002036818018385056
9658.75	0.0019475204373606157
9659.0	0.0016334507840230189
9659.25	0.0015757878485515523
9659.5	0.0012300411802824499
9659.75	0.0011983659563702962
9660.0	0.001039894379632531
9660.25	0.000976484582366073
9660.5	0.0008468470981536768
9660.75	0.0007546227757098658
9661.0	0.0006364959236026147
9661.25	0.0005846317917953395
9661.5	0.00044055880816630473
9661.75	0.0005356549771709695
9662.0	0.00035413156564596083
9662.25	0.0004405660043251131
9662.5	0.0002993750833374806
9662.75	0.0003310671387925105
9663.0	0.0002734442770328262
9663.25	0.0003771724650598969
9663.5	0.0002619160921302333
9663.75	0.0004059762714711162
9664.0	0.000316660273528552
9664.25	0.00033683011526103394
9664.5	0.000310898301738796
9664.75	0.0002964841706139872
9665.0	0.00032242641532373683
9665.25	0.000322429077272408
9665.5	0.0003454827852443234
9665.75	0.00033106447695924006
9666.0	0.0002359820488350632
9666.25	0.0002532792531654792
9666.5	0.0003137689998315712
9666.75	0.0003109010369669317
9667.0	0.00031377590564213927
9667.25	0.00031088952539777266
9667.5	0.000241755744992927
9667.75	0.00031089434545552165
9668.0	0.00029073925089790535
9668.25	0.0003137788558618375
9668.5	0.00032242936542803446
9668.75	0.0002532698281569445
9669.0	0.0002475161325614424
9669.25	0.00031954751523937866
9669.5	0.00041174615444261223
9669.75	0.00033683328093389754
9670.0	0.00010919914619549727
9670.25	0.00011497010920243856
9670.5	0.00013513707526409483
9670.75	0.00018988895354499552
9671.0	0.0001985239935277478
9671.25	0.00011785059004601552
9671.5	0.00016683431094255673
9671.75	0.00015819020588615098
9672.0	0.00016971097975377336
9672.25	0.00013513844195495693
9672.5	0.0002503898501143543
9672.75	0.00013513822650179126
9673.0	0.00019564552746554028
9673.25	0.00024462982340392605
9673.5	0.00016971083596446215
9673.75	0.0001437854256826072
9674.0	0.0002158183923509827
9674.25	0.00015530562381598084
9674.5	0.0001697113398040553
9674.75	0.0001812329768691487
9675.0	0.00015530130748242434
9675.25	0.00016682977927123533
9675.5	0.00010632204636254876
9675.75	0.00014665741730218048
9676.0	0.00014954602847348656
9676.25	0.00021005714170039733
9676.5	0.00016106953618443595
9676.75	8.326510313112876e-05
9677.0	0.00010631852156260901
9677.25	0.00015530907752907006
9677.5	0.0001754771223567634
9677.75	0.00010920425452427326
9678.0	0.00017547165455470906
9678.25	0.00016106291760628797
9678.5	0.00019564070671538689
9678.75	0.0001495414958789594
9679.0	0.00014953710753534672
9679.25	5.1577003382369415e-05
9679.5	0.00011496478542049709
9679.75	0.00016395339861564504
9680.0	0.00014953861766931766
9680.25	0.0001553141130399846
9680.5	0.00012648800543742288
9680.75	6.022549747479252e-05
9681.0	0.00011497226765771856
9681.25	3.428879200014984e-05
9681.5	5.444813226607477e-05
9681.75	4.29376463736564e-05
9682.0	5.4456477354564996e-05
9682.25	0.00012361385524716886
9682.5	1.700101244746724e-05
9682.75	-8.933606697352368e-06
9683.0	4.2931315027928846e-05
9683.25	1.7002955103379504e-05
9683.5	2.8529052868344272e-05
9683.75	6.88650707444762e-05
9684.0	2.2763269854033337e-05
9684.25	8.039663642689599e-05
9684.5	5.445856368438798e-05
9684.75	5.472756458023804e-06
9685.0	6.021916705227082e-05
9685.25	2.8527038433177075e-05
9685.5	6.885917203609071e-05
9685.75	1.9883364167701534e-05
9686.0	-8.935476997006106e-06
9686.25	1.7000508723274664e-05
9686.5	1.1236092976829236e-05
9686.75	2.5991816558165356e-06
9687.0	-1.757526595065685e-05
9687.25	3.717222294802431e-05
9687.5	3.428864832623931e-05
9687.75	5.445662149007846e-05
9688.0	5.158081633793551e-05
9688.25	-2.0456898262731855e-05
9688.5	7.750493147738197e-05
9688.75	1.700201978045155e-05
9689.0	-3.7749426324710005e-05
9689.25	1.1235013864589991e-05
9689.5	1.6996408189085995e-05
9689.75	1.7001659960971016e-05
9690.0	-2.045042370469678e-05
9690.25	1.4124560243423255e-05
9690.5	6.598077671453172e-05
9690.75	-3.773913823410525e-05
9691.0	7.174281820632942e-05
9691.25	1.699784700540484e-05
9691.5	-6.656136133264737e-05
9691.75	-6.051254977118076e-06
9692.0	5.157254314410106e-05
9692.25	-3.1976593248916395e-05
9692.5	5.1581607756151415e-05
9692.75	-5.791401836252005e-05
9693.0	-3.774971424953485e-05
9693.25	4.869213361817601e-05
9693.5	5.733990853324089e-05
9693.75	-9.24902971068464e-05
9694.0	2.5932103603712028e-06
9694.25	-3.1986665424752844e-05
9694.5	-2.8921336991962306e-07
9694.75	1.9879982810870912e-05
9695.0	-2.910661571830842e-05
9695.25	2.5640801631919494e-05
9695.5	7.462517004196446e-05
9695.75	-3.1719246788330294e-06
9696.0	-7.520654607829612e-05
9696.25	-1.1812648840011065e-05
9696.5	-3.165449774595785e-06
9696.75	2.592419057555867e-06
9697.0	-2.33375237034253e-05
9697.25	-6.047585580061769e-06
9697.5	3.4293612404100994e-05
9697.75	2.589901013596935e-06
9698.0	7.462970240569011e-05
9698.25	-3.486095940431816e-05
9698.5	-2.910352228630246e-05
9698.75	-2.3338962635145074e-05
9699.0	-3.486455667591727e-05
9699.25	3.429274886042815e-05
9699.5	1.4115639074481925e-05
9699.75	-4.927106385140633e-05
9700.0	1.4117509604937171e-05
