Energy_(eV)	Live_Counts
9550.0	5.596220458333334
9550.25	5.34937774
9550.5	4.9796779566666665
9550.75	5.802956988333334
9551.0	4.979423866666667
9551.25	5.844119415000001
9551.5	4.937946533333332
9551.75	4.773662636666667
9552.0	5.4733222800000005
9552.25	5.6376264366666655
9552.5	5.43259678
9552.75	5.308743683333334
9553.0	6.543209878333333
9553.25	6.41975309
9553.5	6.543585931666667
9553.75	6.090738386666668
9554.0	5.719941123333332
9554.25	6.78987977
9554.5	7.159833523333333
9554.75	6.707128321666667
9555.0	6.789808543333334
9555.25	7.901102738333333
9555.5	6.5023728
9555.75	6.8312860266666675
9556.0	7.119585491666666
9556.25	8.189564665
9556.5	7.69423391
9556.75	6.913905483333334
9557.0	8.024691361666667
9557.25	8.27161527
9557.5	8.682000149999999
9557.75	8.5596815
9558.0	9.465020576666667
9558.25	10.3703098
9558.5	10.164985116666665
9558.75	9.671249581666666
9559.0	11.193415653333332
9559.25	10.823482291666666
9559.5	11.604481153333333
9559.75	11.851770785
9560.0	13.044779883333335
9560.25	13.08582041666667
9560.5	13.663161266666668
9560.75	13.581466566666668
9561.0	13.540314516666667
9561.25	15.721567516666667
9561.5	17.52945215
9561.75	17.655062933333337
9562.0	20.083900200000002
9562.25	18.890108799999997
9562.5	20.16460905
9562.75	23.047056783333336
9563.0	22.510288066666664
9563.25	23.7056759
9563.5	25.063740783333333
9563.75	27.654320966666663
9564.0	29.261871283333335
9564.25	31.319514966666663
9564.5	32.263374500000005
9564.75	34.814866333333335
9565.0	36.087194333333336
9565.25	37.57037078333333
9565.5	39.58695436666667
9565.75	41.436966733333335
9566.0	46.133315366666665
9566.25	47.201535283333335
9566.5	47.779647866666664
9566.75	48.2263791
9567.0	53.29468236666667
9567.25	54.8517452
9567.5	61.28103571666666
9567.75	65.10550423333333
9568.0	69.72038008333332
9568.25	74.69452904999999
9568.5	81.40237846666666
9568.75	93.50998616666668
9569.0	99.06981043333333
9569.25	113.119387
9569.5	123.05571566666667
9569.75	138.5712166666667
9570.0	152.68182133333332
9570.25	169.23214299999998
9570.5	176.99589216666664
9570.75	194.756256
9571.0	204.65131799999997
9571.25	217.32013299999997
9571.5	224.63656633333335
9571.75	229.89595566666665
9572.0	240.83098283333334
9572.25	242.9622668333333
9572.5	253.20095849999998
9572.75	265.1656303333333
9573.0	273.5028571666666
9573.25	291.58316383333334
9573.5	292.4601983333334
9573.75	307.62191966666666
9574.0	309.7629755
9574.25	289.70204083333334
9574.5	284.3084925
9574.75	269.4391035
9575.0	256.71798283333334
9575.25	231.0900568333333
9575.5	211.3779596666666
9575.75	194.34562416666668
9576.0	174.06643483333332
9576.25	154.93821383333332
9576.5	143.839078
9576.75	134.13685433333333
9577.0	127.12497466666667
9577.25	111.16104481666666
9577.5	108.9304905
9577.75	100.61709488333334
9578.0	98.48560894999999
9578.25	91.81827143333334
9578.5	84.61655576666668
9578.75	81.57030085000001
9579.0	73.58332803333333
9579.25	71.48140153333333
9579.5	64.32098763333333
9579.75	61.075062133333326
9580.0	57.041651300000005
9580.25	50.73649651666667
9580.5	48.18372338333333
9580.75	47.07421730000001
9581.0	42.424723500000006
9581.25	40.747469
9581.5	37.24138631666667
9581.75	35.43076883333334
9582.0	33.70664098333333
9582.25	30.989077233333337
9582.5	29.4627146
9582.75	26.70984148333333
9583.0	25.430840200000002
9583.25	25.2274961
9583.5	24.278962283333332
9583.75	21.93425843333333
9584.0	19.299752366666667
9584.25	18.520866316666666
9584.5	19.176954749999997
9584.75	17.36552371666667
9585.0	16.707697333333332
9585.25	16.052036116666667
9585.5	15.803719233333332
9585.75	14.117117066666667
9586.0	12.881278433333334
9586.25	13.867642566666667
9586.5	12.221653550000001
9586.75	12.757679566666667
9587.0	11.645897723333334
9587.25	10.411908846666668
9587.5	11.110257781666666
9587.75	8.724635744999999
9588.0	9.464502505
9588.25	9.01205109
9588.5	7.901895200000001
9588.75	8.518914898333334
9589.0	8.229741578333334
9589.25	8.148148325000001
9589.5	8.024427728333333
9589.75	5.762058813333333
9590.0	5.885038046666668
9590.25	6.87212323
9590.5	7.243103263333334
9590.75	6.872417976666667
9591.0	6.460732901666667
9591.25	6.666311116666667
9591.5	6.1316670616666675
9591.75	5.391180265
9592.0	5.67871786
9592.25	5.9251642816666665
9592.5	4.485403693333333
9592.75	5.102230511666667
9593.0	4.856576891666667
9593.25	5.020576131666666
9593.5	4.32115037
9593.75	4.691053396666667
9594.0	3.8273129450000005
9594.25	4.238703541666667
9594.5	4.567789491666667
9594.75	4.732185276666667
9595.0	3.5390946483333336
9595.25	3.950160148333333
9595.5	3.4155159549999996
9595.75	3.456597165
9596.0	2.963044303333333
9596.25	2.7160596
9596.5	3.292282705
9596.75	3.292079483333333
9597.0	3.004176245
9597.25	2.7986487733333334
9597.5	2.839374271666666
9597.75	3.333780528333333
9598.0	2.8806077066666673
9598.25	2.7156837233333335
9598.5	2.427790626666667
9598.75	3.0450542099999995
9599.0	2.674897168333333
9599.25	2.3866687368333337
9599.5	2.7983133385
9599.75	2.6336534266666667
9600.0	2.674907341666666
9600.25	2.7980999433333333
9600.5	2.345750155
9600.75	2.4692272716666666
9601.0	2.1810598383333333
9601.25	2.675029295
9601.5	2.5923386716666665
9601.75	3.045267486666667
9602.0	2.4687498116666666
9602.25	2.4279938466666664
9602.5	1.9750953099999997
9602.75	2.0165218851666666
9603.0	1.9754204401666666
9603.25	1.9342683335000002
9603.5	2.5515317983333334
9603.75	2.2632526116666667
9604.0	2.1400396816666665
9604.25	2.715886843333333
9604.5	1.7283950600000002
9604.75	2.2225068021666665
9605.0	2.3045267983333333
9605.25	2.222120635
9605.5	1.8930041135
9605.75	1.6871412116666666
9606.0	1.9754001116666666
9606.25	1.5226947251666667
9606.5	1.7696083351666665
9606.75	2.0578367666666666
9607.0	1.974922711833333
9607.25	1.5226541351666665
9607.5	2.0165015883333335
9607.75	1.6459178385
9608.0	2.427526405
9608.25	2.3455673283333334
9608.5	1.6048468433333332
9608.75	1.9752172135
9609.0	1.9751156276666666
9609.25	1.7281410968333333
9609.5	1.5637555311666667
9609.75	1.9342580135
9610.0	1.5637047385
9610.25	1.9342376851666667
9610.5	1.5640197693333333
9610.75	1.4814002116666665
9611.0	1.6872326891666667
9611.25	1.8107809250000002
9611.5	2.0987756333333336
9611.75	1.358146652666667
9612.0	1.3580246903333333
9612.25	1.7283239501666667
9612.5	2.0162679216666666
9612.75	1.5637758985
9613.0	1.8516182385000002
9613.25	1.9752781645
9613.5	1.8106894633333335
9613.75	1.3992480986666669
9614.0	1.5636945803333333
9614.25	1.193537615
9614.5	1.6459280666666665
9614.75	1.3169944201666668
9615.0	1.3581162121666666
9615.25	1.4403901985
9615.5	1.7693847868333334
9615.75	1.6463344601666663
9616.0	1.4815221750000003
9616.25	1.5226337436666668
9616.5	0.9876543203333333
9616.75	1.3579129463333335
9617.0	1.8104659801666665
9617.25	1.687263170166667
9617.5	1.2755881781666665
9617.75	2.180927736666667
9618.0	1.522562684333333
9618.25	1.3991363196666666
9618.5	1.4404004168333333
9618.75	1.4403292418333333
9619.0	1.8108825318333333
9619.25	1.3579231043333333
9619.5	1.851953487
9619.75	1.645907705
9620.0	0.946502057
9620.25	1.4402377898333334
9620.5	1.4401972716666667
9620.75	1.6873139418333334
9621.0	1.5637555311666667
9621.25	1.3168826555
9621.5	1.4816339351666663
9621.75	1.7285170535
9622.0	1.7695473745
9622.25	1.3991262138333334
9622.5	1.1933343828333334
9622.75	1.4813697350000001
9623.0	1.7282732343333336
9623.25	1.4402479486666666
9623.5	1.9750851516666665
9623.75	1.0288269461666668
9624.0	1.5226337736666664
9624.25	1.4814205283333333
9624.5	1.7282426818333334
9624.75	0.8229538395000001
9625.0	1.2345679001666667
9625.25	1.8930041133333333
9625.5	1.2759031078333336
9625.75	1.3580246905
9626.0	1.4403088996666666
9626.25	1.2344459966666668
9626.5	1.3168419963333333
9626.75	1.19346649
9627.0	1.399217608
9627.25	1.5637860513333333
9627.5	1.7695473235
9627.75	1.4814002368333332
9628.0	1.3990550511666664
9628.25	1.3579738968333332
9628.5	1.48148148
9628.75	1.316740365
9629.0	1.3579738968333335
9629.25	1.1934156619999998
9629.5	1.6050297418333335
9629.75	1.5638165266666666
9630.0	1.4481536033333333
9630.25	1.4439966066666667
9630.5	1.4606366466666667
9630.75	1.448165865
9631.0	1.45648921
9631.25	1.5605222983333336
9631.5	1.473152005
9631.75	1.4481514216666664
9632.0	1.39824003
9632.25	1.4689728766666665
9632.5	1.5854775816666666
9632.75	1.294203927
9633.0	1.3857427501666668
9633.25	1.3774163916666666
9633.5	1.5147683150000002
9633.75	1.4065508016666666
9634.0	1.444016765
9634.25	1.53973721
9634.5	1.4356809516666666
9634.75	1.4065430066666667
9635.0	1.3607879866666668
9635.25	1.3441418166666665
9635.5	1.3857509566666666
9635.75	1.44816649
9636.0	1.3691056166666666
9636.25	1.4232042466666668
9636.5	1.4440162436666668
9636.75	1.4273520983333334
9637.0	1.49394925
9637.25	1.4231831516666666
9637.5	1.4023958833333332
9637.75	1.4772768966666667
9638.0	1.4398503116666665
9638.25	1.4897670050000003
9638.5	1.3690982416666666
9638.75	1.5480532816666666
9639.0	1.5064447650000001
9639.25	1.5938074716666666
9639.5	1.4648143216666665
9639.75	1.4689967766666667
9640.0	1.46482918
9640.25	1.6063123316666665
9640.5	1.3316522250000002
9640.75	1.68123013
9641.0	1.5147458733333332
9641.25	1.4190361316666664
9641.5	1.5647055816666666
9641.75	1.3940726383333333
9642.0	1.448177815
9642.25	1.4856124
9642.5	1.6687262049999998
9642.75	1.4231965566666667
9643.0	1.6229519633333334
9643.25	1.60214931
9643.5	1.518916795
9643.75	1.514760835
9644.0	1.498104485
9644.25	1.4190306250000002
9644.5	1.4856228916666667
9644.75	1.4648061116666666
9645.0	1.5272457483333335
9645.25	1.7561161333333333
9645.5	1.6645809483333334
9645.75	1.5438847500000001
9646.0	1.7602779100000001
9646.25	1.6978563533333333
9646.5	1.8726332016666667
9646.75	1.7519489516666669
9647.0	1.8434893350000001
9647.25	1.905911205
9647.5	1.90591858
9647.75	1.8351842783333332
9648.0	2.039100936666667
9648.25	1.8310018233333334
9648.5	1.7228242066666668
9648.75	1.8351890549999998
9649.0	1.7269815150000003
9649.25	1.6645595433333333
9649.5	1.74364712
9649.75	1.947543203333333
9650.0	1.82269313
9650.25	2.1347963416666667
9650.5	1.9808409483333334
9650.75	1.980842093333333
9651.0	2.026589943333333
9651.25	2.359512535
9651.5	2.1139804966666667
9651.75	2.3553822400000004
9652.0	2.550924746666667
9652.25	2.5592891333333334
9652.5	2.6300260349999998
9652.75	2.5717660483333336
9653.0	2.463535336666667
9653.25	2.7881552566666663
9653.5	2.7132750733333335
9653.75	2.6175180533333333
9654.0	2.6632834633333338
9654.25	2.6508082133333333
9654.5	2.5551097983333335
9654.75	2.63833556
9655.0	2.8131521016666667
9655.25	2.6799484416666672
9655.5	3.125233283333333
9655.75	3.3124585766666663
9656.0	3.420736253333333
9656.25	3.7743851200000003
9656.5	4.107281735
9656.75	4.527597788333333
9657.0	5.051848743333333
9657.25	5.438920454999999
9657.5	5.638667026666667
9657.75	6.000784291666666
9658.0	5.826024796666666
9658.25	6.021565431666667
9658.5	5.875961125
9658.75	5.567923473333333
9659.0	5.372385746666667
9659.25	4.714900485
9659.5	4.019926716666666
9659.75	3.974145615
9660.0	3.279235125
9660.25	3.420739576666667
9660.5	2.700757636666667
9660.75	2.6258274766666667
9661.0	2.555094626666667
9661.25	2.459386026666667
9661.5	2.02661166
9661.75	2.1098464633333336
9662.0	2.0182892483333332
9662.25	1.9100879433333333
9662.5	1.7935614216666664
9662.75	1.7477873866666667
9663.0	1.8060306433333333
9663.25	1.5646890599999999
9663.5	1.660409715
9663.75	1.6937094333333336
9664.0	1.668727345
9664.25	1.5979908599999997
9664.5	1.4523267066666667
9664.75	1.552201135
9665.0	1.4897973466666665
9665.25	1.602152015
9665.5	1.4981216266666666
9665.75	1.43986704
9666.0	1.41487373
9666.25	1.4356885373333332
9666.5	1.43152624
9666.75	1.2900422555
9667.0	1.3940842800000002
9667.25	1.2817208833333333
9667.5	1.2026539866666668
9667.75	1.1568786
9668.0	1.369082032
9668.25	1.3066779316666668
9668.5	1.32334083
9668.75	1.2733963966666666
9669.0	1.1527122503333334
9669.25	1.1693618533333334
9669.5	1.1818255696666666
9669.75	1.1152536645000002
9670.0	1.119424379
9670.25	1.1693601901666668
9670.5	1.1402362735
9670.75	1.0611731185000002
9671.0	1.0153912903333333
9671.25	1.0486804113333335
9671.5	0.9862556336666666
9671.75	0.9820977003333334
9672.0	1.0278567748333334
9672.25	0.9945777318333332
9672.5	1.0694839943333332
9672.75	1.044525285
9673.0	1.1069263725
9673.25	1.0029059601666666
9673.5	1.0237084008333333
9673.75	0.9862506456666665
9674.0	1.0112231766666666
9674.25	0.9113428228333332
9674.5	1.0237202466666666
9674.75	0.9987415866666668
9675.0	0.9071950748333334
9675.25	1.1194109728333332
9675.5	1.036197055
9675.75	0.9571236141666667
9676.0	1.1194188708333332
9676.25	0.9696088376666666
9676.5	1.0695007220000001
9676.75	0.961272818
9677.0	0.9696239056666668
9677.25	0.9987402350000001
9677.5	1.1277525023333335
9677.75	1.0028961928333333
9678.0	1.0278648793333334
9678.25	0.9862581276666665
9678.5	0.9987465731666666
9678.75	0.9779240793333334
9679.0	0.9238281540000001
9679.25	1.0361784553333333
9679.5	1.0029052336666666
9679.75	0.9113419923333334
9680.0	1.1485402933333333
9680.25	1.0653246083333332
9680.5	0.9820893891666667
9680.75	0.9404822203333332
9681.0	0.9238332454999999
9681.25	0.9820836748333334
9681.5	0.9363177431666667
9681.75	0.9612854928333333
9682.0	0.8530859523333335
9682.25	0.8738961856666667
9682.5	0.8406059218333334
9682.75	0.9363231448333332
9683.0	0.7823424008333334
9683.25	0.8073121254999999
9683.5	0.7573740276666667
9683.75	0.8447711276666666
9684.0	0.7989977153333334
9684.25	0.7656957103333332
9684.5	0.9071870728333332
9684.75	0.8073181523333334
9685.0	0.8738892243333333
9685.25	0.7865101000000001
9685.5	0.7865008528333335
9685.75	0.8322787326666666
9686.0	0.8905404868333333
9686.25	0.8364415483333335
9686.5	0.8697315001666666
9686.75	0.7282386824999999
9687.0	0.8114757723333335
9687.25	0.7532105886666667
9687.5	0.8073069299999999
9687.75	0.8281212155000001
9688.0	0.7407304541666666
9688.25	0.8655595424999999
9688.5	0.8031564788333333
9688.75	0.7407251549999999
9689.0	0.8281229821666667
9689.25	0.9321559669999999
9689.5	0.6991145588333333
9689.75	0.7032786213333333
9690.0	0.7199322735
9690.25	0.8156407696666667
9690.5	0.7157635353333333
9690.75	0.661668233
9691.0	0.844777985
9691.25	0.6533382378333333
9691.5	0.8406044676666667
9691.75	0.8073137875
9692.0	0.8156399381666667
9692.25	0.7948343800000001
9692.5	0.7573771446666667
9692.75	0.8114834605000002
9693.0	0.8655805293333335
9693.25	0.8031526343333334
9693.5	0.6991130003333333
9693.75	0.7656933208333333
9694.0	0.7615326869999999
9694.25	0.6949496651666666
9694.5	0.7240834518333333
9694.75	0.7781775073333334
9695.0	0.7990001058333333
9695.25	0.7157591713333334
9695.5	0.7032759196666666
9695.75	0.8780583783333333
9696.0	0.7240799195
9696.25	0.6907913175
9696.5	0.7490467340000001
9696.75	0.7448835030000001
9697.0	0.7698605001666667
9697.25	0.6866318266666666
9697.5	0.7157594833333333
9697.75	0.7115927195
9698.0	0.7490576436666667
9698.25	0.7532189011666667
9698.5	0.6242149458333334
9698.75	0.807308697
9699.0	0.7906718768333333
9699.25	0.6533388615
9699.5	0.7532216026666667
9699.75	0.7032846483333333
9700.0	0.7740262258333334
