Energy_(eV)	Live_Counts
9550.0	0.0016852662124753122
9550.25	0.0017826495977580023
9550.5	0.0019192310976906659
9550.75	0.0014896174155821678
9551.0	0.001802031706184208
9551.25	0.002016763845972753
9551.5	0.0017046918424809927
9551.75	0.002075657595831941
9552.0	0.001743258547928185
9552.25	0.001997111752109019
9552.5	0.0021535140867050425
9552.75	0.0022709207864392185
9553.0	0.002153359876290687
9553.25	0.001645879963412682
9553.5	0.002290298201625302
9553.75	0.0022512589858859652
9554.0	0.0022706701313635054
9554.25	0.0016070625799612121
9554.5	0.0020362376346625775
9554.75	0.0022117764779624204
9555.0	0.0023095694472757868
9555.25	0.0019973382475926803
9555.5	0.00227078096567618
9555.75	0.0026612977034524313
9556.0	0.002485387742348062
9556.25	0.002719425159312458
9556.5	0.0031683004230764924
9556.75	0.0027977202206665983
9557.0	0.0027002982711183776
9557.25	0.002914673718332522
9557.5	0.0031098935154440337
9557.75	0.0031879814353955346
9558.0	0.003031656291791148
9558.25	0.0033644554028365056
9558.5	0.003578392209202634
9558.75	0.0033250160923299606
9559.0	0.004066436792501202
9559.25	0.004379492290709804
9559.5	0.004046996842420541
9559.75	0.004710666953227259
9560.0	0.004223065853447822
9560.25	0.005140728967851126
9560.5	0.005296847078370579
9560.75	0.005296948296126716
9561.0	0.005139822807231797
9561.25	0.006019155368550757
9561.5	0.006019170019113337
9561.75	0.006682295349580766
9562.0	0.006994965078631623
9562.25	0.007463887959545065
9562.5	0.00754272800522366
9562.75	0.008127239919114349
9563.0	0.00828303022230782
9563.25	0.009787051758331312
9563.5	0.009668979949147226
9563.75	0.01109451360644212
9564.0	0.010861411833860092
9564.25	0.011134781930852206
9564.5	0.012774821108321475
9564.75	0.012558729326749367
9565.0	0.014061319740791695
9565.25	0.01447119904395012
9565.5	0.015035674285523446
9565.75	0.015994425056060704
9566.0	0.016209253584375156
9566.25	0.018279614406891354
9566.5	0.01796547000739809
9566.75	0.01820032164064438
9567.0	0.02005516957251714
9567.25	0.020701535623976457
9567.5	0.02261367288488696
9567.75	0.025915683345477492
9568.0	0.027632373633842265
9568.25	0.030009832354291045
9568.5	0.03258981382625219
9568.75	0.03566886058496858
9569.0	0.04127961164616466
9569.25	0.045084584909633865
9569.5	0.047917576529312014
9569.75	0.0539170019081646
9570.0	0.060175684132592853
9570.25	0.06627674733471162
9570.5	0.07080677726432427
9570.75	0.07347076812188469
9571.0	0.07944112585162726
9571.25	0.08069092106929894
9571.5	0.08451408546905279
9571.75	0.08591158721587648
9572.0	0.09137322878854266
9572.25	0.09397533900627553
9572.5	0.09746446733762819
9572.75	0.09981726846549498
9573.0	0.10648981753940268
9573.25	0.11074822034621148
9573.5	0.1145559754850685
9573.75	0.11877578682832345
9574.0	0.11489862225756702
9574.25	0.10984984270977258
9574.5	0.10913015449837331
9574.75	0.10025658776185085
9575.0	0.09296053367319243
9575.25	0.08804839532894274
9575.5	0.07966375826735862
9575.75	0.07076094472266087
9576.0	0.06650131041470411
9576.25	0.0569602983609158
9576.5	0.0553064209404047
9576.75	0.050936586413199564
9577.0	0.04615851178550036
9577.25	0.0445185437814603
9577.5	0.03843275830143126
9577.75	0.04029946257860089
9578.0	0.036494851871093685
9578.25	0.03475778273715344
9578.5	0.03145593500612524
9578.75	0.03010746635986128
9579.0	0.02831420132853621
9579.25	0.02651707567235862
9579.5	0.02441102517807281
9579.75	0.023276296245809052
9580.0	0.020643279855911887
9580.25	0.019296734157260888
9580.5	0.018162578960951817
9580.75	0.01626938566809474
9581.0	0.015995407774368888
9581.25	0.015192770512825216
9581.5	0.012637472961764134
9581.75	0.013963642020725779
9582.0	0.011602152318610101
9582.25	0.0116612630770614
9582.5	0.010489953935458712
9582.75	0.010081004852100358
9583.0	0.010197167613125883
9583.25	0.009943285460445416
9583.5	0.008985739562294755
9583.75	0.008244246664815269
9584.0	0.008302547380774202
9584.25	0.006546432175507404
9584.5	0.006545660945541586
9584.75	0.006174449181335356
9585.0	0.00605850805256573
9585.25	0.00533509079465306
9585.5	0.005218595221549199
9585.75	0.005354617598929668
9586.0	0.004847788510214761
9586.25	0.004398469584246913
9586.5	0.0038715062455659016
9586.75	0.004223051382360565
9587.0	0.0038130896921232194
9587.25	0.00375412848958752
9587.5	0.004164032236177826
9587.75	0.0027980769203567618
9588.0	0.0038519167846361277
9588.25	0.003363337098434103
9588.5	0.002973634987281997
9588.75	0.0024856386053621416
9589.0	0.0024460354402122977
9589.25	0.0027977394189915056
9589.5	0.002446690966312559
9589.75	0.002446416144529035
9590.0	0.0024661357630175393
9590.25	0.002231346595089494
9590.5	0.0023487580489430864
9590.75	0.0020756961664225937
9591.0	0.0018215441010434933
9591.25	0.001880317260880797
9591.5	0.0015679752648357452
9591.75	0.0015483279393229492
9592.0	0.0016068986494164553
9592.25	0.0015675655471868784
9592.5	0.0018412781226241984
9592.75	0.0016263146114739865
9593.0	0.0017240884212038148
9593.25	0.0017437550090833715
9593.5	0.001606898649416455
9593.75	0.001411775321476146
9594.0	0.0012750249921921564
9594.25	0.001353281663221605
9594.5	0.0014119585460132709
9594.75	0.0013142762742318279
9595.0	0.0013528046114922537
9595.25	0.0010797281258475946
9595.5	0.0008651260953887278
9595.75	0.0012362221051284282
9596.0	0.0010213019337104497
9596.25	0.0009626733155487123
9596.5	0.0015679511194752179
9596.75	0.0009627456670317937
9597.0	0.0006892162323237403
9597.25	0.0009627215469717529
9597.5	0.0009234510515850108
9597.75	0.0007869176881985664
9598.0	0.0008651888034335061
9598.25	0.0008259230763977035
9598.5	0.0007089888577019857
9598.75	0.001001707668060288
9599.0	0.0008261399932755572
9599.25	0.0006113018270572856
9599.5	0.0005917605429963795
9599.75	0.0007869321260789352
9600.0	0.0005723494346789276
9600.25	0.0006893897058954973
9600.5	0.0005331656867517066
9600.75	0.0005528564090018919
9601.0	0.0009627263516921405
9601.25	0.0006308189594325433
9601.5	0.0007478640717389493
9601.75	0.0004550536506933652
9602.0	0.0004942181228129416
9602.25	0.000611166860034327
9602.5	0.0005331608796593982
9602.75	0.0005722192626514824
9603.0	0.0007088442069180743
9603.25	0.000474580499245823
9603.5	0.00043562326585669267
9603.75	0.00047462382079333155
9604.0	0.000669877380612548
9604.25	0.000435628099830767
9604.5	0.00035743893279037794
9604.75	0.0004940349623176712
9605.0	0.00031846726832038415
9605.25	0.00047463830698181566
9605.5	0.0006697472617951873
9605.75	0.0003184287064267732
9606.0	0.0005916207665091917
9606.25	0.0005917846282682528
9606.5	0.0004355461277588832
9606.75	0.0005527214023678601
9607.0	0.0003379506862169883
9607.25	0.000591755699534623
9607.5	0.0002403070540490865
9607.75	0.0004160241480477319
9608.0	0.00039653590163247056
9608.25	0.0004941940154031434
9608.5	0.0004551886264133659
9608.75	0.0004161012742859386
9609.0	0.0004940976102737955
9609.25	0.0002793751084681365
9609.5	0.0003965359017115346
9609.75	0.000533189760243041
9610.0	0.00039652629219169485
9610.25	0.0004160338008946535
9610.5	0.00031840943014474466
9610.75	0.0006112150511347182
9611.0	0.000357491942131104
9611.25	0.0002793461938869657
9611.5	0.0005136822617393408
9611.75	0.0005916497071814886
9612.0	0.0002402685416495508
9612.25	0.0005137111920542511
9612.5	0.00033793140993496
9612.75	0.0004745033446236338
9613.0	0.00025988204310096384
9613.25	0.000455145233708241
9613.5	0.0002598579476298322
9613.75	0.0002598772456544657
9614.0	0.00037704767189971684
9614.25	0.00020127756089113552
9614.5	0.0002989260027604584
9614.75	0.0003379651624434061
9615.0	0.0001817362950149535
9615.25	0.00010367729778821694
9615.5	0.00045510184108218027
9615.75	0.0001817459328397117
9616.0	0.0002598916957897573
9616.25	0.00014274536920603074
9616.5	0.00022087666684049342
9616.75	0.00029896458592229016
9617.0	0.00033799407884304927
9617.25	6.465260737405333e-05
9617.5	0.00037698984613712824
9617.75	0.0003574726659281396
9618.0	0.0003183805165123422
9618.25	0.00024041310672806666
9618.5	0.0002599254358851527
9618.75	0.00043550275640104314
9619.0	0.0002988151857628038
9619.25	0.00024038417538532403
9619.5	0.00016230107304164562
9619.75	6.468153112665012e-05
9620.0	0.00031844798255067355
9620.25	0.00020130646566836793
9620.5	0.0002793461944404138
9620.75	0.00027931728033362725
9621.0	0.000279351018373358
9621.25	0.00027946188004218295
9621.5	0.00031849620922987294
9621.75	0.0002598194074788262
9622.0	0.00027936065153333914
9622.25	0.0004160578814226857
9622.5	0.00022082362650667204
9622.75	0.0005136244090159219
9623.0	0.00024032151090481977
9623.25	0.0003184865539319668
9623.5	0.0002012775515615813
9623.75	0.000416057895654209
9624.0	0.00010369656687541974
9624.25	0.0003770428624354879
9624.5	0.000220857369369308
9624.75	0.00014277427176947083
9625.0	0.00020123901813101676
9625.25	0.00018176520951706024
9625.5	0.00029885853640587083
9625.75	0.0002989019196233136
9626.0	0.0004161494889474073
9626.25	0.00024044202834593495
9626.5	0.0003574726659281396
9626.75	0.00010368692873440561
9627.0	0.00020131610396751021
9627.25	0.0002208043642980389
9627.5	0.00025965571365174
9627.75	0.00031841424901759175
9628.0	0.00018176520983331635
9628.25	0.00025983868368179057
9628.5	0.00024033115877070826
9628.75	0.0002013354010433754
9629.0	0.0003379362288868709
9629.25	0.00020133538950002882
9629.5	0.00016229143015679035
9629.75	0.00012317035588149986
9630.0	0.00026843366186683217
9630.25	0.00023684729009410417
9630.5	0.0002506586292318027
9630.75	0.000256574719316969
9631.0	0.0002802760934777684
9631.25	0.00020919415161504423
9631.5	0.0002684308519316243
9631.75	0.0002249946078332046
9632.0	0.0002782956505107467
9632.25	0.00021117873437406052
9632.5	0.0003197543611980154
9632.75	0.00025263818430989977
9633.0	0.00021907437795604375
9633.25	0.00020722751085368475
9633.5	0.00017959324969961727
9633.75	0.00023881230450860884
9634.0	0.00030001387218061946
9634.25	0.00024276195070182098
9634.5	0.0003138324061439768
9634.75	0.0002960589516267512
9635.0	0.0002901460667968839
9635.25	0.0002368478822836008
9635.5	0.0002644820438170052
9635.75	0.0002467156378570048
9636.0	0.0003217289874252161
9636.25	0.0002467126808627231
9636.5	0.0002467099199472066
9636.75	0.00028816232290710097
9637.0	0.0002546184288262359
9637.25	0.00024277348456080037
9637.5	0.00021907772947977642
9637.75	0.00020328476536798364
9638.0	0.00020130570364936023
9638.25	0.0003197601787284768
9638.5	0.0002546090138829452
9638.75	0.0003118545778240379
9639.0	0.0002861885339678534
9639.25	0.000244738152674905
9639.5	0.0002329029688625198
9639.75	0.00031382940013000374
9640.0	0.00028816848357540134
9640.25	0.0002447434768458926
9640.5	0.0002585544704738313
9640.75	0.0002861949421065309
9641.0	0.00028027564834734583
9641.25	0.00037305486149639256
9641.5	0.00026843035936279083
9641.75	0.00024077712284434815
9642.0	0.00026645681789392006
9642.25	0.000276327630082269
9642.5	0.00025066784730568806
9642.75	0.000246712827921797
9643.0	0.0002467211588973978
9643.25	0.0002585600405339156
9643.5	0.00033753126606899655
9643.75	0.00033949864607892656
9644.0	0.0003296178291297109
9644.25	0.00029211103061041677
9644.5	0.0002842229771741837
9644.75	0.0002703963098952711
9645.0	0.0003394882965989402
9645.25	0.0002644854941707608
9645.5	0.00031580619508322444
9645.75	0.000337521851916346
9646.0	0.0003414723353975113
9646.25	0.0003019913059711076
9646.5	0.0003552917098113823
9646.75	0.0003789846541665581
9647.0	0.0004145113062088988
9647.25	0.00040070351625497863
9647.5	0.000394773034146574
9647.75	0.0004934713924144514
9648.0	0.0003079188318758705
9648.25	0.0004085887107363126
9648.5	0.0004066262603679191
9648.75	0.00032567976660580954
9649.0	0.000339489231926276
9649.25	0.0003611986308423546
9649.5	0.00039279973856680005
9649.75	0.00037699972668842237
9650.0	0.00042043730222490923
9650.25	0.00038689217790792034
9650.5	0.000416492635483565
9650.75	0.0005250604745017242
9651.0	0.0005013590529025137
9651.25	0.0005487551946347495
9651.5	0.0005783662491607573
9651.75	0.0005744182308956807
9652.0	0.0006593012580835792
9652.25	0.000684963998645082
9652.5	0.000714574659432279
9652.75	0.000681015338380177
9653.0	0.0007303835446654227
9653.25	0.0007145804263617687
9653.5	0.0006652323315908399
9653.75	0.000671135112829818
9654.0	0.0007205125356076684
9654.25	0.0008034086626701765
9654.5	0.0007619535501863771
9654.75	0.0007441921228876046
9655.0	0.000736289528787779
9655.25	0.0008132745460076288
9655.5	0.0008547299051711648
9655.75	0.0008428928965612388
9656.0	0.0010857206929763136
9656.25	0.0011528419963753713
9656.5	0.0013857780333811076
9656.75	0.0014370951843191524
9657.0	0.001593070503640402
9657.25	0.0017509783049045745
9657.5	0.0016996629779734299
9657.75	0.001794419478644531
9658.0	0.001966178939323779
9658.25	0.001906943618674317
9658.5	0.001901022946038654
9658.75	0.0017746472960247877
9659.0	0.001701657764734639
9659.25	0.0014292023000714057
9659.5	0.0013877439831229477
9659.75	0.001125181414809635
9660.0	0.0010876576625929123
9660.25	0.0009100113916063689
9660.5	0.0008508014552505996
9660.75	0.0007027264616824933
9661.0	0.0006454872584416671
9661.25	0.0005882370131200552
9661.5	0.0005448010631397831
9661.75	0.0004382031183673335
9662.0	0.00041450795468516615
9662.25	0.00040069242594514164
9662.5	0.00039871484272365913
9662.75	0.00042832668630856893
9663.0	0.00037503560016284256
9663.25	0.0003513366912181314
9663.5	0.0003454142428046192
9663.75	0.0003217287415361194
9664.0	0.0003375245638121712
9664.25	0.00030396790484556305
9664.5	0.00032370366267210816
9664.75	0.00023289108949378087
9665.0	0.0002723762096924878
9665.25	0.0003118579285571304
9665.5	0.0002802720999542076
9665.75	0.00026251101737455464
9666.0	0.00025461522515221716
9666.25	0.0002684250367730835
9666.5	0.00023684206554377957
9666.75	0.0002763294532985294
9667.0	0.00022301460920596506
9667.25	0.00020920460071569347
9667.5	0.0002230287553401068
9667.75	0.0002151238936842383
9668.0	0.0002269714510154764
9668.25	0.0001598519713070633
9668.5	0.00018156728436983355
9668.75	0.00020328476536798364
9669.0	0.00015590700760126667
9669.25	0.00019340907413906974
9669.5	0.00015392508779744828
9669.75	0.0001776190686028391
9670.0	0.00014406442948470473
9670.25	0.0001559009460001811
9670.5	0.000140113649750663
9670.75	0.0001124735238649153
9671.0	9.471258850246418e-05
9671.25	0.0001045767948130259
9671.5	0.00013813897553160336
9671.75	0.0001203655198284174
9672.0	7.693967573189149e-05
9672.25	0.00010063533214102068
9672.5	5.325062464710136e-05
9672.75	5.917080479299468e-05
9673.0	0.00010457891451935472
9673.25	0.0001025975374109575
9673.5	9.47093846703175e-05
9673.75	0.00015393021288523801
9674.0	0.00010458113297664214
9674.25	7.101757314439491e-05
9674.5	0.0001282662410597792
9674.75	7.101505985738342e-05
9675.0	3.745637906570104e-05
9675.25	0.00010852501239849286
9675.5	9.273628682965328e-05
9675.75	0.00010852984218217432
9676.0	0.00013024002920838663
9676.25	0.00013221435894551908
9676.5	6.904694044075499e-05
9676.75	5.9166862186661715e-05
9677.0	8.286236987637251e-05
9677.25	7.496450831148602e-05
9677.5	5.324894888523502e-05
9677.75	0.0001795984252302505
9678.0	0.00011839133873163932
9678.25	8.286621523396309e-05
9678.5	7.890976676794251e-05
9678.75	5.127989232279844e-05
9679.0	6.903895465865771e-05
9679.25	0.0001065533430865098
9679.5	6.707201867225409e-05
9679.75	6.90353072773687e-05
9680.0	0.0001183981893916269
9680.25	5.52302780808371e-05
9680.5	7.891790032068988e-05
9680.75	7.496367047008487e-05
9681.0	0.00012037478708012205
9681.25	3.9431152668231724e-05
9681.5	7.846900997152623e-06
9681.75	0.00012629196152829844
9682.0	3.3512697224832035e-05
9682.25	8.286370052379934e-05
9682.5	5.3250279295469734e-05
9682.75	3.3511465407428055e-05
9683.0	1.5740770856950793e-05
9683.25	-2.0210517619129332e-06
9683.5	4.930625257735325e-05
9683.75	9.81625246837716e-06
9684.0	3.5481802886023834e-05
9684.25	1.3769890999189849e-05
9684.5	3.7459928328543426e-05
9684.75	3.350954304488882e-05
9685.0	-5.96887363196852e-06
9685.25	7.846605534916455e-06
9685.5	1.922038205715569e-06
9685.75	-1.386584865201854e-05
9686.0	1.9694310004292596e-05
9686.25	-2.0231713101136624e-06
9686.5	-1.5843333201606352e-05
9686.75	-2.9657333476030343e-05
9687.0	1.574377726624391e-05
9687.25	1.37741301746552e-05
9687.5	-3.95302648963238e-05
9687.75	-1.7814163486227844e-05
9688.0	3.9000652135323925e-06
9688.25	5.7201009298243765e-05
9688.5	1.9273123291796352e-06
9688.75	-4.1504003313663825e-05
9689.0	1.7716628664363413e-05
9689.25	3.943351786833705e-05
9689.5	2.1668295496689495e-05
9689.75	7.848281533974864e-06
9690.0	1.7711600667188095e-05
9690.25	-1.584333312254228e-05
9690.5	3.943139958516064e-05
9690.75	4.535217105084637e-05
9691.0	-2.0176506650407684e-06
9691.25	1.57428409110761e-05
9691.5	-1.1897876926976174e-05
9691.75	-4.000360160273188e-06
9692.0	1.9686768957297875e-05
9692.25	3.153526256463978e-05
9692.5	1.969076097864224e-05
9692.75	-2.3739124949559564e-05
9693.0	-2.373754754333188e-05
9693.25	-3.9533961455432083e-05
9693.5	1.96922895233067e-05
9693.75	9.824336289856994e-06
9694.0	1.7714952665305004e-05
9694.25	-4.742891559917626e-05
9694.5	-3.5579041692204017e-05
9694.75	3.899621506262112e-06
9695.0	3.153358648651734e-05
9695.25	3.902825101216726e-06
9695.5	1.9253899666404463e-06
9695.75	-2.768793258979445e-05
9696.0	1.771682585002491e-05
9696.25	-7.94473159750919e-06
9696.5	-2.768620757104472e-05
9696.75	-2.3737498286448527e-05
9697.0	-3.755662499275056e-05
9697.25	-1.1895363244644569e-05
9697.5	-2.768167277521515e-05
9697.75	-3.163467033403199e-05
9698.0	1.1796103483094476e-05
9698.25	-1.1890237208086742e-05
9698.5	-5.967936881480495e-06
9698.75	2.363735142661384e-05
9699.0	-2.020953248146232e-06
9699.25	-2.5715525057073276e-05
9699.5	-3.1633043749985026e-05
9699.75	-5.335087041602278e-05
9700.0	-9.920688314008634e-06
