Energy_(eV)	Live_Counts
9550.0	5.087127135999999
9550.25	5.333467728
9550.5	5.678963702000001
9550.75	4.592214782
9551.0	5.382496626
9551.25	5.9256821219999996
9551.5	5.136266126
9551.75	6.074659498
9552.0	5.233824298
9552.25	5.875970270000001
9552.5	6.271604942
9552.75	6.568596424000001
9553.0	6.271214851999999
9553.25	4.98749585
9553.5	6.61761345
9553.75	6.518860018
9554.0	6.567962367999999
9554.25	4.889303564
9554.5	5.9749429339999995
9554.75	6.418985236
9555.0	6.666361910000001
9555.25	5.876543212
9555.5	6.568242733999999
9555.75	7.5560921919999995
9556.0	7.111111112000001
9556.25	7.703131154
9556.5	8.838604088
9556.75	7.901186003999999
9557.0	7.6547478600000005
9557.25	8.197031068000001
9557.5	8.690858226
9557.75	8.888389091999999
9558.0	8.492949681999999
9558.25	9.33479688
9558.5	9.875970504
9558.75	9.23503137
9559.0	11.110525979999998
9559.25	11.90242982
9559.5	11.061350766
9559.75	12.74016782
9560.0	11.506734177999999
9560.25	13.82805084
9560.5	14.222966540000002
9560.75	14.223222580000002
9561.0	13.825758619999998
9561.25	16.050114479999998
9561.5	16.05015154
9561.75	17.72759052
9562.0	18.51851852
9562.25	19.70470382
9562.5	19.90413726
9562.75	21.38271608
9563.0	21.77680256
9563.25	25.58136896
9563.5	25.28269502
9563.75	28.88871882
9564.0	28.29906558
9564.25	28.990581399999996
9564.5	33.139217439999996
9564.75	32.5925926
9565.0	36.393538840000005
9565.25	37.430367759999996
9565.5	38.8582619
9565.75	41.283513719999995
9566.0	41.82694304
9566.25	47.06411886
9566.5	46.26946054
9566.75	46.863540220000004
9567.0	51.55555556
9567.25	53.19060034
9567.5	58.027534519999996
9567.75	66.38028596000001
9568.0	70.72281832000002
9568.25	76.73682766
9568.5	83.26313768
9568.75	91.0518811
9569.0	105.24481281999999
9569.25	114.86985680000001
9569.5	122.03618019999999
9569.75	137.2123008
9570.0	153.0442364
9570.25	168.4774596
9570.5	179.9366038
9570.75	186.67542360000002
9571.0	201.7780148
9571.25	204.9394914
9571.5	214.6105516
9571.75	218.14566599999998
9572.0	231.961411
9572.25	238.54369779999996
9572.5	247.3697818
9572.75	253.32141739999997
9573.0	270.2002688
9573.25	280.9723062
9573.5	290.6043872
9573.75	301.2788038
9574.0	291.471145
9574.25	278.699774
9574.5	276.8792538
9574.75	254.4327176
9575.0	235.9766506
9575.25	223.5509266
9575.5	202.3411848
9575.75	179.820666
9576.0	169.0455134
9576.25	144.9106104
9576.5	140.72696919999998
9576.75	129.67305459999997
9577.0	117.58645759999999
9577.25	113.4380016
9577.5	98.04342485999999
9577.75	102.76543196
9578.0	93.14130510000001
9578.25	88.74722249999999
9578.5	80.3948827
9578.75	76.98380222
9579.0	72.44756672
9579.25	67.90156540000001
9579.5	62.57410914
9579.75	59.70370372
9580.0	53.0432368
9580.25	49.63702059999999
9580.5	46.768066499999996
9580.75	41.9790529
9581.0	41.285999600000004
9581.25	39.25565184
9581.5	32.791782160000004
9581.75	36.1464537
9582.0	30.172839520000004
9582.25	30.322365839999996
9582.5	27.35942728
9582.75	26.32495144
9583.0	26.61879626
9583.25	25.97657706
9583.5	23.554373079999998
9583.75	21.67869584
9584.0	21.82617308
9584.25	17.38391162
9584.5	17.381960720000002
9584.75	16.44294504
9585.0	16.14966086
9585.25	14.319707679999999
9585.5	14.025020979999999
9585.75	14.3691026
9586.0	13.08702992
9586.25	11.9504347
9586.5	10.617430508
9586.75	11.506697571999998
9587.0	10.469660246
9587.25	10.320512242000001
9587.5	11.357402994000001
9587.75	7.902088310000001
9588.0	10.567877092
9588.25	9.331968022
9588.5	8.346179240000001
9588.75	7.111745694
9589.0	7.011565698
9589.25	7.901234568000001
9589.5	7.013223913999999
9589.75	7.012528725999999
9590.0	7.062411388000001
9590.25	6.468489719999999
9590.5	6.7654932279999995
9590.75	6.074757065999999
9591.0	5.431855096
9591.25	5.580527428
9591.5	4.79042846
9591.75	4.740728669999999
9592.0	4.888888886
9592.25	4.78939204
9592.5	5.4817741920000005
9592.75	4.93800342
9593.0	5.185331628
9593.25	5.235080143999999
9593.5	4.888888885999999
9593.75	4.395305756000001
9594.0	4.049382712000001
9594.25	4.247340449999999
9594.5	4.39576924
9594.75	4.148672586
9595.0	4.246133702
9595.25	3.5553606
9595.5	3.012504228
9595.75	3.9512270959999993
9596.0	3.4075659560000005
9596.25	3.259259256
9596.5	4.7903673819999995
9596.75	3.2594422759999993
9597.0	2.567523396
9597.25	3.2593812620000002
9597.5	3.1600427859999995
9597.75	2.814668578
9598.0	3.0126628540000002
9598.25	2.9133364399999997
9598.5	2.617540144
9598.75	3.3580003860000005
9599.0	2.913885152
9599.25	2.3704314519999996
9599.5	2.320999904
9599.75	2.8147051
9600.0	2.2718976480000004
9600.25	2.567962214
9600.5	2.172778608
9600.75	2.2225881741999998
9601.0	3.2593934159999995
9601.25	2.419801906
9601.5	2.715878718
9601.75	1.975186738
9602.0	2.074257018
9602.25	2.37009004
9602.5	2.172766448
9602.75	2.2715683654000003
9603.0	2.617174236
9603.25	2.02458177
9603.5	1.9260357202000002
9603.75	2.0246913560000004
9604.0	2.51860392
9604.25	1.9260479481999997
9604.5	1.728260968
9604.75	2.073793696
9605.0	1.6296784134
9605.25	2.0247280002000005
9605.5	2.5182747720000003
9605.75	1.6295808674
9606.0	2.3206463259999994
9606.25	2.32106083
9606.5	1.9258405920000001
9606.75	2.222246662
9607.0	1.6789635833999998
9607.25	2.3209876520000003
9607.5	1.431964672
9607.75	1.8764578762
9608.0	1.8271604920000002
9608.25	2.074196036
9608.5	1.975528172
9608.75	1.8766529744
9609.0	2.0739521699999997
9609.25	1.5307910542000003
9609.5	1.8271604922000002
9609.75	2.1728395041999997
9610.0	1.827136184
9610.25	1.8764822939999999
9610.5	1.6295321061999999
9610.75	2.3702119440000002
9611.0	1.7283950602
9611.25	1.530717912
9611.5	2.12349342
9611.75	2.3207195341999998
9612.0	1.4318672512
9612.25	2.123566602
9612.5	1.6789148222
9612.75	2.0243866
9613.0	1.48148148
9613.25	1.975418406
9613.5	1.4814205282
9613.75	1.4814693444
9614.0	1.77786315
9614.25	1.3332358342000001
9614.5	1.5802469122000002
9614.75	1.6790002024
9615.0	1.2838043322
9615.25	1.086346629
9615.5	1.9753086402000002
9615.75	1.283828712
9616.0	1.4815058973999997
9616.25	1.1851730541999999
9616.5	1.3828136482000002
9616.75	1.5803445119999997
9617.0	1.6790733492
9617.25	0.9876299402000001
9617.5	1.7777168742
9617.75	1.7283462992
9618.0	1.6294589664
9618.25	1.4322329424000002
9618.5	1.4815912462
9618.75	1.9257308799999997
9619.0	1.5799665900000002
9619.25	1.4321597578
9619.5	1.2346410784
9619.75	0.9877031056
9620.0	1.6296296282
9620.25	1.3333089516
9620.5	1.5307179134
9620.75	1.5306447724
9621.0	1.530730116
9621.25	1.5310105512
9621.5	1.6297516222
9621.75	1.4813230372
9622.0	1.530754484
9622.25	1.876543208
9622.5	1.3826794776
9622.75	2.123347076
9623.0	1.4320012420000001
9623.25	1.6297271982000001
9623.5	1.3332358106
9623.75	1.876543244
9624.0	1.086395372
9624.25	1.7778509839999999
9624.5	1.3827648334
9624.75	1.1852461660000002
9625.0	1.3331383365999998
9625.25	1.2838774742
9625.5	1.5800762495999998
9625.75	1.5801859916
9626.0	1.876774938
9626.25	1.4323061024000001
9626.5	1.7283462992
9626.75	1.0863709914000002
9627.0	1.3333333326
9627.25	1.382630752
9627.5	1.4809089579999999
9627.75	1.629544296
9628.0	1.2838774750000002
9628.25	1.4813717981999999
9628.5	1.4320256472000001
9628.75	1.3333821464
9629.0	1.6789270121999997
9629.25	1.3333821172000002
9629.5	1.2346166858
9629.75	1.1356561848
9630.0	1.503113618
9630.25	1.4232128679999998
9630.5	1.458149972
9630.75	1.473115288
9631.0	1.533070182
9631.25	1.353261608
9631.5	1.50310651
9631.75	1.3932303740000003
9632.0	1.5280604620000002
9632.25	1.3582817999999999
9632.5	1.632934238
9632.75	1.4631574459999999
9633.0	1.3782545860000002
9633.25	1.348286802
9633.5	1.2783832940000002
9633.75	1.4281835600000001
9634.0	1.582998782
9634.25	1.438174568
9634.5	1.617954086
9634.75	1.572994432
9635.0	1.558037224
9635.25	1.423214366
9635.5	1.4931176219999998
9635.75	1.4481757979999998
9636.0	1.637929244
9636.25	1.448168318
9636.5	1.4481613340000001
9636.75	1.553019154
9637.0	1.468166664
9637.25	1.4382037440000002
9637.5	1.378263064
9637.75	1.3383132500000001
9638.0	1.333307024
9638.25	1.6329489540000002
9638.5	1.468142848
9638.75	1.6129509800000001
9639.0	1.5480262660000002
9639.25	1.44317356
9639.5	1.41323533
9639.75	1.617946482
9640.0	1.5530347379999998
9640.25	1.443187028
9640.5	1.4781232579999999
9640.75	1.5480424760000002
9641.0	1.533069056
9641.25	1.7677629540000002
9641.5	1.5031052640000002
9641.75	1.433153756
9642.0	1.4981130019999997
9642.25	1.523082166
9642.5	1.45817329
9642.75	1.44816869
9643.0	1.4481897639999999
9643.25	1.478137348
9643.5	1.67790262
9643.75	1.682879296
9644.0	1.657884824
9644.25	1.563007788
9644.5	1.543054202
9644.75	1.508078324
9645.0	1.6828531159999998
9645.25	1.4931263499999998
9645.5	1.622946974
9645.75	1.677878806
9646.0	1.6878719320000002
9646.25	1.5880008900000002
9646.5	1.722829362
9646.75	1.782762932
9647.0	1.872630998
9647.25	1.837702872
9647.5	1.8227011499999999
9647.75	2.072368092
9648.0	1.602995134
9648.25	1.8576492260000002
9648.5	1.8526850199999998
9648.75	1.647923118
9649.0	1.6828554820000001
9649.25	1.737771484
9649.5	1.8177095099999998
9649.75	1.7777418680000001
9650.0	1.8876213720000004
9650.25	1.80276577
9650.5	1.87764296
9650.75	2.152275698
9651.0	2.0923206839999997
9651.25	2.21221376
9651.5	2.287117756
9651.75	2.2771308660000003
9652.0	2.4918506060000003
9652.25	2.5567669640000004
9652.5	2.631669964
9652.75	2.54677845
9653.0	2.671660052
9653.25	2.6316845520000003
9653.5	2.506853824
9653.75	2.5217854740000005
9654.0	2.64669039
9654.25	2.8563840760000003
9654.5	2.751519402
9654.75	2.706590172
9655.0	2.686599804
9655.25	2.881340772
9655.5	2.98620607
9655.75	2.9562632239999997
9656.0	3.5705193719999997
9656.25	3.740309132
9656.5	4.329543128
9656.75	4.459354771999999
9657.0	4.853909268000001
9657.25	5.253352162
9657.5	5.123545131999999
9657.75	5.363240768
9658.0	5.797722760000001
9658.25	5.647881348
9658.5	5.63290444
9658.75	5.31322514
9659.0	5.128591136
9659.25	4.439388966
9659.5	4.334516186
9659.75	3.670339044
9660.0	3.5754191220000004
9660.25	3.12604588
9660.5	2.9762686799999996
9660.75	2.601698814
9661.0	2.456906772
9661.25	2.312086798
9661.5	2.202211406
9661.75	1.9325617039999998
9662.0	1.8726225200000002
9662.25	1.837674818
9662.5	1.832672332
9662.75	1.907578324
9663.0	1.7727734220000002
9663.25	1.7128247639999998
9663.5	1.6978433640000001
9663.75	1.637928622
9664.0	1.6778856659999999
9664.25	1.593000886
9664.5	1.6429243740000001
9664.75	1.4132052800000001
9665.0	1.51308667
9665.25	1.612959456
9665.5	1.5330600799999998
9665.75	1.488131722
9666.0	1.4681585599999998
9666.25	1.5030918
9666.5	1.4231996519999999
9666.75	1.5230867780000001
9667.0	1.388221778
9667.25	1.35328804
9667.5	1.3882575620000002
9667.75	1.368261458
9668.0	1.3982309880000001
9668.25	1.2284458412
9668.5	1.2833768036000002
9668.75	1.3383132500000001
9669.0	1.218466678
9669.25	1.3133317439999999
9669.5	1.2134532221999998
9669.75	1.273389414
9670.0	1.1885097434000003
9670.25	1.2184513446
9670.5	1.1785158679999999
9670.75	1.1085975246
9671.0	1.063669539
9671.25	1.0886219927999998
9671.5	1.1735207406000001
9671.75	1.1285610836
9672.0	1.0187112554
9672.25	1.0786516858000001
9672.5	0.9587875338
9672.75	0.9737631959999999
9673.0	1.0886273548
9673.25	1.0836152718
9673.5	1.0636614346
9673.75	1.2134661866
9674.0	1.0886329665999999
9674.25	1.0037307302
9674.5	1.1485467139999999
9674.75	1.0037243726
9675.0	0.9188344782
9675.25	1.0986093870000002
9675.5	1.0586702948000002
9675.75	1.0986216044
9676.0	1.1535395999999998
9676.25	1.158533856
9676.5	0.9987458262000001
9676.75	0.9737532228000001
9677.0	1.033693277
9677.25	1.0137148804
9677.5	0.9587832948000001
9677.75	1.278396386
9678.0	1.1235672036
9678.25	1.0337030042
9678.5	1.0236947892
9678.75	0.9538023778
9679.0	0.9987256254
9679.25	1.0936218608
9679.5	0.9937500725999999
9679.75	0.9987163989999999
9680.0	1.123584533
9680.25	0.9637952565999999
9680.5	1.0237153638
9680.75	1.013712761
9681.0	1.1285845259999998
9681.25	0.923829857
9681.5	0.84393447
9681.75	1.143552585
9682.0	0.9088585576
9682.25	1.033696643
9682.5	0.9587866602
9682.75	0.9088554416000001
9683.0	0.8639027692000001
9683.25	0.8189725392
9683.5	0.9488098672000002
9683.75	0.848916133
9684.0	0.9138395987999999
9684.25	0.85891724
9684.5	0.9188434564000001
9684.75	0.9088505788000001
9685.0	0.808986146
9685.25	0.8439337225999999
9685.5	0.8289469625999999
9685.75	0.7890099920000001
9686.0	0.8739036248000002
9686.25	0.8189671775999999
9686.5	0.7840077555999999
9686.75	0.74906392
9687.0	0.8639103741999999
9687.25	0.8589279633999999
9687.5	0.7240893952
9687.75	0.7790223517999999
9688.0	0.8339505711999999
9688.25	0.9687804097999999
9688.5	0.828960304
9688.75	0.719096635
9689.0	0.8689008906
9689.25	0.92383584
9689.5	0.87889701
9689.75	0.8439379621999998
9690.0	0.8688881717999999
9690.25	0.7840077558
9690.5	0.9238304815999999
9690.75	0.9388076396
9691.0	0.8189811426
9691.25	0.8639080056000001
9691.5	0.7939881648
9691.75	0.8139656892
9692.0	0.8738845490000001
9692.25	0.9038564473999999
9692.5	0.8738946472
9692.75	0.7640345948
9693.0	0.764038585
9693.25	0.7240800444000001
9693.5	0.8738985138
9693.75	0.8489365818
9694.0	0.868896651
9694.25	0.7041090024
9694.5	0.7340843924
9694.75	0.8339494488
9695.0	0.9038522076
9695.25	0.8339575525999999
9695.5	0.8289554412000001
9695.75	0.7540457079999999
9696.0	0.8689013894000001
9696.25	0.8039880242
9696.5	0.7540500715999999
9696.75	0.7640387096
9697.0	0.7290819061999999
9697.25	0.7939945234000001
9697.5	0.7540615427999999
9697.75	0.7440620572000001
9698.0	0.8539243555999999
9698.25	0.7940074901999999
9698.5	0.8089885156000001
9698.75	0.8838779253999999
9699.0	0.8189727884
9699.25	0.7590351016
9699.5	0.7440661717999999
9699.75	0.689128851
9700.0	0.7989896526000001
