Energy_(eV)	Live_Counts
9550.0	4.937613432000001
9550.25	4.839469686
9550.5	4.296589006
9550.75	4.691358024
9551.0	4.345325494
9551.25	4.741033452
9551.5	4.691711717999999
9551.75	5.679305057999999
9552.0	4.197079824
9552.25	5.2345679039999995
9552.5	5.283122282000001
9552.75	5.8760313459999995
9553.0	5.530864198
9553.25	6.22234438
9553.5	5.333577258
9553.75	6.56827932
9554.0	5.579698351999999
9554.25	5.975796574
9554.5	5.234933786
9554.75	7.0618504920000005
9555.0	6.913299878000001
9555.25	6.025118318
9555.5	6.5181162420000005
9555.75	6.271934238
9556.0	6.4195582259999995
9556.25	7.654320988
9556.5	7.506892422
9556.75	7.7037037040000005
9557.0	8.544027025999998
9557.25	7.704008614
9557.5	7.851620474000001
9557.75	8.98683758
9558.0	9.531595978000002
9558.25	9.036610384000001
9558.5	10.073086688
9558.75	10.32159747
9559.0	9.925133794
9559.25	10.717025082
9559.5	10.715500808
9559.75	9.778741516
9560.0	10.419777649999999
9560.25	11.603816767999998
9560.5	14.22344186
9560.75	13.33410232
9561.0	13.629910348
9561.25	13.826587560000002
9561.5	14.567133239999999
9561.75	16.19815286
9562.0	16.09876544
9562.25	18.46896566
9562.5	18.76760304
9562.75	19.9495816
9563.0	20.89059634
9563.25	20.983854799999996
9563.5	23.3073151
9563.75	23.80210444
9564.0	26.4207532
9564.25	27.25983304
9564.5	28.3015529
9564.75	30.711539020000004
9565.0	33.28395062
9565.25	33.2345679
9565.5	35.25926088000001
9565.75	34.172839520000004
9566.0	37.18753906
9566.25	40.990399339999996
9566.5	46.511632320000004
9566.75	49.289404340000004
9567.0	48.100462040000004
9567.25	51.21451112000001
9567.5	56.99055978
9567.75	57.28395062
9568.0	60.83689903999999
9568.25	68.53600544
9568.5	78.46591758000001
9568.75	84.64198996
9569.0	93.67901234
9569.25	104.90191761999999
9569.5	117.18911839999998
9569.75	126.27627602
9570.0	136.26444374
9570.25	151.32708259999998
9570.5	165.850882
9570.75	177.5984926
9571.0	191.5469612
9571.25	202.12397359999997
9571.5	202.0946858
9571.75	215.44815979999998
9572.0	220.77712219999998
9572.25	234.73774659999998
9572.5	239.65010039999999
9572.75	247.1374182
9573.0	253.3148318
9573.25	271.0608218
9573.5	275.316858
9573.75	282.9582672
9574.0	276.7237968
9574.25	279.82550060000005
9574.5	266.96729259999995
9574.75	255.4226162
9575.0	241.18303799999998
9575.25	226.22463540000004
9575.5	201.51052080000002
9575.75	180.5002232
9576.0	162.66059959999998
9576.25	146.4827224
9576.5	135.8510262
9576.75	125.1414127
9577.0	112.69135806
9577.25	105.48733572
9577.5	94.91414588
9577.75	92.14231092
9578.0	89.64422031999999
9578.25	83.80955522
9578.5	80.99326646
9578.75	74.96296298
9579.0	70.37346821999999
9579.25	62.816059960000004
9579.5	62.56556069999999
9579.75	55.30527745999999
9580.0	54.81708458000001
9580.25	48.49251199999999
9580.5	45.3307734
9580.75	42.81893718
9581.0	37.775937799999994
9581.25	36.88475642000001
9581.5	30.961804900000004
9581.75	33.0379543
9582.0	28.98457018
9582.25	28.200275020000003
9582.5	26.861125580000003
9582.75	27.407407420000006
9583.0	24.39506174
9583.25	25.33333334
9583.5	21.037940120000002
9583.75	21.62962962
9584.0	20.14716074
9584.25	18.222661860000002
9584.5	17.62760652
9584.75	16.098765438
9585.0	13.727736801999999
9585.25	15.406371240000002
9585.5	15.30872774
9585.75	13.629300747999997
9586.0	13.925304238
9586.25	13.332967886
9586.5	11.209633048
9586.75	11.407078276
9587.0	9.876872664
9587.25	9.579783884
9587.5	9.53070589
9587.75	9.629642061999999
9588.0	8.887475042
9588.25	9.03711041
9588.5	8.344825696000001
9588.75	7.901137202000001
9589.0	7.3585369379999985
9589.25	7.012102004000001
9589.5	6.962706969999999
9589.75	6.96336544
9590.0	8.198872852
9590.25	6.3205123599999995
9590.5	6.271446641999999
9590.75	4.74076527
9591.0	6.271836808000001
9591.25	6.419753088
9591.5	5.877116434
9591.75	5.283914311999999
9592.0	5.43237928
9592.25	4.938527724
9592.5	4.887657774
9592.75	4.3453745
9593.0	4.740533504
9593.25	4.592226962
9593.5	3.7037036999999997
9593.75	4.394659647999999
9594.0	5.136290398
9594.25	3.7526475679999995
9594.5	3.7036916
9594.75	3.802310662
9595.0	3.8518031600000002
9595.25	3.9010273319999995
9595.5	4.395061728
9595.75	3.308300646
9596.0	3.7535010899999994
9596.25	3.1604695119999997
9596.5	3.998951894
9596.75	3.358097962
9597.0	3.110586947
9597.25	3.1602987799999998
9597.5	3.2099009819999997
9597.75	2.715890908
9598.0	2.765163912
9598.25	2.814461296
9598.5	3.06199671
9598.75	2.4691357999999997
9599.0	2.222197888
9599.25	2.518884404
9599.5	2.765529666
9599.75	3.2101204662000002
9600.0	2.9135802440000003
9600.25	2.4688677180000003
9600.5	2.7651029597999996
9600.75	2.468879806
9601.0	2.370346042
9601.25	2.864051246
9601.5	2.2717756840000005
9601.75	2.2718854522000003
9602.0	2.36983407
9602.25	1.6790124052
9602.5	2.1730346799999998
9602.75	1.678939238
9603.0	2.123566658
9603.25	2.4197530840000003
9603.5	2.5675599772
9603.75	1.777777776
9604.0	2.222466146
9604.25	2.913580396
9604.5	1.9259259242
9604.75	1.5308520296
9605.0	2.4690138979999996
9605.25	1.6297150021999998
9605.5	2.41947271
9605.75	2.2713611919999996
9606.0	1.7777777762
9606.25	2.419923868
9606.5	2.0741107714
9606.75	1.6296296282
9607.0	1.9748698691999997
9607.25	1.7285414162
9607.5	2.2222710052
9607.75	2.617283948
9608.0	2.419643452
9608.25	2.1726078901999997
9608.5	1.4320500212
9608.75	2.4691358
9609.0	1.8272337060000001
9609.25	2.024727988
9609.5	1.8270020201999997
9609.75	1.9259137760000002
9610.0	1.9259747461999996
9610.25	2.1231642219999998
9610.5	1.975223308
9610.75	2.3206586479999998
9611.0	1.5307666986000001
9611.25	1.1358024684
9611.5	1.7778144419999997
9611.75	1.4815424919999998
9612.0	1.6791830932
9612.25	1.6296906102000002
9612.5	1.530778864
9612.75	1.5802956974
9613.0	1.3334065104
9613.25	1.629800376
9613.5	1.4321841496
9613.75	1.7776680641999998
9614.0	1.6295930574
9614.25	2.22222222
9614.5	2.0741960361999996
9614.75	1.975467192
9615.0	1.6790001772
9615.25	2.172729824
9615.5	1.5308641964
9615.75	1.3826794885999998
9616.0	1.5309008454000002
9616.25	1.4320500034
9616.5	1.5308764342
9616.75	1.6296784132000002
9617.0	1.9257918319999998
9617.25	1.5805030342000002
9617.5	1.4815180876
9617.75	1.3333089823999997
9618.0	1.6791587
9618.25	1.6788904719999997
9618.5	1.4813717682
9618.75	1.4322329242
9619.0	1.6295930574
9619.25	2.02477673
9619.5	1.4321719422
9619.75	1.3333212194
9620.0	1.925925924
9620.25	1.925864972
9620.5	1.3825819564
9620.75	1.4319768612
9621.0	1.5306691523999998
9621.25	1.5307910541999998
9621.5	1.283865314
9621.75	1.925840646
9622.0	1.5803688936
9622.25	1.4320744144
9622.5	1.0369395739999998
9622.75	1.1851242324
9623.0	0.9877396946000001
9623.25	1.4319647251999998
9623.5	1.3333577248000001
9623.75	1.3334552952
9624.0	1.2344825994
9624.25	1.4320987644
9624.5	1.6296906099999997
9624.75	1.974967344
9625.0	1.7282243962
9625.25	1.4813108402
9625.5	1.333333332
9625.75	1.4321475495999998
9626.0	1.5307666742000001
9626.25	1.975125786
9626.5	0.8889864586
9626.75	1.925938162
9627.0	1.0864685374
9627.25	1.3827160484
9627.5	1.3826307394
9627.75	1.4816400322
9628.0	1.0862978483999999
9628.25	1.382642906
9628.5	1.5801006302
9628.75	1.48146946
9629.0	1.4321475492000002
9629.25	1.728078156
9629.5	1.4814814803999998
9629.75	1.5309008092
9630.0	1.503106386
9630.25	1.54802527
9630.5	1.42319853
9630.75	1.443158976
9631.0	1.573035454
9631.25	1.388260056
9631.5	1.588006004
9631.75	1.4831384619999999
9632.0	1.36828328
9632.25	1.45315422
9632.5	1.4531675620000002
9632.75	1.4232004
9633.0	1.463149714
9633.25	1.6029890220000003
9633.5	1.428193286
9633.75	1.368267942
9634.0	1.558020642
9634.25	1.503103516
9634.5	1.328319626
9634.75	1.5730037854
9635.0	1.428200766
9635.25	1.538059074
9635.5	1.398216898
9635.75	1.647931598
9636.0	1.667882688
9636.25	1.3532895379999998
9636.5	1.568035214
9636.75	1.38325171
9637.0	1.398230862
9637.25	1.458155084
9637.5	1.508082688
9637.75	1.5130783180000003
9638.0	1.568016262
9638.25	1.3383050220000001
9638.5	1.6678819399999998
9638.75	1.298363934
9639.0	1.5480573119999999
9639.25	1.498091184
9639.5	1.5680185039999999
9639.75	1.43818579
9640.0	1.2034743114000002
9640.25	1.56303946
9640.5	1.3632695700000002
9640.75	1.45316058
9641.0	1.40821364
9641.25	1.423201522
9641.5	1.3932447140000002
9641.75	1.4182302080000002
9642.0	1.2933676840000001
9642.25	1.2584014044
9642.5	1.3832447296
9642.75	1.473136982
9643.0	1.428200268
9643.25	1.458154086
9643.5	1.5080895460000001
9643.75	1.498098788
9644.0	1.403233476
9644.25	1.4981053979999999
9644.5	1.5080856799999998
9644.75	1.523072564
9645.0	1.488126484
9645.25	1.418205646
9645.5	1.3832408628
9645.75	1.553029752
9646.0	1.647915012
9646.25	1.4881262359999998
9646.5	1.533074668
9646.75	1.597968582
9647.0	1.488124862
9647.25	1.6029875260000002
9647.5	1.523065582
9647.75	1.4831094100000002
9648.0	1.588005008
9648.25	1.5480521996
9648.5	1.802710656
9648.75	1.6778946439999998
9649.0	1.6579275900000003
9649.25	1.8526649419999999
9649.5	1.9275487439999999
9649.75	1.9325360159999998
9650.0	1.9974658399999998
9650.25	2.10733425
9650.5	2.2421412700000003
9650.75	2.327044254
9651.0	2.267149834
9651.25	2.5717479859999997
9651.5	2.7615200119999996
9651.75	2.8813486260000003
9652.0	2.9262680100000003
9652.25	3.505600398
9652.5	3.3857207860000003
9652.75	3.365741016
9653.0	3.725278234
9653.25	3.7801907459999997
9653.5	3.83515649
9653.75	4.099795855999999
9654.0	4.109840975999999
9654.25	4.359550562
9654.5	4.329556722
9654.75	4.474355872
9655.0	4.0848452559999995
9655.25	4.384464738
9655.5	3.9249847840000003
9655.75	3.939993112
9656.0	3.625433502
9656.25	3.6403368479999996
9656.5	3.7552808059999996
9656.75	3.43064366
9657.0	3.2958271580000003
9657.25	3.210949858
9657.5	2.9662314100000002
9657.75	2.956264718
9658.0	2.6566523440000003
9658.25	2.6316667239999996
9658.5	2.571732902
9658.75	2.561738904
9659.0	2.31204802
9659.25	2.042413154
9659.5	2.047400176
9659.75	2.12728833
9660.0	1.90759254
9660.25	1.9075866820000003
9660.5	1.8426617159999998
9660.75	1.647921372
9661.0	1.6628798280000001
9661.25	1.6379369719999999
9661.5	1.762753864
9661.75	1.578014498
9662.0	1.8526840219999996
9662.25	1.6429138980000002
9662.5	1.722837466
9662.75	1.822665492
9663.0	1.6578936739999999
9663.25	1.7078305100000002
9663.5	1.672867092
9663.75	1.642929736
9664.0	1.52305785
9664.25	1.6628969120000001
9664.5	1.737792928
9664.75	1.677884792
9665.0	1.8276868019999999
9665.25	1.5630247460000002
9665.5	1.573018248
9665.75	1.63790842
9666.0	1.60296284
9666.25	1.5580198900000002
9666.5	1.4331810567999999
9666.75	1.7078566899999998
9667.0	1.42818755
9667.25	1.5879997680000002
9667.5	1.2284447184
9667.75	1.2883853980000002
9668.0	1.178508886
9668.25	1.0985880641999999
9668.5	1.2184585780000001
9668.75	1.2334400980000002
9669.0	1.203479797
9669.25	1.0686480854
9669.5	1.1185842924
9669.75	1.0286941557999998
9670.0	1.1385605704000001
9670.25	1.0536740432
9670.5	1.0137310897999998
9670.75	0.9787714168000001
9671.0	1.0386876598
9671.25	0.8589167412000001
9671.5	0.9188333554
9671.75	1.0336864208
9672.0	0.8639116218
9672.25	0.8988638104
9672.5	0.8239613092000001
9672.75	1.0836274875999998
9673.0	0.9787671778
9673.25	0.9937363577999999
9673.5	1.13355983
9673.75	0.97376731
9674.0	0.9737683088000001
9674.25	0.9088696549999999
9674.5	1.0536680582
9674.75	0.993741842
9675.0	1.1085927865999998
9675.25	0.9937483276
9675.5	0.9937545602
9675.75	1.0486673190000002
9676.0	0.9637854059999998
9676.25	1.0936323368
9676.5	1.0986144986
9676.75	0.963780543
9677.0	1.1185935184000002
9677.25	1.0187071412
9677.5	1.0187060190000001
9677.75	1.0936198678
9678.0	1.0486743006
9678.25	1.0586563298
9678.5	1.0586666796
9678.75	1.1785101340000002
9679.0	1.1036050108
9679.25	1.1685242390000001
9679.5	0.948798397
9679.75	1.0686463378000002
9680.0	1.0286995190000001
9680.25	1.0087345862
9680.5	1.0137133826
9680.75	1.0986041504
9681.0	0.8838820392000001
9681.25	0.903861933
9681.5	0.9438065099999999
9681.75	0.9388086382
9682.0	0.9737737938000001
9682.25	0.8988722898000001
9682.5	1.0536713020000001
9682.75	0.9487950312000001
9683.0	0.9537879157999999
9683.25	0.973768185
9683.5	0.8339536884
9683.75	0.8239652992
9684.0	0.833946207
9684.25	0.9288234888
9684.5	0.8639158598
9684.75	0.8888759221999999
9685.0	0.8539241059999998
9685.25	1.0286940346000002
9685.5	1.0137138818
9685.75	0.8439269894000001
9686.0	0.7989988792
9686.25	0.7340659385999999
9686.5	0.9238398324
9686.75	0.8539247286
9687.0	0.8838730626
9687.25	0.863898779
9687.5	0.9587962621999999
9687.75	0.9537889117999999
9688.0	0.8539076478000001
9688.25	0.898861692
9688.5	0.9538036248000001
9688.75	0.8638996518
9689.0	0.868909369
9689.25	0.9887540704000001
9689.5	0.9038527071999999
9689.75	0.953789038
9690.0	0.8239532049999999
9690.25	0.7640301065999999
9690.5	0.8639128674000001
9690.75	0.9288204972
9691.0	0.7840052622000001
9691.25	0.8489261086000001
9691.5	0.8439354682000001
9691.75	0.7890011396
9692.0	0.9737671862000001
9692.25	0.8938688064000001
9692.5	0.9637799202
9692.75	0.7690234902
9693.0	0.8339521918000001
9693.25	0.8639121191999999
9693.5	0.808984774
9693.75	0.8189605696
9694.0	0.9288302238
9694.25	0.8788886554000002
9694.5	0.8938690562000001
9694.75	0.8539187439999999
9695.0	0.8239451007999999
9695.25	0.9238415767999999
9695.5	0.8888746747999999
9695.75	0.7939950222000001
9696.0	0.8189650580000001
9696.25	0.8738915302000001
9696.5	0.8489377048
9696.75	0.9587866603999998
9697.0	0.8339407204
9697.25	0.7840193522000001
9697.5	1.0087337146
9697.75	0.9138422178000001
9698.0	0.7640326000000001
9698.25	0.793996768
9698.5	0.7790303322
9698.75	0.8938691806000001
9699.0	0.7790191102
9699.25	0.7690233651999999
9699.5	0.8689038830000001
9699.75	0.7740252277999999
9700.0	0.9737741677999999
