Energy_(eV)	counts
9548.864050379241	0.0017719564933764524
9549.111656788291	0.0015033526306079126
9549.35926788952	0.0015224418156209569
9549.606883653623	0.0018870743606856939
9549.854504051598	0.0015797615328840945
9550.102129054732	0.002040726061998824
9550.34975863461	0.001887050670653226
9550.597392763097	0.001752725103649871
9550.84503141235	0.0019254801794317703
9551.092674554795	0.0020406929452363464
9551.340322163143	0.0019444224996136553
9551.58797421037	0.001983496543469363
9551.83563066972	0.0017337354158403937
9552.083291514711	0.0024821798259751972
9552.330956719105	0.0024051312314129756
9552.578626256933	0.0021558440567908503
9552.826300102473	0.002194264106968689
9553.07397823026	0.0022517781406426562
9553.321660615069	0.00225185388562703
9553.569347231916	0.0025587640302940423
9553.817038056068	0.002654915928587636
9554.064733063018	0.002328731849924222
9554.312432228497	0.0029237425581931874
9554.560135528467	0.0025203392111718148
9554.807842939115	0.003096625610366196
9555.055554436858	0.0023671376756663033
9555.303269998327	0.0027510490659239622
9555.550989600371	0.0025396368802860585
9555.798713220067	0.0030964219853801336
9556.046440834689	0.003307469039336674
9556.294172421736	0.0033269942131389577
9556.541907958905	0.003249841347764776
9556.789647424093	0.003556808369186798
9557.03739079542	0.00369135681729527
9557.28513805118	0.00403722708751315
9557.532889169885	0.004056211949632853
9557.780644130225	0.0038065219263039877
9558.028402911097	0.004977184192045758
9558.276165491574	0.004286357765357919
9558.523931850928	0.004843005346066764
9558.77170196861	0.006033472280732036
9559.019475824254	0.005150067098857301
9559.267253397677	0.005361488760974592
9559.51503466887	0.005476066346139947
9559.762819618005	0.0059372442565603836
9560.010608225424	0.005841106799578747
9560.258400471641	0.006723782080328425
9560.506196337343	0.00699199697291233
9560.753995803385	0.007933129219966419
9561.001798850779	0.007740418003948285
9561.249605460713	0.009390181775260182
9561.497415614527	0.00931388597197875
9561.745229293725	0.009755737826600152
9561.993046479969	0.010753649312107974
9562.240867155071	0.010504727174332458
9562.488691301009	0.012155665411885211
9562.736518899903	0.012636421141056378
9562.984349934024	0.013577174025774677
9563.2321843858	0.014268801577597119
9563.4800222378	0.014535039942895367
9563.727863472732	0.015322610649280631
9563.975708073458	0.015092260708743711
9564.223556022982	0.016303527995628814
9564.47140730444	0.018182403476524753
9564.719261901111	0.017856252952262886
9564.967119796414	0.018874902925082936
9565.2149809739	0.020448859261002848
9565.462845417256	0.020793601563548002
9565.710713110297	0.022634346617272642
9565.958584036973	0.025016166376906467
9566.206458181363	0.025879937251165146
9566.454335527675	0.029849533599864284
9566.70221606024	0.03242133587648503
9566.950099763519	0.03606595092793166
9567.197986622094	0.041793677811792246
9567.445876620666	0.044533059068555356
9567.693769744066	0.04981790845993064
9567.941665977236	0.05701759720500598
9568.189565305242	0.05995739816529465
9568.43746771326	0.06633846504350178
9568.685373186596	0.0715428847147112
9568.933281710653	0.07625217151371823
9569.18119327096	0.08130725124442396
9569.429107853153	0.08286212626817006
9569.67702544298	0.08519022013417347
9569.924946026298	0.08888249996469917
9570.172869589074	0.09112507254919765
9570.42079611738	0.09570086862708696
9570.668725597394	0.10150959408417026
9570.916658015405	0.10384480576485748
9571.1645933578	0.10717185869059948
9571.41253161107	0.10926410886209006
9571.66047276181	0.11433672136226448
9571.908416796712	0.11476875134466019
9572.156363702572	0.1140143316267703
9572.404313466279	0.11032969508874538
9572.652266074829	0.1081851904236985
9572.900221515301	0.09977103401417943
9573.148179774886	0.09357425407197092
9573.396140840854	0.08611142433462118
9573.64410470058	0.0786901214145551
9573.892071341525	0.06906137596765395
9574.140040751245	0.06563123004650252
9574.388012917383	0.06055207099443666
9574.63598782768	0.05552521284276981
9574.883965469955	0.0486615755101881
9575.131945832127	0.04516823889157581
9575.37992890219	0.04321586901825657
9575.627914668234	0.039949501255776274
9575.875903118433	0.03576666007790866
9576.123894241035	0.03455579302477856
9576.371888024389	0.03497953098276982
9576.619884456912	0.030522417746623905
9576.867883527111	0.02963968445343417
9577.115885223577	0.028741057648364363
9577.363889534969	0.027276984833809876
9577.611896450038	0.023900994765297886
9577.859905957612	0.02225541303562138
9578.107918046588	0.020579868374263417
9578.35593270595	0.020887801049012795
9578.603949924756	0.018336690425327835
9578.851969692143	0.01654888641436465
9579.099991997315	0.015417957168867708
9579.348016829557	0.014881242273117512
9579.596044178224	0.013114811458264005
9579.84407403275	0.012749638438276535
9580.092106382637	0.012118842849250869
9580.340141217455	0.012040102369252941
9580.588178526848	0.010887970435869908
9580.836218300537	0.01025636402524471
9581.084260528301	0.009143130672766571
9581.332305199998	0.009046315170614267
9581.580352305547	0.008605207543384442
9581.82840183494	0.008336589323256023
9582.07645377823	0.006742828210363179
9582.324508125546	0.006838804852476818
9582.57256486707	0.006666585545637318
9582.82062399306	0.006474357186210224
9583.068685493836	0.005438229216433234
9583.31674935978	0.005936722968573977
9583.56481558133	0.005150195233047222
9583.812884149007	0.004631612146035665
9584.060955053377	0.005092595863641387
9584.30902828507	0.004651047309219111
9584.557103834783	0.004707931096770399
9584.80518169327	0.0038260993221849973
9585.053261851344	0.0036718836160474833
9585.30134429988	0.003729705624030211
9585.549429029808	0.003518994906192532
9585.797516032128	0.0035953941594211673
9586.045605297877	0.003364954511425689
9586.293696818173	0.00288539829886243
9586.54179058417	0.0028658731281694843
9586.78988658709	0.0030959479546398853
9587.037984818211	0.002884952921432551
9587.286085268865	0.002731789270856573
9587.534187930432	0.002578417199143453
9587.782292794354	0.0030962464446959172
9588.030399852129	0.002462848984907758
9588.2785090953	0.002309528934721179
9588.52662051547	0.0023671518985473932
9588.774734104289	0.002309320418749282
9589.022849853462	0.0017721270218107224
9589.270967754745	0.0017338397014217005
9589.519087799947	0.0014266736646045249
9589.76720998093	0.001829674219664543
9590.015334289596	0.0015993245418665307
9590.263460717904	0.001311280935084995
9590.511589257867	0.0016569095391431381
9590.759719901536	0.0013881351689283474
9591.007852641022	0.0015031583149744177
9591.25598746847	0.0015608902276088973
9591.504124376088	0.0012154890450640499
9591.752263356122	0.0014262993425027046
9592.000404400867	0.0012347203912599243
9592.248547502668	0.0012922059006609734
9592.49669265391	0.0012155458977217042
9592.744839847026	0.0011770358066090008
9592.992989074497	0.0014267684698197741
9593.241140328848	0.0011577665358395576
9593.489293602644	0.0009659080692648736
9593.737448888503	0.001119256515464252
9593.98560617908	0.0010235167915539818
9594.233765467072	0.0007355300047820704
9594.48192674523	0.0007547281525953929
9594.730090006331	0.0009083372264639595
9594.978255243213	0.0011770168482088867
9595.226422448739	0.0011768367826631729
9595.474591615828	0.0009083561584347156
9595.722762737432	0.0008314876574022333
9595.970935806547	0.0007738505025656258
9596.219110816204	0.0007354588864899541
9596.46728775949	0.0007739547679362472
9596.71546662951	0.0008314071131574421
9596.963647419427	0.00096586543404697
9597.211830122433	0.0006780776223265751
9597.460014731767	0.0005821294504611374
9597.708201240697	0.0004284871445514543
9597.95638964254	0.0007163554731544822
9598.204579930647	0.0007740068664188599
9598.452772098404	0.0007356674024618506
9598.700966139239	0.0005627938384282405
9598.94916204661	0.0009082140843132988
9599.197359814023	0.00044761898017361637
9599.445559435013	0.00046692142515052316
9599.693760903152	0.0008315208301327621
9599.941964212048	0.0006585904266561762
9600.190169355352	0.0006971478263190844
9600.43837632674	0.0005628316969284148
9600.686585119935	0.0009850067105466205
9600.934795728677	0.0006013181101350612
9601.183008146761	0.0007355963743404836
9601.431222368003	0.0007930723512940931
9601.679438386262	0.0005820204133477243
9601.927656195421	0.0005818877418589604
9602.175875789408	0.0004476805941577861
9602.424097162173	0.0004092226371295946
9602.672320307713	0.0005051850656901528
9602.920545220042	0.00044749105500882074
9603.168771893219	0.000505170851748405
9603.41700032133	0.00039004815595098595
9603.665230498491	0.0004668977662114166
9603.91346241886	0.0005243880119088244
9604.161696076611	0.0003900955870090366
9604.409931465965	0.0006394680797952797
9604.658168581167	0.0006588036276203842
9604.906407416494	0.0005819872476132018
9605.154647966247	0.0006780112884477947
9605.402890224768	0.0006779638687388213
9605.651134186426	0.0003132791607504783
9605.899379845616	0.00033250576676332403
9606.147627196771	0.0003708926353490266
9606.395876234343	0.00037079786713487835
9606.644126952822	0.0005244306517907325
9606.892379346726	0.00033249154598103667
9607.140633410596	0.0003708879072146751
9607.388889139009	0.0003901002944663022
9607.637146526562	0.0004669119548898079
9607.885405567893	0.0004668313647823077
9608.133666257656	0.000485996370181129
9608.38192859054	0.00023660021456910923
9608.630192561259	0.0003324489137947358
9608.878458164556	0.0003132838985237718
9609.126725395197	0.0004668361026333346
9609.374994247983	0.0006011901356095535
9609.623264717735	0.00027496339141220834
9609.871536799305	0.0004285393205342716
9610.119810487564	0.00021727409798255089
9610.368085777422	0.00033243942876467336
9610.616362663804	0.00042851084601073326
9610.86464114167	0.00035168498610389337
9611.112921205995	0.0003132744415554686
9611.361202851791	0.00023654808592593542
9611.609486074085	0.0004859916487318508
9611.857770867937	0.0001981801664123383
9612.106057228428	0.0003325436796768818
9612.354345150668	0.0002750202658352162
9612.602634629786	0.00033247733678102675
9612.85092566094	0.00025567992349143277
9613.099218239313	0.0002749302094314043
9613.347512360102	0.00033251999430841764
9613.595808018546	0.0002557462450106015
9613.84410520989	0.00033257216127416004
9614.092403929417	0.0002557557257653266
9614.34070417242	0.00044769953911002135
9614.589005934231	0.00012134956593380226
9614.837309210194	0.0005436761858876643
9615.085613995674	0.0004668692847696053
9615.33392028607	0.0004666845161974301
9615.58222807679	0.0001981706928090865
9615.830537363277	0.00019820861279638412
9616.078848140993	0.0005436572484755696
9616.327160405415	0.00033255791002037794
9616.575474152054	0.0005820251302107317
9616.823789376433	0.00031324599493822255
9617.0721060741	0.0003900671315301824
9617.32042424063	0.00010217983170102878
9617.568743871609	0.00023655283069523534
9617.817064962652	0.0003516660273151123
9618.065387509394	0.00035167551016863935
9618.313711507488	0.00015974117034946313
9618.562036952615	0.00010217034667096641
9618.810363840468	0.0001213590416358561
9619.058692166765	0.00012131640004381322
9619.307021927252	0.00035174187692864974
9619.555353117677	0.00023649595168595647
9619.803685733821	0.00037086425169583853
9620.052019771489	0.0001406140869590077
9620.300355226495	0.00014061882768617054
9620.548692094679	0.00037093054624151594
9620.7970303719	0.00025573676456681004
9621.045370054037	0.00017895357205950345
9621.293711136987	2.5444007054514693e-05
9621.542053616666	0.0002557604823501041
9621.79039748901	0.00048608166549162613
9622.038742749979	0.0001789061755928179
9622.28708939554	0.00033243942814280617
9622.535437421693	0.0003517228920214448
9622.783786824442	0.00023651017270144407
9623.032137599826	0.0003708973758429892
9623.28048974389	0.00010221301352636589
9623.528843252701	0.0002556420057584039
9623.777198122345	0.00019810434727029558
9624.025554348926	0.0004476663874452452
9624.27391192856	0.0001981470098503578
9624.522270857397	0.00015971748078339503
9624.770631131585	0.00035168024094592634
9625.018992747302	0.00015976959815522517
9625.267355700742	0.00015975538429121092
9625.515719988114	0.00017903413573764585
9625.764085605646	0.0004285724700225123
9626.012452549576	0.00014057616487290824
9626.260820816173	0.0004283829210014045
9626.509190401714	0.00021729306641027414
9626.75756130249	0.00012143961526387441
9627.005933514818	0.00015974117011626296
9627.254307035026	0.0002365007015079276
9627.50268185946	0.00035164233774904416
9627.751057984473	0.000274972860584656
9627.999435406457	0.00044766162137699225
9628.247814121796	0.0002803164759093001
9628.496194126905	0.0002376180770714446
9628.744575418208	0.0002570200916217182
9628.992957992152	0.00024537710924845514
9629.24134184519	0.0002842034796291629
9629.4897269738	0.0002686654488282335
9629.738113374473	0.0002162553335395189
9629.986501043708	0.00024149262634517887
9630.23488997803	0.00023567077055001174
9630.483280173976	0.00019879379064558793
9630.731671628097	0.00020656014165586735
9630.980064336956	0.00020462373926553618
9631.22845829714	0.00022208208210838874
9631.476853505244	0.0002783675222170181
9631.72524995788	0.0002609017161899639
9631.973647651672	0.00026477796005192436
9632.222046583262	0.00024343881677038446
9632.470446749305	0.00023567009271472132
9632.718848146476	0.00025507690497074355
9632.967250771455	0.00027643567531514604
9633.215654620943	0.0003016575090453791
9633.464059691654	0.0002822582571403147
9633.712465980316	0.00033854645911681906
9633.96087348367	0.00024731869606822395
9634.209282198466	0.00025119523298512084
9634.457692121485	0.00028614118918443023
9634.706103249502	0.00021238412789046157
9634.954515579318	0.0002725466847294547
9635.202929107742	0.00027642937424534724
9635.451343831599	0.00027254745973150145
9635.699759747731	0.0002609131041337775
9635.948176852988	0.0002628393783278543
9636.196595144233	0.00023567077132734577
9636.445014618339	0.0002609017643846749
9636.693435272211	0.00023567377650077814
9636.941857102742	0.00026478304925794136
9637.190280106854	0.00027448807884811313
9637.43870428148	0.00027643499670252156
9637.687129623562	0.00033077138672944686
9637.935556130056	0.00023179350838044743
9638.18398379793	0.000266726429465094
9638.432412624164	0.00021820535241264785
9638.680842605758	0.0002570220295155017
9638.929273739717	0.0002764292296612141
9639.17770602306	0.00031136714200778753
9639.426139452817	0.00023373238160478578
9639.674574026036	0.00029195034878257977
9639.923009739769	0.00032300702367326365
9640.171446591092	0.0002686624428774671
9640.419884577077	0.00030166516656309297
9640.668323694823	0.0002647834861196765
9640.91676394143	0.0002453769156145435
9641.165205314019	0.0002783735317865487
9641.413647809715	0.00032494822345840974
9641.66209142566	0.0003055450452390652
9641.910536159005	0.0003249548136964747
9642.158982006918	0.00030555037541863723
9642.407428966568	0.0002570168936694418
9642.655877035144	0.0003016574111012891
9642.904326209842	0.0003210685375612815
9643.152776487876	0.00030360171322662345
9643.401227866463	0.00038706205985089207
9643.649680342838	0.00038511838892080506
9643.898133914237	0.000381245439400543
9644.146588577927	0.000420063909035713
9644.395044331162	0.00043169569709907406
9644.643501171224	0.00039093811015667443
9644.891959095394	0.00038705522630726977
9645.140418100978	0.0004103396412051697
9645.38887818528	0.0004996415653667553
9645.637339345623	0.0004549930989169259
9645.885801579332	0.0003521197858829714
9646.134264883754	0.0003598868618349847
9646.38272925624	0.0003967698987263158
9646.631194694144	0.0004006490039549098
9646.87966119485	0.00044916988745117767
9647.128128755732	0.0004452988758246991
9647.376597374187	0.00040258288669465543
9647.625067047618	0.00046469003645965064
9647.87353777344	0.00042975459448068405
9648.122009549075	0.00043170645617964236
9648.370482371962	0.0005073894030783967
9648.618956239534	0.0005539776156987011
9648.867431149256	0.0005403881017283183
9649.115907098587	0.0004841029538972915
9649.364384085	0.000666549804169164
9649.612862105982	0.0006781858077150708
9649.861341159027	0.0006607141374799532
9650.109821241633	0.0007111943458593812
9650.35830235132	0.0007247720326922127
9650.606784485606	0.0006083190451822641
9650.855267642022	0.000623844427203553
9651.103751818113	0.0006743051050650071
9651.35223701143	0.0006141450185158874
9651.600723219535	0.0005694976667630838
9651.849210439988	0.000744181656565489
9652.09769867038	0.0007558217792045204
9652.346187908299	0.0007422533473108729
9652.594678151338	0.0008625686713993164
9652.843169397103	0.0009208100433279829
9653.091661643211	0.0010896494986143502
9653.340154887292	0.0011478762348975475
9653.588649126978	0.001415725406580881
9653.837144359906	0.0014739714316311635
9654.085640583737	0.001479764597581261
9654.334137796126	0.0017282130614128565
9654.582635994746	0.0018951492127262865
9654.831135177275	0.0018699246186828463
9655.079635341399	0.0018504889719976212
9655.328136484815	0.0019766563901757266
9655.576638605227	0.0018912457341885949
9655.82514170035	0.0017010318071873757
9656.073645767907	0.0016796914526639208
9656.322150805625	0.001619523952679979
9656.570656811245	0.0014409696298637196
9656.819163782515	0.0012701694450515662
9657.067671717186	0.0010683128752943293
9657.316180613028	0.0009246874524136826
9657.564690467812	0.0008645241189402414
9657.813201279318	0.0007480673512548139
9658.061713045332	0.0006665537289287756
9658.310225763655	0.0005772686200573319
9658.558739432092	0.0005850214987802795
9658.807254048455	0.0005481373464145882
9659.055769610564	0.00044915370180161545
9659.30428611625	0.00039289743426250027
9659.552803563352	0.00038123317773325875
9659.801321949712	0.00043170849046284785
9660.049841273185	0.00036377793567592636
9660.298361531633	0.0003734795255629327
9660.546882722922	0.00035600417231909225
9660.795404844932	0.00028031778416250406
9661.043927895542	0.00027060955662005587
9661.292451872647	0.0003133089722108471
9661.54097677415	0.0003074882318900399
9661.78950259795	0.0002841903465704099
9662.03802934197	0.00029389959164312796
9662.286557004127	0.00030941373108207007
9662.535085582354	0.00027448807838171267
9662.783615074592	0.00030749109092467107
9663.032145478777	0.00027838021919136965
9663.280676792863	0.0002434346978327272
9663.529209014812	0.0002259609448087594
9663.777742142593	0.0002667302568247497
9664.026276174174	0.00022791236809131414
9664.27481110754	0.0002395546734843542
9664.52334694068	0.00020850274499537177
9664.771883671587	0.00021820733857887576
9665.02042129827	0.00021432101479310528
9665.268959818728	0.00026089376794931574
9665.517499230988	0.0002279118363948248
9665.76603953307	0.00019879626256786285
9666.014580723002	0.00018908992449128686
9666.263122798828	0.00015026752970783775
9666.511665758586	0.00017938964542268688
9666.760209600336	0.00018131911756904002
9667.00875432213	0.00017549663213329352
9667.257299922036	0.00017550758438137279
9667.505846398124	0.0001211648461782053
9667.754393748475	0.00013280729537804448
9668.002941971174	0.00012116276276748796
9668.251491064313	0.0001502723748309634
9668.50004102599	0.00012115835279596281
9668.748591854317	0.00011727852184830124
9668.997143547398	0.000138627016847114
9669.245696103357	0.00010951134764126426
9669.494249520316	0.00013086493277889488
9669.742803796405	0.00011728016925235062
9669.991358929772	0.00010369254653570834
9670.23991491855	7.457396823491475e-05
9670.488471760895	8.428079051286971e-05
9670.73702945497	0.0001017523644362988
9670.985587998928	0.00019297329207566987
9671.23414739095	0.00013668383128440697
9671.482707629202	0.00011727590479775941
9671.731268711876	0.00010563190458329292
9671.97983063715	9.98075299148743e-05
9672.228393403231	0.00013475111229146577
9672.476957008315	0.00014444494827133616
9672.725521450608	0.00013280855543653736
9672.974086728325	0.0001347407885179649
9673.222652839688	0.0001871516319354829
9673.471219782918	0.0001755001696250824
9673.719787556247	0.0001289247025625077
9673.968356157915	0.00014639075088458494
9674.216925586166	9.204195608317688e-05
9674.465495839246	0.00015027387687354565
9674.714066915416	0.00012504007313176332
9674.962638812933	0.00015027222931402945
9675.211211530068	0.00014251145357674764
9675.459785065086	9.981116480661955e-05
9675.708359416274	0.0001114563279905563
9675.956934581915	6.487330057702386e-05
9676.205510560294	0.00012503634192832954
9676.454087349712	0.00015609897998170133
9676.70266494847	0.00014056889718821978
9676.951243354873	7.069195670977964e-05
9677.199822567238	0.00012697875349952417
9677.448402583885	6.487363957240244e-05
9677.69698340313	4.740342349608965e-05
9677.945565023309	7.651933608523008e-05
9678.194147442755	7.846160213949077e-05
9678.44273065981	2.9941154960824253e-05
9678.691314672817	0.00010951474054892002
9678.939899480132	4.5462707834589125e-05
9679.18848508011	0.00010175173339651804
9679.437071471119	0.00010369346744335582
9679.685658651517	0.000111452352859698
9679.934246619685	1.2472537705182922e-05
9680.182835373997	2.993601779329657e-05
9680.431424912838	2.0232733007130442e-05
9680.680015234599	7.846135906713378e-05
9680.928606337675	4.352577273723442e-05
9681.177198220465	8.588054335506234e-06
9681.425790881372	9.3990570158213e-05
9681.67438431881	7.069840251917835e-05
9681.922978531189	-5.35240377971041e-05
9682.171573516935	3.7699411436187575e-05
9682.420169274465	-2.4409482200012514e-05
9682.66876580222	-1.6643617178980455e-05
9682.91736309863	6.876040053084182e-05
9683.165961162136	2.4111594852433665e-05
9683.414559991186	1.63528531651571e-05
9683.663159584232	2.7651818651368267e-06
9683.911759939723	1.247026003868682e-05
9684.160361056127	1.6351205605640823e-05
9684.408962931904	1.0523971824857738e-05
9684.657565565529	8.587618173371522e-06
9684.906168955475	3.576005284446925e-05
9685.154773100225	0.00010757072984612036
9685.403377998262	-6.939023828676783e-06
9685.651983648078	-6.941059122416534e-06
9685.900590048164	1.0527218593712463e-05
9686.149197197023	3.3816721453894824e-05
9686.397805093158	-5.1577798244386556e-05
9686.64641373508	-3.0233614495674654e-05
9686.8950231213	4.9349711476718426e-05
9687.143633250338	2.9941494267136558e-05
9687.39224412072	1.0529108681451844e-05
9687.640855730968	-3.0567700085186045e-06
9687.889468079622	6.648502187609776e-06
9688.13808116521	9.010419631212994e-05
9688.386694986282	1.4413253288950106e-05
9688.63530954138	2.217223657164884e-05
9688.883924829059	-1.4705470295577266e-05
9689.13254084787	1.4411653457744365e-05
9689.381157596374	6.650440703260463e-06
9689.629775073136	2.4119687910414932e-05
9689.87839327673	8.191845297089509e-07
9690.127012205718	-2.246610191512646e-05
9690.37563185869	-3.993539723925852e-05
9690.624252234218	1.247026003868682e-05
9690.872873330898	-4.5756767356111955e-05
9691.121495147314	1.8294246895148357e-05
9691.370117682067	-1.6644101769026473e-05
9691.61874093375	1.0533470380532578e-05
9691.867364900974	-4.18748525313325e-05
9692.115989582346	2.9936357177342217e-05
9692.364614976474	-6.904665756185077e-05
9692.61324108198	-3.7987267676534937e-05
9692.861867897484	-4.9930261823151934e-06
9693.11049542161	-2.634884048079727e-05
9693.35912365299	2.7640674790446287e-06
9693.607752590256	-3.9931617452446676e-05
9693.856382232052	4.7029892867609575e-06
9694.105012577009	2.7665873628303274e-06
9694.353643623783	3.964356711178731e-05
9694.60227537102	-1.081599574170724e-05
9694.850907817376	4.704346356543221e-06
9695.09954096151	1.0524117264058272e-05
9695.348174802084	-2.4412389740288344e-05
9695.596809337765	-4.9951102926331685e-06
9695.845444567229	3.1877023866797766e-05
9696.094080489142	-4.998017755175588e-06
9696.34271710219	-2.4407979768763196e-05
9696.59135440505	-4.99990745424805e-06
9696.839992396415	-2.6346369024922807e-05
9697.088631074974	2.766635635274811e-06
9697.337270439419	-1.0820696358433154e-05
9697.585910488453	-6.935873760177778e-06
9697.834551220776	-1.2758164551478528e-05
